1958 01 01 0007 146.100 -42.200  10.0 4.61 MW TAU
1963 11 03 1200 145.800 -43.490  10.0 4.33 MW TAU
1964 11 14 1053 144.410 -39.970  33.0 4.32 MW ISC
1964 12 09 1638 146.625 -41.803  10.0 3.50 MW TAU
1967 10 06 0559 147.910 -43.630  10.0 3.28 MW TAU
1967 11 30 0544 146.450 -42.756  10.0 3.56 MW TAU
1968 01 19 0030 147.900 -43.565  10.0 3.00 MW TAU
1968 06 27 1547 147.440 -43.736  10.0 3.33 MW TAU
1969 03 10 1849 145.720 -43.300  10.0 2.84 MW TAU
1969 03 13 1128 144.750 -41.315  10.0 3.57 MW TAU
1969 08 26 1028 145.485 -42.979  10.0 2.90 MW TAU
1970 09 03 1235 146.146 -43.886  10.0 2.93 MW TAU
1970 11 10 1917 145.848 -42.549  10.0 2.84 MW TAU
1971 05 26 1158 145.014 -40.481  10.0 3.10 MW TAU
1971 06 15 2006 145.834 -40.978  10.0 3.99 MW TAU
1971 06 20 0303 145.780 -42.762  10.0 3.05 MW TAU
1971 10 22 0017 143.930 -40.900  10.0 3.25 MW TAU
1972 03 04 1625 145.407 -41.929  10.0 3.20 MW TAU
1972 07 07 1053 147.420 -42.730  10.0 2.97 MW TAU
1972 09 18 1233 144.980 -41.230  10.0 2.96 MW TAU
1972 11 19 2232 145.450 -43.570  10.0 2.98 MW TAU
1973 05 24 1545 145.550 -41.400   0.0 2.98 MW TAU
1973 06 03 1108 145.080 -42.320  10.0 3.96 MW BMR
1973 09 13 2238 144.850 -42.420   0.0 2.85 MW TAU
1974 02 10 0318 144.470 -41.530   0.0 3.07 MW TAU
1974 02 25 1001 144.760 -41.460  10.0 3.05 MW TAU
1974 05 17 0949 146.870 -40.950  10.0 2.82 MW TAU
1974 10 06 0821 144.830 -40.870   0.0 2.86 MW TAU
1974 10 22 1544 145.970 -42.350   0.0 2.85 MW TAU
1975 05 03 0909 144.000 -41.700   0.0 3.97 MW BMR
1975 05 10 1114 144.700 -40.700   0.0 2.85 MW TAU
1975 08 20 0104 145.500 -42.800   0.0 2.85 MW TAU
1975 08 31 0016 144.950 -40.530   0.0 3.32 MW BMR
1975 09 30 1306 145.300 -43.350   0.0 2.83 MW TAU
1975 11 08 0537 144.840 -40.650  10.0 3.03 MW BMR
1976 07 02 1441 147.070 -42.050   0.0 3.04 MW TAU
1976 07 11 1258 146.190 -40.800  32.0 2.91 MW BMR
1976 10 05 1746 144.330 -42.330   0.0 2.97 MW TAU
1976 10 16 1706 145.830 -42.220   0.0 2.98 MW TAU
1976 11 26 0645 145.120 -40.820   0.0 2.85 MW TAU
1976 12 21 1102 146.080 -42.980   0.0 3.19 MW TAU
1977 05 13 1845 144.580 -41.320   0.0 2.88 MW TAU
1977 06 18 1315 144.686 -40.248   6.6 2.99 MW MEL
1977 07 24 2137 144.500 -40.830   0.0 2.94 MW TAU
1977 09 24 1530 147.020 -41.500   0.0 2.98 MW TAU
1977 12 21 1102 146.080 -42.980   0.0 3.19 MW TAU
1978 04 19 1746 145.570 -43.950   0.0 2.93 MW TAU
1978 05 04 1134 145.703 -40.913   8.3 3.18 MW MEL
1978 08 25 0019 145.780 -42.980  20.0 3.19 MW TAU
1978 10 20 0052 147.880 -42.680   0.0 2.99 MW TAU
1978 10 26 2211 144.770 -42.400   0.0 2.92 MW TAU
1979 07 28 2121 144.720 -40.520   0.0 3.21 MW TAU
1979 12 06 1236 145.194 -40.788  17.2 2.83 MW MEL
1979 12 25 0817 144.614 -40.533  16.6 3.19 MW MEL
1980 01 19 2123 144.106 -39.679  13.7 2.84 MW MEL
1980 05 01 1856 145.235 -40.710   8.8 2.86 MW MEL
1980 09 15 0402 145.003 -40.701  15.8 2.90 MW MEL
1981 04 26 1944 146.230 -41.070   0.0 2.98 MW TAU
1981 07 22 0221 145.220 -40.700   0.0 2.83 MW TAU
1982 03 11 1045 147.820 -42.730   0.0 2.99 MW TAU
1982 04 01 0131 144.128 -40.678  10.6 3.79 MW MEL
1982 08 19 1048 145.359 -40.793   5.3 3.57 MW MEL
1982 09 13 1253 145.623 -40.674   2.6 2.83 MW MEL
1982 12 10 1914 144.366 -40.207  14.1 2.93 MW MEL
1983 01 21 1715 145.080 -41.150   0.0 2.85 MW TAU
1983 01 24 0138 144.820 -40.830  14.0 2.92 MW TAU
1983 03 08 2324 145.410 -43.300   0.0 2.84 MW TAU
1983 04 09 0902 144.530 -41.150   0.0 2.97 MW TAU
1983 09 29 0306 144.730 -42.250   0.0 2.85 MW TAU
1984 01 18 0319 146.170 -43.250   0.0 3.13 MW TAU
1984 02 04 1741 147.270 -42.280   0.0 2.84 MW TAU
1984 08 20 0323 145.450 -40.850   0.0 2.81 MW TAU
1984 08 27 0618 146.350 -42.930   0.0 2.83 MW TAU
1985 03 25 2327 145.150 -41.150   0.0 2.90 MW TAU
1985 07 14 1832 147.430 -43.820   0.0 2.92 MW TAU
1986 03 16 0153 144.509 -41.446  17.1 4.04 MW MEL
1986 09 12 0449 144.219 -40.025   6.0 2.96 MW MEL
1986 12 18 2141 145.830 -42.500   0.0 2.92 MW TAU
1986 12 26 0442 144.530 -41.530   0.0 2.97 MW TAU
1987 01 26 0523 146.651 -42.121  17.1 2.98 MW MEL
1988 02 23 1410 146.167 -42.767  10.0 2.85 MW TAU
1988 03 25 0307 144.700 -40.800  10.0 2.88 MW TAU
1989 05 09 1138 146.806 -43.812  11.0 3.19 MW BMR
1989 06 30 0010 144.783 -40.483  10.0 2.93 MW TAU
1989 07 31 1621 144.783 -40.751  14.0 3.73 MW MEL
1989 12 06 0922 145.933 -43.583  10.0 2.84 MW TAU
1990 01 16 0111 144.535 -41.144  14.0 3.34 MW MEL
1990 05 18 1139 146.267 -40.317  10.0 2.84 MW TAU
1991 02 20 2144 144.429 -40.432  16.0 2.85 MW MEL
1991 03 25 0146 147.300 -42.280  10.0 3.20 MW TAU
1991 07 18 0415 145.400 -41.450  10.0 2.90 MW TAU
1991 11 29 2149 146.300 -43.780  10.0 2.98 MW TAU
1992 04 19 0637 145.650 -41.100  10.0 2.82 MW TAU
1992 10 05 0955 146.433 -43.500  10.0 2.83 MW TAU
1992 12 16 0213 145.429 -40.997  10.1 3.23 MW MEL
1993 06 02 1445 144.550 -41.150  10.0 3.04 MW TAU
1993 11 02 0829 146.400 -43.367  10.0 2.84 MW TAU
1993 12 17 0116 144.583 -41.233  10.0 3.18 MW TAU
1994 07 01 2205 144.600 -40.770  10.0 2.84 MW TAU
1996 01 08 1039 145.780 -43.870   0.0 2.99 MW TAU
1996 08 07 0958 145.653 -41.021   0.0 2.86 MW AUST
1996 11 25 2034 144.342 -40.999   5.0 3.21 MW AUST
1997 05 06 0803 146.830 -41.241  14.0 2.86 MW AUST
1997 08 23 1730 146.285 -41.627  13.5 4.15 MW MEL
1998 08 24 2217 146.135 -40.892   7.0 3.20 MW AGSO
1998 11 11 1207 144.841 -41.166   0.0 2.86 MW AGSO
1999 01 26 1629 145.969 -41.279   0.0 2.86 MW AGSO
1999 04 13 0351 147.858 -42.083   0.0 3.04 MW AGSO
1999 10 29 1133 144.461 -42.033  18.2 3.26 MW MEL
2000 01 27 0521 146.395 -43.054  12.0 3.59 MW AGSO
2000 12 01 1654 144.935 -40.663   0.0 3.08 MW AGSO
2001 04 30 1504 145.560 -42.068  10.0 2.98 MW MEL
2001 06 03 0652 146.081 -43.979  10.0 3.03 MW MEL
2001 07 16 0143 146.331 -42.819  10.0 3.00 MW MEL
2002 02 07 1248 143.866 -40.814  10.0 4.40 MW MEL
2002 04 20 1212 145.550 -41.390   6.0 2.83 MW MEL
2002 06 15 2118 147.331 -42.162  13.7 4.23 MW MEL
2002 09 20 0113 145.617 -41.347   5.2 2.97 MW MEL
2002 10 03 0729 144.274 -40.971   3.7 3.15 MW MEL
2003 06 14 0138 146.373 -43.333  10.0 2.98 MW MEL
2003 08 26 0843 145.467 -41.067  12.0 2.83 MW MEL
2004 11 18 2331 146.111 -41.741  15.4 4.39 MW MEL
2005 01 14 0051 144.348 -39.745  10.0 3.07 MW MEL
2005 01 28 1024 147.028 -41.675  13.8 2.91 MW MEL
2005 04 01 1920 145.543 -42.075   4.0 2.83 MW MEL
2005 06 24 0402 145.130 -40.840  10.0 2.91 MW MEL
2005 09 25 0940 144.454 -41.323  10.0 3.56 MW MEL
2005 12 12 0016 146.089 -42.712  10.0 3.18 MW MEL
2006 01 19 1615 146.204 -40.783  10.0 3.66 MW MEL
2006 02 22 0627 146.717 -41.753  10.0 2.84 MW MEL
2006 05 09 1454 145.492 -43.769  10.0 3.18 MW MEL
2006 06 15 2218 147.049 -43.353  10.0 2.99 MW MEL
2006 09 13 1439 146.580 -41.631  10.0 3.20 MW MEL
2006 10 05 2124 143.700 -40.568   3.0 3.21 MW AUST
2007 01 07 1357 143.427 -40.646  10.0 3.68 MW MEL
2007 01 29 1154 145.088 -41.157  10.0 3.04 MW MEL
2007 05 01 1438 146.483 -41.273  10.0 2.84 MW MEL
2007 08 24 1619 144.551 -41.128  10.0 3.03 MW MEL
2007 09 06 0045 145.560 -42.057   3.8 2.91 MW MEL
2007 09 08 1029 144.872 -40.548  10.0 3.82 MW MEL
2007 12 12 0837 144.688 -40.370  10.0 3.58 MW MEL
2008 03 25 0222 143.829 -40.201  10.0 3.12 MW MEL
2008 03 25 0656 144.324 -40.389  10.0 3.11 MW MEL
2008 04 12 0924 146.080 -40.956  10.0 2.84 MW MEL
2008 04 24 0446 144.488 -41.216  10.0 2.82 MW MEL
2008 08 05 2041 144.901 -41.014   4.8 2.84 MW MEL
2008 11 29 2141 145.983 -42.517   8.0 3.66 MW MEL
2009 03 10 1011 144.496 -41.021  10.0 3.17 MW MEL
2009 03 31 1503 145.007 -41.010  10.0 2.91 MW MEL
2009 12 07 1330 147.839 -42.159   9.3 3.87 MW MEL
2010 01 08 0828 145.152 -40.512  10.0 2.88 MW MEL
2010 01 23 2120 144.812 -40.837  10.0 2.82 MW MEL
2010 06 28 1905 146.703 -41.786  10.0 3.06 MW MEL
2010 08 11 2112 145.827 -43.180  11.8 3.61 MW MEL
2011 01 04 1755 146.484 -43.776  10.0 3.41 MW MEL
2011 01 17 1929 144.633 -40.394  10.0 2.99 MW MEL
2011 01 30 2000 144.727 -40.934  10.0 2.96 MW MEL
2011 02 20 1510 145.181 -40.878   6.2 2.81 MW MEL
2011 04 12 1029 145.531 -42.243  12.3 3.48 MW MEL
2011 04 29 2226 144.970 -40.709  13.9 3.55 MW MEL
2011 07 07 2059 147.123 -42.168  10.0 3.13 MW MEL
2011 10 23 1456 144.367 -41.539  10.0 2.90 MW MEL
2011 10 25 2332 147.622 -42.195  10.0 2.91 MW MEL
2011 11 14 0243 147.393 -42.107  10.0 3.81 MW MEL
2011 11 21 2011 145.523 -42.082   1.0 3.11 MW MEL
2011 12 10 1853 145.469 -41.782   8.5 2.84 MW MEL
2012 01 13 2046 145.674 -42.034   5.2 2.86 MW AUST
2012 01 22 2018 145.550 -42.083   1.4 3.53 MW MEL
2012 06 03 1054 144.665 -41.255   2.0 3.05 MW MEL
2012 08 19 1039 143.939 -40.322  10.0 3.19 MW MEL
2012 10 01 1305 147.171 -43.648  11.2 3.26 MW MEL
2012 12 31 0814 146.186 -43.807  10.0 3.03 MW MEL
2013 01 12 2021 145.814 -40.935  10.0 3.47 MW AUST
2013 04 05 1220 145.556 -42.075   1.0 3.26 MW MEL
2013 06 25 1143 145.549 -42.032  10.0 3.04 MW MEL
2013 07 10 0257 145.334 -41.282  11.0 2.93 MW AUST
2013 07 15 0419 144.335 -39.769  14.5 3.91 MW MEL
2013 07 16 0455 144.587 -41.344  10.0 3.05 MW MEL
2013 08 03 1342 145.851 -43.938  10.0 3.25 MW MEL
2013 12 14 0939 145.500 -41.807   0.0 2.84 MW MEL
2013 12 23 1340 145.492 -42.090   2.0 2.97 MW MEL
2014 02 11 0108 145.305 -41.863  10.0 2.90 MW MEL
2014 05 10 0929 147.492 -41.781   5.3 2.90 MW MEL
2014 08 21 2152 144.448 -42.065  10.0 3.51 MW MEL
2015 01 13 2337 145.155 -41.372  10.1 3.73 MW SRC
2015 02 12 2058 146.732 -43.239  20.0 2.84 MW SRC
2015 05 26 2349 146.652 -42.951  10.0 2.91 MW SRC
2015 05 31 0820 146.499 -43.431  16.5 3.27 MW SRC
2015 08 02 1321 145.452 -41.802   0.0 3.26 MW SRC
2015 08 20 1412 146.417 -43.268  11.3 3.42 MW SRC
2016 03 23 1919 147.318 -42.172  14.0 3.00 MW AUST
2016 06 05 1647 146.358 -40.745  10.0 3.19 MW SRC
2016 06 05 1957 144.890 -40.884   0.0 2.86 MW AUST
