1887 04 16 2210 135.800 -34.300 14.0 5.1 MW ADE
1911 10 26 1000 136.417 -33.667 0.0 4.8 MW ADE
1916 10 23 1430 137.250 -35.583 6.0 4.0 MW ADE
1953 09 23 0630 137.000 -34.000 7.0 4.5 MW ADE
1934 08 04 1145 137.633 -33.933 7.0 3.1 MW ADE
1942 02 14 2250 136.000 -29.500 0.0 3.9 MW ADE
1959 11 02 0117 135.980 -33.360 10.0 4.3 MW ADE
1960 08 30 2123 136.000 -34.000 0.0 4.0 MW ADE
1960 08 31 0214 136.400 -33.500 0.0 4.0 MW ADE
1960 08 18 1504 136.150 -33.800 0.0 3.9 MW ADE
1960 11 12 2303 135.500 -34.600 10.0 4.0 MW ADE
1962 05 16 2141 137.660 -35.510 0.0 4.3 MW ADE
1961 06 10 1558 135.000 -34.500 0.0 3.7 MW ADE
1962 03 03 2204 136.000 -33.000 0.0 3.8 MW ADE
1966 10 17 0027 135.995 -34.415 23.8 3.6 MW ADE
1964 07 12 0039 134.659 -34.102 8.6 3.4 MW ADE
1969 02 17 0905 132.195 -33.485 3.4 3.7 MW ADE
1963 07 29 2016 135.850 -34.300 0.0 2.5 MW ADE
1965 11 22 2215 134.332 -33.827 8.2 3.2 MW ADE
1973 01 28 1203 135.787 -32.160 21.0 3.5 MW ISC
1964 02 04 1956 137.654 -35.516 15.7 2.7 MW ADE
1974 11 18 0411 136.720 -33.741 12.0 3.7 MW ADE
1964 07 25 1456 135.186 -34.888 6.5 2.2 MW ADE
1967 01 31 1307 137.849 -33.520 2.5 3.4 MW ADE
1974 12 13 1853 137.060 -35.030 17.7 3.8 MW ADE
1964 09 11 1001 137.250 -34.756 0.0 2.5 MW ADE
1979 10 22 1113 136.955 -33.312 34.3 3.5 MW ADE
1967 12 26 2100 135.647 -34.523 0.0 3.2 MW ADE
1964 12 06 2259 135.797 -34.115 0.0 2.3 MW ADE
1969 07 29 1407 136.031 -34.364 11.6 3.1 MW ADE
1964 12 30 1124 137.474 -32.998 18.2 2.5 MW ADE
1965 01 15 0545 137.500 -31.550 1.0 2.0 MW ADE
1969 10 19 0147 136.580 -33.644 0.0 3.1 MW ADE
1965 01 23 0859 137.620 -35.460 2.0 2.4 MW ADE
1971 07 09 1539 136.586 -33.512 12.0 3.3 MW ADE
1971 09 10 2346 136.727 -33.545 6.3 3.0 MW ADE
1965 09 23 1933 137.100 -34.824 1.9 2.4 MW ADE
1972 05 30 2316 135.660 -35.259 11.9 3.3 MW ADE
1965 11 06 1859 136.433 -33.380 0.0 2.2 MW ADE
1972 08 14 0905 136.393 -33.581 8.0 3.2 MW ADE
1972 09 06 1051 136.499 -33.720 8.9 3.1 MW ADE
1965 12 25 0737 136.800 -35.500 1.0 2.2 MW ADE
1966 01 26 2036 136.760 -33.460 7.0 2.7 MW ADE
1966 02 28 2035 137.737 -32.682 0.0 2.4 MW ADE
1973 02 21 0048 135.954 -34.166 0.0 3.0 MW ADE
1973 02 23 0920 135.576 -34.092 6.2 3.1 MW ADE
1966 04 25 0446 136.329 -33.467 0.0 2.8 MW ADE
1966 09 04 2101 136.595 -33.507 19.8 2.4 MW ADE
1974 03 27 0803 137.083 -32.721 0.0 3.2 MW ADE
1966 09 09 1804 137.859 -33.099 15.3 2.1 MW ADE
1975 03 13 0330 137.574 -33.067 10.3 3.1 MW ADE
1967 08 08 0248 136.942 -32.666 13.3 2.4 MW ADE
1975 07 02 1429 137.701 -32.373 4.9 3.0 MW ADE
1975 10 02 0131 136.292 -33.514 13.5 3.2 MW ADE
1967 09 06 1044 136.202 -33.754 14.8 2.6 MW ADE
1976 04 24 0122 135.641 -33.956 12.2 3.1 MW ADE
1967 11 17 1333 136.699 -33.349 20.0 2.9 MW ADE
1977 02 26 0700 137.493 -35.592 9.3 3.1 MW ADE
1977 03 11 0228 134.749 -29.236 4.6 3.1 MW ADE
1968 09 23 1358 136.017 -34.347 7.2 2.7 MW ADE
1977 09 23 0040 135.802 -34.197 4.5 3.3 MW ADE
1978 08 31 0128 136.375 -30.939 17.7 3.1 MW ADE
1969 04 17 0600 135.649 -34.040 0.0 2.9 MW ADE
1979 08 16 0112 136.103 -29.661 13.5 3.0 MW ADE
1969 05 03 0925 136.728 -33.318 0.0 2.6 MW ADE
1979 09 06 2157 136.525 -33.764 10.2 3.3 MW ADE
1969 09 06 1022 135.894 -34.033 0.0 2.9 MW ADE
1969 09 12 0300 137.009 -33.290 0.0 2.5 MW ADE
1969 11 09 0423 135.823 -34.071 5.2 2.8 MW ADE
1981 07 10 1343 135.878 -34.066 0.8 3.3 MW ADE
1969 11 23 1224 136.464 -33.587 14.5 2.6 MW ADE
1969 11 28 0434 137.882 -33.514 0.0 2.1 MW ADE
1982 10 12 1658 135.715 -34.126 2.1 3.3 MW ADE
1970 02 04 0642 136.645 -33.344 6.4 2.7 MW ADE
1970 04 24 0002 136.176 -33.723 0.0 2.2 MW ADE
1983 09 09 0426 135.244 -33.950 10.8 3.1 MW ADE
1970 04 30 0505 136.865 -33.058 0.0 2.3 MW ADE
1983 11 13 0001 136.971 -33.454 3.7 3.0 MW ADE
1970 05 06 1904 136.419 -33.220 8.3 2.6 MW ADE
1983 12 20 1338 135.995 -33.529 30.2 3.3 MW ADE
1984 01 13 0144 136.240 -33.493 0.0 3.1 MW ADE
1970 09 21 1740 136.422 -33.422 2.4 2.5 MW ADE
1984 06 24 0102 137.356 -34.865 24.7 3.3 MW ADE
1971 02 02 1008 137.757 -32.684 3.2 2.5 MW ADE
1984 09 28 1408 136.627 -33.575 7.9 3.0 MW ADE
1971 02 09 1009 136.310 -34.108 5.2 2.5 MW ADE
1985 02 27 0149 134.516 -33.394 0.0 3.0 MW ADE
1971 03 11 0846 136.100 -35.416 0.2 2.8 MW ADE
1985 10 01 0219 136.977 -34.121 7.3 3.1 MW ADE
1971 03 30 0818 137.159 -31.372 0.5 2.2 MW ADE
1986 05 16 0644 136.870 -33.311 25.0 3.0 MW ADE
1971 06 12 0246 137.035 -33.953 4.4 2.1 MW ADE
1986 09 04 1910 133.333 -33.619 21.9 3.4 MW ADE
1971 06 22 1011 135.460 -33.993 8.5 2.5 MW ADE
1986 10 06 1248 136.771 -33.505 36.5 3.3 MW ADE
1971 07 01 1541 137.804 -32.850 9.1 2.7 MW ADE
1989 08 13 1917 136.449 -33.851 12.1 3.3 MW ADE
1971 07 26 2046 136.033 -34.643 10.8 2.9 MW ADE
1989 09 07 0808 135.924 -33.551 21.1 3.1 MW ADE
1971 09 23 1511 135.654 -34.205 6.0 2.3 MW ADE
1971 09 23 1838 135.808 -34.296 0.0 2.3 MW ADE
1972 02 20 1425 136.009 -34.200 5.1 2.9 MW ADE
1972 03 07 1941 136.860 -33.553 6.8 2.5 MW ADE
1972 07 21 0619 135.383 -33.530 1.1 2.8 MW ADE
1972 09 06 1208 136.494 -33.892 0.7 2.5 MW ADE
1972 12 22 2029 136.315 -33.611 0.0 2.5 MW ADE
1973 01 30 2047 135.841 -33.554 5.2 2.7 MW ADE
1973 01 30 2112 135.714 -34.522 4.7 2.5 MW ADE
1973 01 31 2002 135.778 -34.383 3.9 2.7 MW ADE
1973 02 01 0023 135.761 -34.004 5.3 2.9 MW ADE
1973 02 08 1809 135.690 -33.934 6.8 2.7 MW ADE
1973 02 21 0040 135.746 -33.753 0.9 2.6 MW ADE
1973 02 21 1709 135.737 -34.232 24.5 2.5 MW ADE
1973 07 13 1426 136.320 -33.945 0.0 2.8 MW ADE
1973 11 16 1914 136.594 -33.781 11.7 2.7 MW ADE
1974 05 10 1358 136.677 -33.164 8.0 2.7 MW ADE
1974 05 10 2117 136.706 -29.848 2.0 2.5 MW ADE
1974 05 11 1533 137.051 -33.039 21.4 2.3 MW ADE
1974 08 16 0658 137.000 -32.900 20.0 2.7 MW ADE
1974 10 19 0637 137.028 -32.943 5.6 2.4 MW ADE
1975 06 07 0643 136.810 -32.740 20.0 2.2 MW ADE
1975 11 05 0531 137.228 -33.169 12.6 2.4 MW ADE
1976 08 26 1357 136.179 -33.586 9.6 2.7 MW ADE
1976 10 28 1820 136.387 -33.491 7.4 2.9 MW ADE
1977 01 29 0316 136.405 -33.911 6.4 2.6 MW ADE
1977 04 19 0241 137.342 -32.686 18.2 2.4 MW ADE
1977 04 22 0240 137.382 -32.700 13.1 2.5 MW ADE
1977 07 24 0333 136.560 -33.577 8.3 2.7 MW ADE
1977 10 03 0330 136.947 -33.330 23.9 2.8 MW ADE
1977 11 30 0719 137.041 -31.496 0.0 2.1 MW ADE
1977 12 04 1548 136.587 -33.542 32.5 2.0 MW ADE
1977 12 07 1418 136.451 -33.406 12.1 2.3 MW ADE
1977 12 20 2255 137.793 -32.811 0.0 2.3 MW ADE
1978 01 01 1836 136.245 -32.209 21.4 2.5 MW ADE
1978 01 09 2304 137.127 -32.112 0.0 1.9 MW ADE
1978 02 13 2139 135.945 -34.153 0.0 2.8 MW ADE
1978 04 13 1747 135.693 -34.231 0.0 2.5 MW ADE
1978 04 30 1911 137.841 -32.939 15.7 2.6 MW ADE
1978 05 10 0857 136.655 -32.759 0.0 2.2 MW ADE
1978 05 26 1832 136.750 -33.502 6.9 2.2 MW ADE
1978 05 29 0013 136.620 -33.493 4.4 2.7 MW ADE
1978 07 17 0615 136.778 -33.377 26.4 2.9 MW ADE
1978 07 27 0031 136.392 -33.458 10.2 2.1 MW ADE
1978 07 27 1453 135.815 -33.917 5.0 2.5 MW ADE
1978 09 10 1329 137.527 -32.853 7.9 2.0 MW ADE
1978 11 01 0029 136.626 -33.501 0.5 2.6 MW ADE
1978 11 03 0132 135.332 -32.692 11.4 2.3 MW ADE
1978 11 07 0958 136.560 -33.486 18.5 2.5 MW ADE
1978 11 29 1502 136.755 -32.803 0.0 1.9 MW ADE
1978 12 03 1456 137.108 -33.286 21.4 2.1 MW ADE
1978 12 05 0201 137.708 -32.790 27.6 2.1 MW ADE
1978 12 17 0859 135.822 -34.076 9.7 2.5 MW ADE
1979 01 25 1809 137.676 -32.690 19.0 2.3 MW ADE
1979 01 29 1957 135.573 -34.424 7.3 2.9 MW ADE
1979 01 31 1023 135.744 -34.466 19.0 2.5 MW ADE
1979 02 04 2308 135.531 -34.482 9.8 2.7 MW ADE
1979 02 05 1442 136.775 -33.626 11.1 2.0 MW ADE
1979 02 18 1724 136.050 -33.574 17.6 2.5 MW ADE
1979 02 21 0803 136.507 -33.405 0.0 2.3 MW ADE
1979 03 09 0710 136.747 -33.277 27.3 2.1 MW ADE
1979 03 28 1450 136.647 -33.682 5.9 2.3 MW ADE
1979 04 25 0511 137.167 -31.690 10.0 2.1 MW ADE
1979 06 21 1310 135.764 -33.839 0.0 2.4 MW ADE
1979 07 02 2227 137.199 -31.673 2.9 1.9 MW ADE
1979 07 16 2242 137.219 -31.659 20.0 1.9 MW ADE
1979 07 20 0304 137.082 -33.314 11.4 2.2 MW ADE
1979 08 15 1634 136.451 -33.716 4.6 2.7 MW ADE
1979 09 05 2109 137.184 -31.683 9.3 2.1 MW ADE
1979 09 13 2101 137.253 -31.719 25.6 2.5 MW ADE
1979 09 26 2352 137.180 -31.708 4.6 2.0 MW ADE
1979 09 30 0641 137.151 -31.675 5.4 2.0 MW ADE
1979 10 02 0705 137.132 -31.698 5.6 2.3 MW ADE
1979 10 13 0241 137.154 -31.702 6.6 2.3 MW ADE
1979 10 15 0229 137.283 -31.732 29.4 2.5 MW ADE
1979 10 20 0537 137.785 -32.751 8.0 2.0 MW ADE
1979 10 20 2353 136.967 -31.503 0.0 2.4 MW ADE
1979 10 30 0140 136.954 -32.768 0.0 2.5 MW ADE
1979 10 31 2329 137.209 -31.695 0.4 2.5 MW ADE
1979 11 04 1433 136.478 -33.419 24.1 2.7 MW ADE
1979 11 09 0801 137.189 -31.868 28.9 2.1 MW ADE
1979 11 10 0927 137.190 -31.671 11.6 2.1 MW ADE
1979 11 15 0005 137.139 -31.701 5.9 1.9 MW ADE
1979 11 18 0938 137.682 -32.795 10.0 2.4 MW ADE
1979 12 01 0803 137.325 -31.581 29.4 2.4 MW ADE
1979 12 30 0934 136.888 -33.449 9.8 2.3 MW ADE
1980 01 31 0110 137.402 -32.986 16.4 2.0 MW ADE
1980 02 10 1958 137.151 -31.700 2.0 2.3 MW ADE
1980 03 03 2000 136.413 -33.711 7.4 2.5 MW ADE
1980 03 08 2324 136.950 -33.326 24.1 2.1 MW ADE
1980 03 24 2133 137.160 -31.677 1.6 2.1 MW ADE
1980 04 28 1831 136.806 -33.639 1.5 2.1 MW ADE
1980 04 30 0624 137.141 -35.363 4.7 2.7 MW ADE
1980 06 23 2118 136.468 -33.496 1.1 2.1 MW ADE
1980 06 26 0905 136.409 -33.299 4.3 2.1 MW ADE
1980 07 08 1722 136.879 -33.486 21.3 2.1 MW ADE
1980 08 23 0010 136.713 -33.504 11.6 2.3 MW ADE
1980 08 31 1745 137.508 -32.074 30.0 1.9 MW ADE
1980 09 06 2254 137.012 -33.377 28.8 2.1 MW ADE
1980 10 10 0908 136.516 -33.529 2.7 2.5 MW ADE
1980 10 20 2033 136.465 -33.520 24.7 2.3 MW ADE
1981 01 09 2316 135.730 -33.470 4.3 2.5 MW ADE
1981 01 31 2203 136.358 -33.530 3.0 2.4 MW ADE
1981 02 14 1449 136.949 -33.366 13.9 2.0 MW ADE
1981 02 27 0649 136.555 -33.536 0.0 2.2 MW ADE
1981 03 16 1810 136.355 -33.464 0.3 2.6 MW ADE
1981 04 28 1209 136.543 -33.764 0.0 2.9 MW ADE
1981 05 05 0349 136.787 -33.741 0.4 2.7 MW ADE
1981 06 29 0455 136.847 -33.297 24.6 2.7 MW ADE
1981 07 05 1527 136.766 -35.345 15.2 2.9 MW ADE
1981 07 16 2309 136.379 -33.246 1.7 2.5 MW ADE
1981 08 08 1053 136.970 -33.246 5.5 2.0 MW ADE
1981 08 11 0407 137.367 -33.618 1.9 2.2 MW ADE
1981 08 27 0715 136.252 -34.320 0.0 2.7 MW ADE
1981 09 08 0319 136.779 -33.291 29.9 2.8 MW ADE
1981 09 23 1925 137.052 -33.279 0.0 2.3 MW ADE
1981 10 16 0459 137.052 -33.136 26.9 2.0 MW ADE
1981 11 25 2206 137.062 -33.203 23.2 1.9 MW ADE
1981 11 27 0810 135.507 -33.762 11.2 2.2 MW ADE
1981 12 13 0855 136.533 -33.509 5.3 2.1 MW ADE
1982 05 16 1416 136.207 -34.429 0.0 2.6 MW ADE
1982 05 27 0211 136.968 -33.402 16.8 2.3 MW ADE
1982 05 29 1846 136.500 -33.500 0.0 1.9 MW ADE
1982 06 05 0436 136.697 -33.396 23.6 2.9 MW ADE
1982 08 08 2252 136.501 -33.467 12.3 2.7 MW ADE
1982 08 12 2344 137.808 -32.806 9.3 2.1 MW ADE
1982 12 03 1514 134.995 -29.231 25.9 2.3 MW ADE
1982 12 08 2317 136.668 -33.555 0.4 2.1 MW ADE
1982 12 09 1029 137.122 -33.198 23.7 2.1 MW ADE
1982 12 15 0228 136.217 -33.395 2.0 2.4 MW ADE
1982 12 19 1159 137.530 -34.021 0.0 2.4 MW ADE
1983 01 12 0201 137.054 -31.390 14.6 2.1 MW ADE
1983 01 12 1347 136.709 -33.409 29.6 1.9 MW ADE
1983 02 16 0834 137.281 -35.429 0.0 2.7 MW ADE
1983 02 18 0317 137.858 -33.395 21.3 2.1 MW ADE
1983 02 26 0928 136.380 -33.501 0.0 2.2 MW ADE
1983 04 19 0421 137.616 -32.572 8.1 1.9 MW ADE
1983 04 21 1752 136.832 -33.463 0.0 2.1 MW ADE
1983 05 04 0519 136.262 -33.400 1.9 2.1 MW ADE
1983 05 27 1340 134.939 -31.562 0.0 2.3 MW ADE
1983 06 28 0609 137.888 -33.390 18.5 2.2 MW ADE
1983 07 04 0639 136.495 -33.410 29.7 2.2 MW ADE
1983 07 09 0337 137.542 -35.432 0.0 2.5 MW ADE
1983 07 11 0539 137.114 -31.465 17.9 2.0 MW ADE
1983 08 05 0257 137.150 -34.003 9.7 2.4 MW ADE
1983 08 08 0311 137.161 -31.438 17.3 2.3 MW ADE
1983 08 22 0042 136.356 -34.478 10.6 2.6 MW ADE
1983 08 27 2221 137.543 -34.104 6.6 2.5 MW ADE
1983 09 12 0208 137.379 -34.355 33.5 2.3 MW ADE
1983 09 16 0532 136.796 -33.726 7.4 2.5 MW ADE
1983 09 23 2234 137.167 -31.688 5.6 2.0 MW ADE
1983 10 13 0935 136.410 -33.127 8.7 2.5 MW ADE
1983 10 24 0331 136.041 -35.323 16.0 2.7 MW ADE
1983 11 01 2208 137.243 -31.674 0.0 2.1 MW ADE
1983 11 06 0249 135.606 -33.944 0.0 2.5 MW ADE
1983 11 06 0703 136.992 -33.489 8.9 2.5 MW ADE
1983 11 07 1429 135.773 -34.031 0.0 2.9 MW ADE
1983 11 12 0248 136.996 -33.356 0.4 2.1 MW ADE
1983 11 15 1825 136.809 -33.766 6.6 2.0 MW ADE
1983 11 16 2310 135.832 -33.882 7.3 2.4 MW ADE
1983 11 18 0625 136.223 -34.271 3.0 2.5 MW ADE
1983 11 30 1515 136.152 -34.290 0.0 2.1 MW ADE
1983 12 01 1839 135.833 -34.015 0.0 2.1 MW ADE
1983 12 09 0336 137.267 -32.842 0.0 2.1 MW ADE
1984 01 19 1657 137.241 -35.573 2.8 2.7 MW ADE
1984 01 29 1613 136.330 -33.541 8.6 2.1 MW ADE
1984 02 15 1116 136.361 -33.521 23.0 2.5 MW ADE
1984 02 18 0053 137.653 -32.517 0.0 2.1 MW ADE
1984 03 05 0012 136.873 -33.394 0.0 2.3 MW ADE
1984 03 11 0629 136.353 -33.518 0.0 2.1 MW ADE
1984 03 23 2217 136.409 -33.130 6.6 2.1 MW ADE
1984 04 27 0311 137.470 -33.280 8.7 2.1 MW ADE
1984 05 14 0009 135.883 -34.280 5.3 2.6 MW ADE
1984 05 15 1752 136.705 -33.097 29.8 1.9 MW ADE
1984 05 30 0235 137.280 -32.820 13.6 1.9 MW ADE
1984 07 17 0237 137.211 -33.180 15.6 2.1 MW ADE
1984 07 19 0554 137.051 -33.340 6.5 2.3 MW ADE
1984 07 25 1649 136.019 -33.628 15.0 2.7 MW ADE
1984 08 03 1550 136.321 -33.459 2.5 2.4 MW ADE
1984 08 19 0618 137.124 -31.340 12.6 2.1 MW ADE
1984 08 20 2141 137.578 -34.055 1.8 2.4 MW ADE
1984 08 23 0729 137.102 -31.425 4.7 2.3 MW ADE
1984 08 29 0732 137.199 -31.370 0.0 2.5 MW ADE
1984 08 31 0704 137.173 -32.824 0.1 2.1 MW ADE
1984 09 06 0734 137.165 -31.433 21.2 2.3 MW ADE
1984 09 15 0731 137.139 -31.457 19.8 2.3 MW ADE
1984 11 23 1311 136.144 -33.562 1.1 2.5 MW ADE
1984 12 07 2229 136.397 -33.690 5.9 2.7 MW ADE
1984 12 10 0508 136.878 -33.489 0.0 2.2 MW ADE
1985 01 12 0309 136.530 -33.584 11.4 2.3 MW ADE
1985 02 05 0127 136.895 -33.417 0.0 1.9 MW ADE
1985 03 09 2137 136.962 -33.385 7.3 2.5 MW ADE
1985 03 23 0702 137.410 -31.931 26.4 2.1 MW ADE
1985 05 11 1846 136.414 -33.306 0.0 1.9 MW ADE
1985 06 02 1656 136.946 -33.012 17.0 2.9 MW ADE
1985 06 07 0831 137.761 -32.732 5.9 2.5 MW ADE
1985 06 12 0734 137.778 -32.680 0.0 2.9 MW ADE
1985 06 16 0804 137.196 -35.492 25.4 2.6 MW ADE
1985 07 14 1418 136.495 -33.497 23.6 2.1 MW ADE
1985 08 05 0307 137.432 -34.177 0.0 2.0 MW ADE
1985 08 11 2303 137.779 -32.758 1.5 2.9 MW ADE
1985 08 22 0351 136.834 -33.478 7.7 2.3 MW ADE
1985 10 30 2328 136.237 -32.478 38.0 2.0 MW ADE
1985 11 02 0512 137.014 -33.365 9.1 2.2 MW ADE
1985 11 15 1952 136.711 -33.806 2.6 2.6 MW ADE
1985 12 08 1853 134.707 -34.600 0.0 2.7 MW ADE
1986 01 01 2102 136.099 -34.186 4.8 2.6 MW ADE
1986 01 04 2308 136.525 -33.302 4.7 2.8 MW ADE
1986 01 17 1922 136.507 -33.348 30.4 2.2 MW ADE
1986 02 07 1517 136.814 -33.637 12.4 2.4 MW ADE
1986 02 22 0334 137.117 -33.256 7.3 1.9 MW ADE
1986 02 26 0227 136.879 -33.248 13.8 2.1 MW ADE
1986 03 11 0441 136.954 -33.500 2.3 2.1 MW ADE
1986 04 21 2044 136.960 -34.739 3.2 2.7 MW ADE
1986 04 29 1004 136.752 -32.393 34.2 2.0 MW ADE
1986 05 24 0730 136.534 -33.513 23.2 2.7 MW ADE
1986 05 26 2022 135.489 -33.611 0.0 2.7 MW ADE
1986 06 14 0151 136.795 -33.178 33.6 2.1 MW ADE
1986 06 21 1538 136.400 -33.345 14.1 2.3 MW ADE
1986 07 04 1929 137.837 -33.784 7.0 2.3 MW ADE
1986 07 23 1228 136.380 -33.572 9.9 2.9 MW ADE
1986 07 23 1820 136.627 -33.847 8.2 2.2 MW ADE
1986 07 24 1458 136.156 -33.592 0.3 2.3 MW ADE
1986 08 03 1546 136.614 -33.836 15.7 2.6 MW ADE
1986 08 05 0221 136.470 -34.419 7.8 2.5 MW ADE
1986 08 11 0533 137.095 -30.299 32.5 2.2 MW ADE
1986 09 14 1329 137.213 -32.056 26.0 1.9 MW ADE
1986 10 23 0239 137.196 -31.454 30.6 2.0 MW ADE
1986 11 19 0535 137.006 -33.179 26.4 2.0 MW ADE
1986 12 19 1335 137.672 -32.794 3.2 1.9 MW ADE
1986 12 26 0514 136.316 -33.541 0.0 2.1 MW ADE
1987 02 04 0742 136.779 -30.616 14.8 2.1 MW ADE
1987 02 09 0019 136.148 -33.934 0.3 2.4 MW ADE
1987 02 23 1019 137.253 -33.122 18.6 2.2 MW ADE
1987 03 08 0544 136.547 -33.501 3.9 2.1 MW ADE
1987 03 14 1537 136.821 -33.757 14.9 2.5 MW ADE
1987 03 15 1257 137.087 -33.168 23.6 2.2 MW ADE
1987 03 17 0023 136.487 -33.341 9.8 2.1 MW ADE
1987 04 19 1635 135.679 -33.860 0.0 2.7 MW ADE
1987 05 16 2256 136.463 -33.505 23.0 2.5 MW ADE
1987 05 28 0641 137.942 -33.556 17.7 2.0 MW ADE
1987 06 04 0641 137.168 -32.960 5.4 2.2 MW ADE
1987 06 24 0943 137.300 -31.991 27.2 2.1 MW ADE
1987 07 10 0939 137.922 -33.484 0.2 2.1 MW ADE
1987 07 14 0910 136.980 -33.126 22.2 2.3 MW ADE
1987 07 20 1302 135.682 -34.090 0.2 2.9 MW ADE
1987 08 09 0433 136.468 -33.147 2.5 2.5 MW ADE
1987 08 31 0433 136.888 -33.417 0.0 2.3 MW ADE
1987 10 10 0553 136.509 -33.408 8.3 2.3 MW ADE
1987 11 28 0914 136.268 -34.028 1.8 2.5 MW ADE
1987 12 21 2314 136.658 -33.291 2.9 2.3 MW ADE
1988 02 29 0314 136.650 -33.266 1.9 2.4 MW ADE
1988 04 22 0609 136.968 -33.739 1.2 2.2 MW ADE
1988 05 05 1024 136.326 -33.439 7.8 2.0 MW ADE
1988 05 15 1524 136.651 -33.590 10.7 2.1 MW ADE
1988 05 16 1415 136.848 -33.664 18.3 2.3 MW ADE
1988 06 10 0639 137.190 -35.360 11.4 2.9 MW ADE
1988 06 10 1727 136.088 -34.215 14.4 2.7 MW ADE
1988 07 01 1530 136.726 -33.611 4.8 1.9 MW ADE
1988 08 11 0629 137.172 -33.629 10.0 2.1 MW ADE
1988 08 18 1151 137.153 -30.910 7.2 1.9 MW ADE
1988 08 25 1230 136.638 -33.487 9.8 2.5 MW ADE
1988 09 24 0606 137.023 -33.211 13.5 1.9 MW ADE
1988 10 07 0347 137.144 -32.979 13.4 2.3 MW ADE
1988 10 19 1401 136.955 -33.316 15.7 2.3 MW ADE
1988 10 24 1933 135.276 -32.982 15.1 2.3 MW ADE
1988 10 31 0900 137.164 -31.540 12.8 2.0 MW ADE
1988 11 01 0917 136.734 -32.341 12.9 2.1 MW ADE
1988 11 08 0749 137.132 -31.486 12.3 2.0 MW ADE
1988 11 14 1425 136.768 -34.098 10.9 2.4 MW ADE
1988 11 20 1110 137.735 -32.557 21.3 1.9 MW ADE
1988 12 11 0623 137.080 -33.323 11.8 2.1 MW ADE
1988 12 31 0836 136.992 -33.279 5.4 2.1 MW ADE
1989 01 02 0325 136.758 -34.273 15.5 1.9 MW ADE
1989 01 12 0622 136.987 -33.149 14.9 1.9 MW ADE
1989 01 17 2226 136.862 -33.430 14.2 2.1 MW ADE
1989 02 14 0557 137.732 -32.979 10.0 2.0 MW ADE
1989 03 04 1013 136.500 -33.904 2.0 2.9 MW ADE
1989 03 05 1929 136.228 -33.624 19.3 2.1 MW ADE
1989 03 13 1457 135.608 -32.055 1.7 2.5 MW ADE
1989 03 19 1219 136.348 -33.839 9.0 2.0 MW ADE
1989 04 02 0856 137.178 -31.539 17.4 2.1 MW ADE
1989 04 05 0201 136.941 -31.499 0.8 2.1 MW ADE
1989 04 09 0400 136.430 -33.940 1.0 2.9 MW ADE
1989 04 11 0524 137.141 -31.590 2.3 2.0 MW ADE
1989 05 02 1306 136.395 -33.746 8.0 2.2 MW ADE
1989 05 12 1516 136.316 -33.500 7.0 2.5 MW ADE
1989 05 17 0527 137.063 -31.612 7.8 2.3 MW ADE
1989 05 26 0500 137.041 -31.609 12.4 2.1 MW ADE
1989 06 09 0349 137.207 -31.575 12.2 1.9 MW ADE
1989 06 14 0844 137.745 -33.019 9.0 2.5 MW ADE
1989 06 28 0913 135.852 -29.360 12.4 2.7 MW ADE
1989 07 05 0527 137.115 -34.182 9.1 2.2 MW ADE
1989 07 12 0106 137.097 -31.579 8.0 2.1 MW ADE
1989 07 17 2152 137.174 -31.588 6.5 1.9 MW ADE
1989 07 23 0454 137.160 -33.316 15.5 2.3 MW ADE
1989 07 30 0703 137.189 -31.526 11.6 1.9 MW ADE
1989 07 30 1351 136.537 -30.572 6.3 2.5 MW ADE
1989 08 17 2258 136.963 -33.518 1.8 1.9 MW ADE
1989 08 18 1052 136.335 -33.848 9.0 2.1 MW ADE
1989 08 21 1031 136.506 -33.918 7.0 2.8 MW ADE
1989 08 27 2326 136.639 -33.643 15.6 1.9 MW ADE
1989 09 07 1108 136.713 -34.067 5.0 2.2 MW ADE
1989 11 13 0627 137.524 -34.240 0.7 2.3 MW ADE
1989 11 16 0343 137.615 -34.024 11.7 2.3 MW ADE
1989 12 01 2340 135.967 -34.244 13.4 2.6 MW ADE
1989 12 11 0537 137.873 -33.187 12.8 1.9 MW ADE
1989 12 11 1617 135.304 -34.949 8.8 2.9 MW ADE
1989 12 28 0107 136.511 -33.420 5.6 2.3 MW ADE
1990 01 04 0241 137.394 -34.239 3.8 2.2 MW ADE
1990 01 13 0229 137.583 -34.487 15.4 2.3 MW ADE
1990 01 19 0826 136.881 -34.158 11.2 2.5 MW ADE
1990 02 03 0748 136.587 -33.790 8.5 2.4 MW ADE
1990 02 05 2122 137.030 -30.104 8.5 2.0 MW ADE
1990 02 07 0130 133.774 -34.352 35.7 2.7 MW ADE
1990 02 08 2221 134.063 -34.441 1.4 2.8 MW ADE
1990 02 10 2106 136.485 -33.562 20.0 2.1 MW ADE
1990 02 13 0351 136.722 -33.864 2.0 2.6 MW ADE
1990 03 11 0431 136.382 -33.565 12.6 2.1 MW ADE
1990 03 29 1408 136.011 -34.150 1.5 2.9 MW ADE
1990 03 30 1040 136.425 -33.876 6.2 2.3 MW ADE
1990 04 08 0203 136.277 -34.211 12.2 2.1 MW ADE
1990 04 08 2211 137.043 -30.360 18.6 2.1 MW ADE
1990 04 27 0909 136.260 -33.711 10.0 2.2 MW ADE
1990 05 11 0337 137.533 -32.206 33.2 2.2 MW ADE
1990 06 11 2249 136.975 -33.262 23.1 2.1 MW ADE
1990 07 03 0237 137.829 -32.952 2.0 1.9 MW ADE
1990 07 05 0405 136.329 -33.569 4.7 2.7 MW ADE
1990 08 03 1232 136.595 -33.961 8.7 2.5 MW ADE
1990 08 09 1429 136.581 -33.704 14.0 2.5 MW ADE
1990 08 27 0205 136.254 -33.535 9.2 2.7 MW ADE
1990 09 02 0632 136.429 -33.569 9.0 2.6 MW ADE
1990 09 03 0828 136.781 -33.461 25.2 2.2 MW ADE
1990 09 10 1125 136.324 -33.853 6.9 2.1 MW ADE
1990 09 14 1541 136.339 -33.545 3.5 2.3 MW ADE
1990 09 15 1952 137.101 -33.300 18.8 2.5 MW ADE
1990 09 22 1943 137.452 -33.113 12.8 2.2 MW ADE
1990 09 28 0232 137.168 -32.804 2.0 2.0 MW ADE
1990 09 29 0456 136.122 -35.042 2.4 2.5 MW ADE
1991 01 05 0126 137.086 -33.420 10.5 2.1 MW ADE
1991 02 07 2217 136.309 -33.571 10.2 2.1 MW ADE
1991 02 14 0259 136.626 -33.778 8.2 2.2 MW ADE
1991 02 27 1317 136.035 -31.337 10.0 2.2 MW ADE
1991 03 10 2330 136.627 -33.824 4.0 2.6 MW ADE
1991 03 11 1823 136.322 -33.535 8.1 2.6 MW ADE
1991 03 19 0231 137.505 -33.006 8.7 1.9 MW ADE
1991 03 19 1621 136.318 -33.539 11.0 2.4 MW ADE
1991 03 28 0453 136.298 -33.757 9.8 2.1 MW ADE
1991 04 03 1601 137.047 -33.270 18.2 2.1 MW ADE
1991 04 05 2355 137.314 -33.115 10.0 1.9 MW ADE
1991 04 06 0425 136.379 -33.549 11.9 2.5 MW ADE
1991 05 22 1430 135.735 -33.460 6.3 2.9 MW ADE
1991 05 24 1207 137.673 -32.809 13.4 1.9 MW ADE
1991 05 24 1753 136.440 -33.330 2.7 2.1 MW ADE
1991 05 26 0434 136.906 -33.406 9.7 2.2 MW ADE
1991 05 30 1418 137.012 -33.317 10.0 2.2 MW ADE
1991 06 10 0057 136.378 -33.620 17.5 2.1 MW ADE
1991 06 12 1329 136.262 -33.970 12.0 2.7 MW ADE
1991 06 19 1639 136.217 -34.098 8.5 2.7 MW ADE
1991 06 22 0155 137.040 -33.331 10.0 2.1 MW ADE
1991 06 25 0549 136.152 -34.028 7.5 2.5 MW ADE
1991 07 01 0154 136.472 -33.778 9.9 2.0 MW ADE
1991 07 14 1718 137.713 -32.761 13.9 1.9 MW ADE
1991 07 16 1954 136.723 -33.402 8.4 2.2 MW ADE
1991 08 15 2218 136.680 -30.249 12.7 2.3 MW ADE
1991 09 14 1802 136.898 -34.151 9.3 2.7 MW ADE
1991 09 16 0730 136.515 -33.863 9.7 1.9 MW ADE
1991 09 20 0919 136.359 -33.552 7.3 2.3 MW ADE
1991 10 03 0038 136.641 -33.690 11.2 2.2 MW ADE
1991 10 04 1107 136.374 -33.541 1.3 2.4 MW ADE
1991 10 05 0206 136.672 -33.879 1.7 2.3 MW ADE
1991 10 19 0813 136.438 -33.927 10.1 2.5 MW ADE
1991 10 29 0920 136.456 -33.412 11.7 2.3 MW ADE
1991 10 30 1450 136.822 -33.402 12.0 2.3 MW ADE
1991 11 03 0459 136.298 -33.548 8.4 2.1 MW ADE
1991 11 08 1134 136.278 -33.524 10.2 2.6 MW ADE
1991 11 25 0125 136.319 -33.550 12.2 2.3 MW ADE
1991 12 08 0703 137.412 -33.975 6.8 2.6 MW ADE
1992 01 21 1308 136.498 -33.484 0.5 2.0 MW ADE
1992 02 17 1830 135.821 -34.026 12.8 2.4 MW ADE
1992 02 18 1951 137.178 -33.905 2.6 2.3 MW ADE
1992 03 30 2116 136.267 -34.059 5.7 2.4 MW ADE
1992 05 11 1327 136.700 -33.650 5.0 2.9 MW ADE
1992 06 18 1900 136.829 -34.818 2.2 2.9 MW ADE
1992 07 18 0105 136.130 -33.593 16.3 2.2 MW ADE
1992 07 27 1335 136.616 -29.274 7.8 2.4 MW ADE
1992 07 31 0025 136.295 -33.890 14.0 2.0 MW ADE
1992 08 06 0007 136.976 -32.210 10.0 2.1 MW ADE
1992 08 12 1234 137.597 -35.298 15.8 2.8 MW ADE
1992 09 01 1524 136.317 -33.564 10.0 2.3 MW ADE
1992 09 12 0631 136.307 -33.753 10.4 1.9 MW ADE
1992 09 23 0053 136.440 -33.631 12.5 2.3 MW ADE
1992 10 01 0626 136.749 -33.627 2.0 2.2 MW ADE
1992 10 28 0512 136.807 -33.577 5.4 2.9 MW ADE
1992 11 01 1222 136.870 -33.210 2.0 2.0 MW ADE
1992 11 20 0641 136.674 -29.190 3.0 2.8 MW ADE
1992 11 23 0800 136.673 -33.631 11.9 2.7 MW ADE
1992 11 25 1845 136.681 -33.430 13.6 2.3 MW ADE
1993 01 04 0222 136.835 -34.841 15.4 2.7 MW ADE
1993 01 13 0547 136.371 -33.827 6.0 2.5 MW ADE
1993 01 27 1802 136.290 -33.748 11.1 2.1 MW ADE
1993 02 22 0816 136.412 -33.785 10.2 2.2 MW ADE
1993 03 04 0051 136.973 -34.805 5.5 2.6 MW ADE
1993 04 24 1449 136.533 -33.012 13.2 2.7 MW ADE
1993 04 29 1914 137.903 -33.171 11.1 2.7 MW ADE
1993 05 27 1617 136.823 -33.142 17.9 1.9 MW ADE
1993 06 03 2141 136.606 -30.256 5.9 2.1 MW ADE
1993 06 07 0155 137.180 -33.231 12.1 2.5 MW ADE
1993 06 14 0008 136.930 -33.457 10.6 2.1 MW ADE
1993 07 19 2348 135.860 -34.758 10.0 2.4 MW ADE
1993 09 04 2257 136.309 -33.876 7.9 2.6 MW ADE
1993 09 06 1029 137.951 -33.434 2.0 2.1 MW ADE
1993 09 06 2224 136.230 -34.001 8.4 2.7 MW ADE
1993 09 09 1325 135.728 -34.111 12.8 2.7 MW ADE
1993 11 05 0105 136.954 -33.274 17.3 2.1 MW ADE
1993 12 05 1521 137.072 -33.173 23.8 2.4 MW ADE
1993 12 28 1538 137.027 -33.083 19.1 2.4 MW ADE
1994 02 09 1605 135.417 -32.585 8.8 2.3 MW ADE
1994 02 22 1416 135.926 -34.540 5.7 2.4 MW ADE
1994 02 28 1318 136.542 -33.869 10.7 2.3 MW ADE
1994 03 22 1822 137.830 -32.913 10.2 1.9 MW ADE
1994 04 21 2111 136.641 -33.501 8.3 2.1 MW ADE
1994 05 23 2345 136.716 -33.833 8.8 2.5 MW ADE
1994 05 28 0127 136.266 -33.518 8.1 2.3 MW ADE
1994 06 11 0553 136.508 -33.389 10.2 2.1 MW ADE
1994 06 16 0912 135.042 -33.735 4.0 2.5 MW ADE
1994 06 23 0630 136.988 -32.851 12.2 2.3 MW ADE
1994 07 14 0304 135.902 -33.800 8.7 2.3 MW ADE
1994 07 26 2346 136.297 -30.620 9.7 2.3 MW ADE
1994 09 08 1130 136.544 -33.676 14.7 2.2 MW ADE
1994 09 14 1604 133.399 -33.364 9.8 2.8 MW ADE
1994 09 16 0758 137.151 -32.865 8.6 1.9 MW ADE
1994 10 05 0712 136.992 -33.076 10.0 2.1 MW ADE
1994 11 08 0652 137.124 -32.849 3.1 1.9 MW ADE
1995 01 31 0250 136.954 -33.232 21.8 2.2 MW ADE
1995 02 01 0022 136.786 -33.494 14.0 2.0 MW ADE
1995 02 02 0943 136.693 -33.587 4.3 2.5 MW ADE
1995 02 18 0658 136.339 -33.247 8.7 2.5 MW ADE
1995 03 04 0147 137.410 -31.616 12.5 2.2 MW ADE
1995 06 04 1748 136.960 -33.266 15.4 2.1 MW ADE
1995 06 11 0205 136.604 -33.533 11.9 2.1 MW ADE
1995 06 22 0646 136.909 -33.183 5.9 2.1 MW ADE
1995 07 06 2140 136.944 -33.259 19.1 2.1 MW ADE
1995 08 18 0632 136.613 -33.458 6.8 2.3 MW ADE
1995 09 06 0434 136.222 -33.743 13.4 2.5 MW ADE
1995 09 14 0705 136.501 -33.278 8.8 2.1 MW ADE
1995 10 01 2224 137.648 -32.787 14.4 2.5 MW ADE
1995 11 16 2102 136.307 -33.454 5.0 2.2 MW ADE
1995 12 04 0827 137.547 -34.062 7.9 2.3 MW ADE
1995 12 04 1356 137.267 -34.226 3.4 2.3 MW ADE
1995 12 17 1214 136.934 -33.456 6.1 2.5 MW ADE
1995 12 24 0309 137.751 -32.821 6.9 1.9 MW ADE
1996 01 01 0915 136.601 -33.558 9.7 2.1 MW ADE
1996 01 01 1628 136.513 -33.849 9.5 2.5 MW ADE
1996 02 01 1443 137.579 -35.271 9.4 2.6 MW ADE
1996 02 22 0133 135.940 -33.543 20.6 2.3 MW ADE
1996 03 17 2259 136.692 -33.564 6.8 2.4 MW ADE
1996 05 22 2357 137.778 -32.828 8.2 1.9 MW ADE
1996 07 01 1316 137.290 -33.581 10.1 2.4 MW ADE
1996 07 13 1718 136.756 -33.479 10.9 1.9 MW ADE
1996 07 23 0903 137.653 -32.955 8.5 2.7 MW ADE
1996 08 25 1647 137.117 -33.178 10.2 2.5 MW ADE
1996 09 15 1931 136.755 -33.406 11.0 2.7 MW ADE
1996 10 14 2317 137.549 -34.432 8.2 2.4 MW ADE
1996 11 08 2308 137.531 -33.072 11.9 2.6 MW ADE
1996 11 20 0532 136.947 -33.215 6.6 2.0 MW ADE
1996 12 14 1333 135.819 -34.190 6.7 2.3 MW ADE
1996 12 25 1901 137.154 -35.540 5.1 2.7 MW ADE
1997 01 29 0817 135.588 -34.254 0.9 2.5 MW ADE
1997 02 08 1907 136.927 -33.100 10.0 2.1 MW ADE
1997 02 21 0623 136.343 -33.521 7.9 2.9 MW ADE
1997 03 21 0636 136.702 -33.605 8.5 2.3 MW ADE
1997 04 17 1003 135.903 -34.066 6.3 2.3 MW ADE
1997 04 26 1744 137.685 -32.783 10.0 1.9 MW ADE
1997 04 27 1054 136.634 -33.667 9.3 2.4 MW ADE
1997 06 08 1120 136.707 -33.512 11.3 2.3 MW ADE
1997 09 25 1933 137.781 -32.987 10.0 2.3 MW ADE
1997 10 13 0059 136.962 -33.411 16.5 2.2 MW ADE
1997 11 14 0756 135.390 -32.829 10.0 2.3 MW ADE
1997 12 03 0322 135.503 -34.961 14.5 2.7 MW ADE
1997 12 07 0946 136.915 -33.490 13.9 2.3 MW ADE
1997 12 19 1032 137.221 -34.586 11.2 2.5 MW ADE
1997 12 22 2034 136.375 -33.632 12.2 2.2 MW ADE
1998 01 04 0647 136.566 -33.237 2.2 2.3 MW ADE
1998 01 24 0423 136.118 -34.030 10.0 2.5 MW ADE
1998 05 30 0915 136.850 -34.257 14.9 2.1 MW ADE
1998 06 03 1651 136.806 -34.101 19.4 2.3 MW ADE
1998 07 06 2316 137.922 -33.257 13.1 2.4 MW ADE
1998 08 20 2252 136.902 -34.166 5.6 2.8 MW ADE
1998 09 28 0800 137.149 -33.292 14.6 1.9 MW ADE
1998 10 04 0901 136.641 -33.515 10.0 2.2 MW ADE
1998 10 21 2014 136.633 -33.523 18.0 2.1 MW ADE
1998 10 23 0003 136.758 -33.503 13.4 2.4 MW ADE
1998 11 20 0650 135.519 -34.127 2.0 2.7 MW ADE
1998 11 22 0938 136.598 -33.491 3.9 2.5 MW ADE
1999 02 24 1033 136.664 -33.611 4.8 2.6 MW ADE
1999 03 28 0752 135.985 -34.154 14.1 2.5 MW ADE
1999 04 08 1948 135.817 -34.004 10.0 2.6 MW ADE
1999 06 16 1433 136.990 -33.217 0.5 2.5 MW ADE
1999 10 20 1533 136.359 -33.550 8.8 2.3 MW ADE
1999 11 06 0828 137.246 -34.763 13.8 2.9 MW ADE
1999 11 18 2103 136.627 -33.501 14.3 2.5 MW ADE
1999 11 23 1137 136.681 -33.546 11.8 2.0 MW ADE
1999 11 30 1609 137.724 -32.803 11.7 2.4 MW ADE
1999 12 16 2226 136.811 -33.334 21.8 2.1 MW ADE
2000 01 11 1825 136.336 -33.148 17.0 2.4 MW ADE
2000 01 13 1807 136.904 -33.336 14.4 2.3 MW ADE
2000 02 23 0525 136.478 -33.764 8.2 2.9 MW ADE
2000 03 02 1526 135.622 -34.827 17.9 2.3 MW ADE
2000 05 26 1833 136.036 -33.764 4.0 2.3 MW ADE
2000 06 03 1046 137.342 -33.721 13.3 2.0 MW ADE
2000 07 07 0741 136.868 -33.446 5.2 2.3 MW ADE
2000 07 23 1425 136.412 -34.034 6.2 2.3 MW ADE
2000 07 27 1427 136.390 -33.595 12.1 1.9 MW ADE
2000 08 08 1550 135.928 -34.157 3.8 2.4 MW ADE
2000 08 17 0656 136.835 -34.164 13.6 2.7 MW ADE
2000 10 10 1102 136.573 -33.574 7.8 2.8 MW ADE
2000 10 16 1341 135.881 -34.201 2.9 2.8 MW ADE
2000 10 18 0729 137.069 -33.134 8.6 2.1 MW ADE
2000 10 29 0526 136.900 -33.345 7.1 2.5 MW ADE
2000 11 07 0730 137.647 -33.025 8.2 2.1 MW ADE
2000 12 05 2302 135.763 -34.091 2.9 2.7 MW ADE
2001 02 28 0619 137.169 -33.232 2.0 2.2 MW ADE
2001 03 12 0716 135.708 -34.032 9.1 2.9 MW ADE
2001 04 22 1844 136.465 -33.696 10.0 2.7 MW ADE
2001 05 27 2332 136.448 -33.828 1.7 2.4 MW ADE
2001 06 07 1821 137.571 -34.066 2.0 2.1 MW ADE
2001 06 24 0112 136.846 -33.435 11.1 2.4 MW ADE
2001 06 29 1635 135.771 -35.175 11.2 2.5 MW ADE
2001 11 24 2321 136.657 -33.434 9.1 2.7 MW ADE
2001 11 26 0851 136.695 -33.684 18.8 2.8 MW ADE
2001 12 11 2035 136.848 -30.388 6.6 1.9 MW ADE
2002 01 19 2035 136.726 -30.301 8.9 2.5 MW ADE
2002 03 06 1303 134.192 -33.602 9.6 2.9 MW ADE
2002 03 08 1714 136.992 -33.245 17.2 2.2 MW ADE
2002 05 09 0414 137.413 -35.574 12.9 2.5 MW ADE
2002 05 10 2049 134.794 -33.953 2.0 2.9 MW ADE
2002 05 18 0025 136.871 -33.401 13.5 2.2 MW ADE
2002 05 19 0132 137.470 -35.576 8.7 2.5 MW ADE
2002 05 25 2247 136.893 -33.410 11.8 2.5 MW ADE
2002 10 12 0416 135.788 -34.316 3.5 2.5 MW ADE
2002 11 08 1346 136.167 -34.037 5.3 2.9 MW ADE
2002 11 16 1000 136.851 -30.434 6.9 2.7 MW ADE
2002 11 16 1650 136.898 -30.342 4.1 2.7 MW ADE
2002 11 17 2250 136.449 -33.797 6.7 2.3 MW ADE
2002 12 10 1633 136.600 -33.295 4.8 2.5 MW ADE
2002 12 17 0108 136.181 -33.618 3.7 2.2 MW ADE
2003 01 15 1641 136.720 -33.360 13.9 2.0 MW ADE
2003 01 18 1440 136.604 -33.551 15.8 2.7 MW ADE
2003 02 16 0748 136.896 -33.398 11.4 2.1 MW ADE
2003 02 24 1218 136.884 -34.144 12.9 2.6 MW ADE
2003 03 05 0617 136.337 -33.588 10.7 2.2 MW ADE
2003 03 19 0316 137.548 -34.176 13.2 2.4 MW ADE
2003 04 16 1458 136.874 -33.424 15.5 2.4 MW ADE
2003 04 26 0755 137.511 -35.483 8.4 2.4 MW ADE
2003 05 14 1328 136.873 -33.356 8.1 2.0 MW ADE
2003 06 16 0517 136.923 -33.269 11.0 2.4 MW ADE
2003 06 26 1953 135.701 -33.954 5.1 2.5 MW ADE
2003 07 24 0240 136.751 -33.433 12.7 2.7 MW ADE
2003 10 20 2037 135.829 -34.226 10.0 2.2 MW ADE
2003 11 01 0010 135.839 -34.154 11.6 2.5 MW ADE
2003 11 04 1554 136.377 -33.457 4.3 2.4 MW ADE
2003 11 12 1938 135.573 -34.147 10.0 2.5 MW ADE
2003 11 21 0027 135.815 -34.127 14.2 2.6 MW ADE
2003 12 13 0736 136.440 -33.395 12.6 2.3 MW ADE
2003 12 14 1258 136.738 -33.491 9.4 2.4 MW ADE
2003 12 24 1053 135.791 -34.196 10.3 2.6 MW ADE
2004 01 06 0245 135.629 -34.203 7.7 2.7 MW ADE
2004 01 07 1816 137.934 -33.510 0.8 2.1 MW ADE
2004 02 13 1155 136.680 -33.573 7.8 2.6 MW ADE
2004 05 10 0232 136.982 -33.098 9.0 2.2 MW ADE
2004 05 11 2125 136.742 -33.613 10.5 1.9 MW ADE
2004 05 20 0731 137.316 -34.046 11.7 2.3 MW ADE
2004 05 28 0759 137.040 -33.167 11.1 2.3 MW ADE
2004 09 06 0330 136.768 -33.389 13.0 2.4 MW ADE
2005 02 05 0000 136.124 -35.425 11.3 2.7 MW ADE
2005 02 15 1657 135.842 -34.172 4.7 2.5 MW ADE
2005 02 15 1826 135.860 -34.186 0.8 2.5 MW ADE
2005 06 06 0808 135.683 -33.469 0.3 2.8 MW ADE
2005 07 09 0600 135.813 -34.188 0.1 2.6 MW ADE
2005 07 15 0747 137.006 -33.362 12.0 2.4 MW ADE
2005 07 20 0806 137.043 -33.365 10.5 2.3 MW ADE
2005 08 02 1314 136.791 -33.575 14.8 2.5 MW ADE
2005 08 25 0100 137.534 -33.185 8.0 2.6 MW ADE
2005 11 12 2214 135.653 -34.165 10.1 2.8 MW ADE
2005 11 19 1735 136.671 -33.471 3.8 2.5 MW ADE
2006 01 20 0042 135.801 -34.095 9.5 2.9 MW ADE
2006 02 10 2144 135.643 -34.164 8.1 2.9 MW ADE
2006 02 23 2314 136.345 -33.932 7.7 2.7 MW ADE
2006 03 02 0844 136.156 -35.169 10.0 2.3 MW ADE
2006 05 21 2127 136.617 -33.610 16.0 2.9 MW ADE
2006 07 25 1015 136.194 -34.584 13.5 2.9 MW ADE
2006 09 17 1543 135.691 -34.157 5.3 2.5 MW ADE
2006 10 10 1559 137.291 -35.485 10.6 2.5 MW ADE
2006 10 23 0806 137.028 -33.353 12.8 2.5 MW ADE
2006 11 13 1014 136.587 -33.525 6.7 2.4 MW ADE
2006 12 02 2339 135.604 -34.128 3.1 2.5 MW ADE
2006 12 21 2337 136.594 -33.561 10.0 2.0 MW ADE
2007 02 14 0337 137.694 -34.033 10.0 2.5 MW ADE
2007 03 09 1518 136.504 -33.652 10.6 2.3 MW ADE
2007 03 17 0932 137.570 -34.108 23.6 2.5 MW ADE
2007 03 30 1906 136.753 -30.376 12.0 2.8 MW ADE
2007 06 04 2216 136.720 -34.050 0.4 2.5 MW ADE
2007 06 17 1830 136.297 -35.448 1.0 2.4 MW ADE
2007 06 21 0725 135.435 -34.030 7.0 2.6 MW ADE
2007 06 27 1910 136.039 -33.585 11.9 2.7 MW ADE
2007 07 12 0654 137.087 -34.824 6.1 2.2 MW ADE
2007 08 10 1121 136.220 -35.386 6.1 2.6 MW ADE
2007 09 28 0809 136.433 -33.558 6.3 2.4 MW ADE
2007 11 18 0338 137.086 -33.290 3.0 2.2 MW ADE
2007 11 29 0705 136.278 -33.545 4.7 2.9 MW ADE
2007 12 14 0804 136.628 -33.352 0.4 2.7 MW ADE
2008 03 08 0304 135.710 -34.102 6.7 2.5 MW ADE
2008 04 04 1411 136.660 -33.543 0.9 2.3 MW ADE
2008 04 19 2006 134.507 -34.454 13.5 2.7 MW ADE
2008 05 18 2049 137.732 -32.706 1.8 2.1 MW ADE
2008 08 08 1250 137.381 -35.551 13.7 2.9 MW ADE
2008 08 24 1740 136.698 -33.694 10.0 2.0 MW ADE
2008 08 31 1428 136.845 -33.456 14.7 2.5 MW ADE
2008 09 02 1551 137.051 -33.161 27.0 2.5 MW ADE
2008 09 08 0000 135.721 -33.573 20.9 2.7 MW ADE
2008 10 08 1430 136.285 -33.950 7.8 2.5 MW ADE
2008 10 15 0846 136.957 -33.414 14.6 2.5 MW ADE
2008 12 07 1120 137.713 -33.992 7.6 2.1 MW ADE
2008 12 08 0001 136.448 -33.812 14.6 2.6 MW ADE
2009 04 03 1022 136.936 -33.396 0.2 2.6 MW ADE
2009 04 06 1707 136.443 -33.882 13.3 2.4 MW ADE
2009 05 01 0943 137.171 -35.433 7.7 2.3 MW ADE
2009 07 09 1510 136.899 -33.450 20.7 2.2 MW ADE
2009 07 21 0603 136.716 -33.505 12.2 2.6 MW ADE
2009 09 02 1249 137.640 -34.298 14.3 1.9 MW ADE
2009 09 26 1411 136.252 -34.963 7.4 2.8 MW ADE
2009 10 15 1340 136.994 -33.264 8.6 2.5 MW ADE
2009 10 27 1202 135.813 -35.342 2.2 2.7 MW ADE
2009 10 29 1426 136.343 -34.142 4.2 2.2 MW ADE
2009 11 03 0713 136.600 -33.635 13.4 2.6 MW ADE
2009 11 29 1120 135.320 -33.752 8.8 2.7 MW ADE
2009 12 29 1043 136.551 -33.739 16.0 2.3 MW ADE
2010 01 02 0452 136.294 -34.621 8.3 2.6 MW ADE
2010 01 23 1532 137.159 -34.370 9.2 2.1 MW ADE
2010 01 24 1213 136.970 -33.431 8.9 2.7 MW ADE
2010 02 08 0919 137.805 -33.027 0.0 2.2 MW ADE
2010 02 15 1125 137.346 -35.034 0.0 2.5 MW ADE
2010 02 23 1719 136.604 -33.689 0.0 2.3 MW ADE
2010 06 11 0836 136.312 -33.806 0.9 2.4 MW AUST
