1959 05 18 0612 148.640 -36.218 15.0 5.2 ML BMR
1961 05 21 2140 150.606 -34.564 18.8 5.6 ML MEL
1962 02 16 1216 144.000 -14.000 5.0 4.5 ML BRS
1964 03 03 0613 151.700 -25.400 0.0 4.5 mb DES
1965 01 15 1402 143.390 -35.950 0.0 4.0 ML CAN
1965 06 03 2159 150.220 -28.080 10.0 5.3 ML BMR
1966 05 03 1907 147.168 -37.042 15.0 5.5 ML Denham
1967 01 14 1132 145.950 -29.190 47.0 4.0 ML ISC
1967 08 17 1629 146.650 -36.380 0.0 4.0 ML CAN
1968 03 08 1148 149.120 -34.160 9.0 4.5 ML CAN
1968 07 08 1150 150.510 -34.570 13.0 4.5 ML CAN
1968 10 08 1023 146.120 -36.780 6.0 4.3 ML CAN
1968 12 31 1608 149.260 -31.040 0.0 5.0 ML CAN
1969 04 09 0210 149.580 -32.050 5.0 4.0 ML CAN
1969 07 11 0621 144.100 -36.830 0.0 4.0 ML CAN
1970 06 20 1834 144.820 -35.980 0.0 3.5 ML CAN
1970 08 08 1605 148.350 -29.080 0.0 4.8 ML CAN
1970 09 28 1211 148.080 -34.790 6.0 4.1 ML CAN
1970 10 12 1327 149.150 -33.180 9.0 3.8 ML CAN
1970 11 13 2354 149.160 -34.770 7.0 3.5 ML CAN
1970 11 26 1934 144.240 -36.170 12.0 3.5 ML CAN
1970 12 31 1301 147.820 -36.680 0.0 4.1 ML CAN
1971 02 08 1449 145.020 -36.010 22.0 4.3 ML CAN
1971 06 03 0139 150.170 -36.490 8.0 4.1 ML CAN
1971 06 21 0111 148.786 -36.219 5.0 4.0 ML CAN
1971 10 06 2328 149.260 -34.530 8.0 3.5 ML CAN
1971 11 03 2005 149.166 -34.777 3.0 4.2 ML BMR
1971 12 31 1542 145.950 -36.000 0.0 4.1 ML CAN
1972 01 26 0042 149.180 -34.810 7.0 3.8 ML CAN
1972 01 26 0754 149.150 -34.790 7.0 3.7 ML CAN
1972 01 26 0812 149.170 -34.790 7.0 3.6 ML CAN
1972 01 28 0748 149.190 -34.790 7.0 3.5 ML CAN
1972 02 25 1522 147.470 -34.220 0.0 4.4 ML CAN
1972 04 30 1711 150.150 -31.010 0.0 3.9 ML BMR
1972 05 16 0618 146.530 -37.090 6.0 3.5 ML CAN
1972 07 23 1759 148.300 -35.600 2.0 3.5 ML CAN
1972 08 14 2234 149.210 -34.790 6.0 3.7 ML CAN
1972 08 16 2125 149.240 -34.810 7.0 3.5 ML CAN
1972 08 31 0049 147.620 -37.340 6.0 3.5 ML CAN
1973 01 06 0832 148.310 -35.620 6.0 3.5 ML CAN
1973 01 25 1601 146.530 -34.720 0.0 3.7 ML CAN
1973 03 09 0047 148.730 -32.320 0.0 3.5 ML CAN
1973 03 09 1909 150.340 -34.187 28.9 5.5 ML MEL
1973 03 09 1921 150.370 -34.150 38.0 3.7 ML CAN
1973 03 09 2041 150.320 -34.160 12.0 3.5 ML CAN
1973 03 10 0411 150.340 -34.180 26.0 3.5 ML CAN
1973 03 10 1253 150.340 -34.160 26.0 3.6 ML CAN
1973 03 13 0614 150.340 -34.160 24.0 3.5 ML CAN
1973 03 14 0606 150.330 -34.200 22.0 3.9 ML CAN
1973 03 16 0148 150.340 -34.170 27.0 3.7 ML CAN
1973 03 19 0256 150.330 -34.190 16.0 3.5 ML CAN
1974 01 05 0639 148.710 -36.230 10.0 3.5 ML CAN
1974 04 16 0044 148.850 -34.890 0.0 3.7 ML BMR
1974 05 06 1946 149.021 -35.033 5.0 3.8 ML BMR
1974 08 16 2033 149.450 -34.880 0.0 3.5 ML CAN
1974 08 24 0044 144.050 -35.940 0.0 3.8 ML BMR
1974 09 20 2009 149.290 -31.670 0.0 3.5 ML BMR
1974 09 21 0616 148.480 -31.980 0.0 3.9 M? BMR
1974 12 16 1416 148.300 -35.580 4.0 3.5 ML CAN
1974 12 17 0446 148.330 -35.590 5.0 3.5 ML CAN
1974 12 17 1623 148.310 -35.600 5.0 3.7 ML CAN
1974 12 17 1624 148.310 -35.600 0.0 4.0 ML CAN
1974 12 22 1123 142.545 -30.577 33.0 3.5 ML ISC
1974 12 23 2229 148.310 -35.600 5.0 3.5 ML CAN
1974 12 24 0114 148.340 -35.600 3.0 3.5 ML CAN
1975 08 21 2043 147.240 -36.820 3.0 3.5 ML CAN
1975 09 15 1834 147.300 -30.200 32.0 3.5 ML BMR
1976 05 01 1516 149.340 -36.070 27.0 4.0 ML CAN
1976 08 23 1914 146.470 -35.300 4.0 3.8 ML BMR
1976 09 08 0421 148.265 -36.493 8.0 3.8 ML MEL
1976 09 15 0439 147.450 -34.250 0.0 3.6 ML CAN
1976 10 01 0046 150.700 -24.600 10.0 3.5 ML BRS
1977 03 05 0604 150.350 -28.136 33.0 4.5 ML ISC
1977 06 30 1248 148.869 -34.667 12.0 4.5 ML BMR
1977 07 04 2005 148.889 -34.654 13.0 5.0 ML BMR
1977 07 19 0448 148.850 -33.570 15.0 3.5 ML CAN
1977 08 27 1306 150.687 -29.875 8.0 3.5 MD GSQ
1977 12 02 1332 144.192 -37.855 13.7 4.7 ML MEL
1978 01 23 0712 151.420 -34.150 0.0 4.0 ML CAN
1978 07 30 1826 149.620 -34.260 13.0 3.5 ML CAN
1978 11 25 0829 144.981 -36.494 17.2 3.5 ML MEL
1979 07 12 0406 149.171 -34.779 4.3 4.0 ML MEL
1979 07 12 0611 149.180 -34.780 0.0 3.5 ML CAN
1980 01 19 2015 150.464 -31.115 10.0 3.2 ML BRS
1980 02 08 0442 150.537 -21.794 9.0 4.3 ML GSQ
1980 02 08 1940 141.620 -24.710 0.0 4.0 ML BMR
1980 02 17 1639 145.510 -34.890 12.0 3.1 ML CAN
1980 03 10 0431 147.480 -34.250 16.0 3.1 ML CAN
1980 04 06 0051 149.316 -28.788 0.0 3.5 MD GSQ
1980 04 24 0417 150.090 -33.760 19.0 3.0 ML CAN
1980 05 01 2110 149.750 -32.890 13.0 3.7 ML CAN
1980 05 16 0941 148.390 -33.380 15.0 3.3 ML CAN
1980 05 21 0447 146.479 -37.969 14.2 3.3 MD MEL
1980 05 21 0448 146.516 -37.945 14.9 3.6 MD MEL
1980 05 21 0457 146.496 -37.954 16.2 3.1 MD MEL
1980 05 23 1746 149.130 -34.210 14.0 3.0 ML CAN
1980 05 23 2026 149.130 -34.180 13.0 3.0 ML CAN
1980 07 02 0313 149.226 -36.191 16.6 4.0 ML MEL
1980 07 07 1230 148.950 -34.510 19.0 3.5 ML CAN
1980 07 19 0051 148.810 -34.580 16.0 3.3 ML CAN
1980 08 13 0605 151.490 -30.130 0.0 3.1 ML BRS
1980 09 04 2105 150.937 -29.126 1.0 4.3 ML BMR
1980 09 07 0955 150.810 -34.330 18.0 3.3 ML CAN
1980 09 15 0017 149.150 -34.520 20.0 3.0 ML CAN
1980 12 02 0052 149.212 -28.370 9.0 3.6 MD GSQ
1980 12 15 1506 151.410 -32.760 16.0 3.4 ML CAN
1980 12 23 0003 149.240 -34.590 8.0 3.0 ML CAN
1980 12 27 0440 143.693 -35.537 17.2 3.4 MD MEL
1981 01 01 0900 149.200 -32.420 0.0 3.2 ML CAN
1981 01 03 2117 150.350 -30.530 0.0 3.1 ML BRS
1981 01 11 1813 149.240 -34.590 16.0 3.0 ML CAN
1981 01 21 0919 149.230 -34.580 14.0 3.0 ML CAN
1981 01 23 1600 147.229 -37.361 2.6 3.3 MD MEL
1981 01 27 1306 147.034 -36.103 2.6 3.2 MD MEL
1981 05 10 1439 150.730 -26.330 19.0 3.8 MD BRS
1981 05 15 1707 148.760 -33.440 0.0 3.0 ML CAN
1981 06 20 1308 150.340 -34.160 21.0 3.5 ML CAN
1981 07 08 1143 148.730 -32.550 0.0 3.0 ML CAN
1981 07 26 1705 148.820 -34.590 15.0 3.0 ML CAN
1981 09 06 1927 149.407 -30.777 0.0 4.0 ML BMR
1981 09 21 0557 144.380 -35.768 2.6 3.1 ML MEL
1981 09 21 1526 144.473 -35.759 8.0 3.4 ML MEL
1981 09 21 1539 144.520 -35.734 7.3 3.1 ML MEL
1981 09 21 1642 144.660 -35.777 6.0 3.5 ML MEL
1981 10 11 0926 151.750 -29.640 7.0 3.2 ML BRS
1981 10 23 0021 151.240 -29.310 0.0 3.4 ML BRS
1981 10 23 0046 151.300 -29.320 0.0 3.6 ML BRS
1981 11 11 1749 151.020 -30.260 7.0 3.6 ML BMR
1981 11 15 1658 150.847 -34.210 18.0 4.8 ML MEL
1981 11 19 1218 150.886 -34.227 12.0 3.3 ML BMR
1981 11 25 1310 149.350 -31.340 0.0 3.6 ML CAN
1981 11 30 0209 148.312 -36.695 9.9 3.7 ML MEL
1981 12 07 1755 150.650 -32.650 29.0 3.4 ML CAN
1981 12 15 0548 149.010 -35.030 15.0 3.0 ML CAN
1981 12 22 1534 146.335 -17.572 8.7 3.2 ML GSQ
1982 01 22 0726 148.768 -36.235 1.0 3.1 ML CAN
1982 01 25 1126 149.200 -28.470 10.0 3.0 ML BRS
1982 02 13 0722 148.223 -36.371 0.0 3.3 ML CAN
1982 03 04 1001 151.280 -29.820 12.0 3.7 ML BRS
1982 03 04 1002 151.200 -29.820 10.0 3.7 ML BRS
1982 03 09 0009 147.904 -36.224 14.4 3.4 ML MEL
1982 03 13 2128 146.650 -33.900 0.0 3.3 ML CAN
1982 03 29 0805 151.430 -29.810 0.0 3.0 ML BRS
1982 03 29 2003 151.040 -29.870 0.0 3.1 ML BRS
1982 04 19 2014 148.880 -33.110 15.0 3.4 ML CAN
1982 05 02 0956 148.250 -34.110 16.0 3.0 ML CAN
1982 05 02 1156 144.204 -35.981 6.7 3.1 ML MEL
1982 05 20 0736 147.237 -33.965 2.0 3.6 ML BMR
1982 05 20 1537 147.540 -34.150 24.0 3.4 ML CAN
1982 06 09 0432 151.570 -29.660 2.0 3.6 ML BRS
1982 09 15 0430 150.870 -34.750 0.0 3.0 ML CAN
1982 09 15 0433 150.870 -34.750 26.0 3.3 ML CAN
1982 09 20 0821 147.420 -34.030 21.0 3.2 ML CAN
1982 09 25 1611 147.210 -33.950 12.0 3.3 ML CAN
1982 09 29 1321 149.250 -34.570 16.0 3.0 ML CAN
1982 09 30 2221 146.522 -36.828 14.1 3.5 ML MEL
1982 10 27 0848 147.706 -34.908 17.2 3.2 ML MEL
1982 11 05 0133 148.963 -34.901 6.5 3.0 ML MEL
1982 11 05 1033 148.840 -34.950 8.0 3.0 ML CAN
1982 11 21 1134 146.972 -37.211 14.5 5.4 ML MEL
1982 11 24 0707 147.235 -33.931 12.7 3.6 ML MEL
1982 11 24 0709 147.328 -33.940 16.9 3.8 ML MEL
1982 11 26 0011 147.338 -34.006 14.1 4.6 ML MEL
1982 11 26 0507 147.380 -33.960 19.0 3.0 ML CAN
1982 11 26 0902 147.290 -33.850 0.0 3.3 ML CAN
1982 11 26 2044 147.314 -33.883 9.1 3.9 ML MEL
1982 11 27 1120 147.290 -33.920 17.0 3.3 ML CAN
1982 11 30 0207 147.270 -33.930 13.0 3.1 ML CAN
1982 12 01 0631 147.330 -33.980 17.0 3.2 ML CAN
1982 12 24 0512 151.550 -29.650 10.0 3.1 ML BRS
1982 12 25 1648 151.900 -33.000 0.0 3.5 ML CAN
1983 01 15 1645 148.580 -36.630 17.0 3.6 ML CAN
1983 01 28 2232 146.190 -34.720 34.0 3.1 ML CAN
1983 01 30 2118 151.356 -25.914 0.0 3.4 MD GSQ
1983 02 06 2313 151.330 -31.080 25.0 4.6 ML CAN
1983 02 09 0429 151.760 -33.830 0.0 3.0 ML CAN
1983 03 07 2326 148.984 -34.651 17.2 3.8 ML MEL
1983 03 08 0643 142.001 -29.982 5.7 3.1 ML ADE
1983 03 19 0500 149.240 -32.880 0.0 4.1 ML CAN
1983 03 22 1339 150.400 -34.350 19.0 3.5 ML CAN
1983 03 23 2114 142.230 -37.533 14.2 3.2 ML MEL
1983 03 24 0653 149.220 -34.770 13.0 3.6 ML CAN
1983 04 08 1001 146.960 -34.360 19.0 3.0 ML CAN
1983 04 08 1933 142.068 -29.786 45.0 5.0 mb ISC
1983 04 12 0656 148.890 -34.330 10.0 3.0 ML CAN
1983 04 14 1516 150.600 -33.460 29.0 3.0 ML CAN
1983 04 15 0604 147.170 -33.970 12.0 3.2 ML CAN
1983 04 26 0905 146.800 -33.060 0.0 3.2 ML CAN
1983 04 29 1651 151.390 -32.560 10.0 3.6 ML CAN
1983 05 08 1217 143.519 -34.451 17.2 3.7 ML MEL
1983 05 10 0923 146.000 -34.650 0.0 3.1 ML CAN
1983 05 18 0842 150.650 -33.980 22.0 3.5 ML CAN
1983 06 17 1545 149.230 -34.600 15.0 3.1 ML CAN
1983 07 14 1702 150.380 -35.470 38.0 3.0 ML CAN
1983 08 06 0831 148.540 -34.550 16.0 3.0 ML CAN
1983 08 12 0742 147.500 -32.300 0.0 3.3 ML CAN
1983 08 14 1043 148.930 -34.770 14.0 3.1 ML CAN
1983 09 24 0725 150.130 -33.600 16.0 3.6 ML CAN
1983 10 05 2349 151.190 -30.360 0.0 4.0 ML BMR
1983 11 01 0050 150.450 -33.900 0.0 3.1 ML CAN
1983 11 13 0642 146.799 -21.035 4.5 3.0 MD GSQ
1983 11 29 0949 149.240 -34.600 14.0 3.1 ML CAN
1983 12 19 0618 148.580 -34.736 12.3 4.1 ML MEL
1984 01 11 1048 138.715 -26.758 30.3 3.5 ML ADE
1984 01 15 0632 148.640 -33.690 16.0 3.2 ML CAN
1984 01 17 1509 151.440 -30.457 18.2 3.4 ML GSQ
1984 01 20 1527 149.170 -34.820 13.0 3.7 ML CAN
1984 02 06 1443 147.436 -35.386 2.6 3.1 ML MEL
1984 02 08 1956 149.290 -34.910 12.0 3.0 ML CAN
1984 02 28 1659 148.642 -35.567 15.4 3.0 ML MEL
1984 03 05 1447 149.260 -36.410 18.0 3.0 ML CAN
1984 03 14 0453 149.290 -34.690 14.0 3.0 ML CAN
1984 04 15 0410 148.830 -33.570 19.0 3.0 ML CAN
1984 06 04 1948 149.169 -34.798 8.1 3.3 ML MEL
1984 07 19 2225 149.190 -34.820 0.0 3.1 ML CAN
1984 07 20 2156 151.340 -32.590 0.0 3.4 ML BMR
1984 07 26 0840 149.190 -34.830 15.0 3.4 ML CAN
1984 07 28 0518 148.900 -35.100 10.0 3.4 ML CAN
1984 07 29 1806 144.232 -36.023 9.3 3.0 ML MEL
1984 08 08 2016 149.200 -34.790 16.0 3.5 ML CAN
1984 08 09 0630 149.129 -34.797 15.6 4.3 ML MEL
1984 08 09 0636 149.150 -34.820 nan 3.3 ML CAN
1984 08 09 0638 149.190 -34.830 nan 3.2 ML CAN
1984 08 09 0641 149.180 -34.820 nan 3.1 ML CAN
1984 08 09 0644 149.180 -34.810 nan 3.1 ML CAN
1984 08 09 0747 149.190 -34.830 15.0 3.2 ML CAN
1984 08 09 0837 149.200 -34.810 nan 3.2 ML CAN
1984 08 09 1001 149.190 -34.820 14.0 3.9 ML CAN
1984 08 09 1033 149.190 -34.830 16.0 3.8 ML CAN
1984 08 09 1037 149.120 -34.810 10.0 3.3 ML CAN
1984 08 09 1143 149.180 -34.800 16.0 3.0 ML CAN
1984 08 09 1401 149.190 -34.820 14.0 3.8 ML CAN
1984 08 09 1522 149.170 -34.800 14.0 3.3 ML CAN
1984 08 09 1535 149.200 -34.830 15.0 3.2 ML CAN
1984 08 10 0128 149.180 -34.820 0.0 3.2 ML CAN
1984 08 10 0129 149.190 -34.820 0.0 3.7 ML CAN
1984 08 10 0146 149.220 -34.810 0.0 3.2 ML CAN
1984 08 12 0128 149.190 -34.830 16.0 3.0 ML CAN
1984 08 12 1110 149.170 -34.800 0.0 3.0 ML CAN
1984 08 12 1256 149.190 -34.810 15.0 3.3 ML CAN
1984 08 13 0331 149.170 -34.810 0.0 3.4 ML CAN
1984 09 22 0911 149.170 -34.810 nan 3.0 ML CAN
1984 10 30 0629 151.965 -26.313 6.5 3.9 ML BRS
1984 11 01 0154 149.160 -34.790 16.0 3.5 ML CAN
1984 11 01 0249 149.180 -34.800 13.0 3.2 ML CAN
1984 11 01 0440 149.190 -34.800 nan 3.0 ML CAN
1984 11 04 1424 149.107 -34.797 13.8 3.5 ML MEL
1984 11 06 0818 149.210 -34.790 9.0 3.1 ML CAN
1984 11 07 1819 149.120 -34.775 13.6 3.9 ML MEL
1984 11 11 0007 149.190 -34.800 15.0 3.3 ML CAN
1984 11 24 2248 150.703 -24.698 30.0 3.7 ML GSQ
1984 11 24 2250 150.665 -24.569 18.0 3.5 ML GSQ
1984 11 28 1724 149.180 -34.780 15.0 3.2 ML CAN
1984 12 04 1318 149.180 -34.750 0.0 3.0 ML CAN
1985 01 27 0403 152.292 -24.507 8.3 3.1 ML GSQ
1985 01 30 2041 140.940 -26.583 0.0 3.1 ML BMR
1985 02 13 0801 150.204 -33.448 14.6 4.3 ML MEL
1985 02 13 1159 150.140 -33.380 12.0 3.2 ML CAN
1985 03 09 1214 149.170 -34.780 8.0 3.1 ML CAN
1985 03 24 0316 149.190 -34.770 14.0 3.0 ML CAN
1985 04 05 0815 149.180 -34.770 14.0 3.2 ML CAN
1985 04 24 0112 148.350 -34.380 14.0 3.0 ML CAN
1985 05 10 0025 150.130 -33.630 0.0 3.0 ML BMR
1985 05 26 0458 149.350 -34.940 9.0 3.0 ML CAN
1985 06 05 2107 149.372 -27.979 3.0 3.5 ML GSQ
1985 06 18 2256 145.860 -37.553 15.3 3.1 ML MEL
1985 06 25 2155 142.284 -36.982 13.8 3.4 ML MEL
1985 07 13 2146 150.080 -33.560 14.0 3.2 ML CAN
1985 07 13 2306 150.110 -33.630 0.0 3.1 ML CAN
1985 07 27 1643 148.483 -19.281 5.0 3.5 ML GSQ
1985 07 28 0313 151.711 -24.336 9.0 3.0 ML GSQ
1985 08 02 1216 149.203 -19.443 9.8 4.7 ML GSQ
1985 08 05 0838 147.586 -36.703 14.5 3.8 ML MEL
1985 08 12 0702 149.259 -28.709 0.0 4.4 ML ISC
1985 08 18 0503 148.740 -34.250 17.0 3.0 ML CAN
1985 08 20 0655 150.592 -30.258 10.0 3.4 ML GSQ
1985 08 22 1416 152.727 -32.489 12.0 3.5 ML GSQ
1985 09 18 0605 147.270 -33.900 15.0 3.2 ML CAN
1985 10 02 1231 149.280 -32.280 nan 3.0 ML CAN
1985 12 02 0619 151.725 -25.392 10.0 3.2 ML GSQ
1985 12 20 1922 150.909 -30.478 9.9 3.2 ML GSQ
1986 01 07 1006 149.190 -34.790 15.0 3.1 ML CAN
1986 01 08 0955 152.526 -27.076 8.7 3.2 ML GSQ
1986 02 20 2143 150.580 -33.296 11.8 4.0 ML MEL
1986 03 13 0950 146.833 -36.598 6.3 3.1 ML MEL
1986 04 10 1853 144.851 -35.798 5.4 3.8 ML MEL
1986 04 24 0443 143.379 -36.147 0.8 3.1 ML MEL
1986 06 27 0130 140.195 -25.515 4.8 3.3 ML ADE
1986 07 07 0627 151.188 -29.914 0.0 3.1 ML GSQ
1986 07 14 1036 144.210 -35.990 10.9 3.1 ML MEL
1986 08 24 0819 146.578 -37.982 15.6 3.1 ML MEL
1986 08 31 1753 151.240 -30.260 9.0 3.3 ML GSQ
1986 09 22 0503 145.556 -34.295 3.6 3.0 ML MEL
1986 09 22 0525 145.480 -34.242 10.0 3.0 ML MEL
1986 09 22 0546 145.592 -34.253 17.0 3.3 ML MEL
1986 09 22 0551 145.564 -34.310 10.7 3.0 ML MEL
1986 09 22 0630 145.550 -34.290 0.0 3.1 ML CAN
1986 09 22 1421 145.566 -34.264 17.2 3.7 ML MEL
1986 09 22 1658 145.550 -34.290 0.0 3.0 ML CAN
1986 09 25 1422 143.858 -22.626 0.2 3.1 ML GSQ
1987 01 16 1308 148.280 -36.270 12.0 3.0 MD CAN
1987 04 09 1038 151.017 -30.867 10.0 3.4 ML GSQ
1987 05 30 1444 146.554 -37.947 17.0 3.9 ML MEL
1987 06 20 0823 149.200 -34.770 nan 3.0 MD CAN
1987 06 24 1453 150.150 -33.510 18.0 3.4 MD CAN
1987 06 24 1504 150.105 -33.401 5.1 5.0 ML MEL
1987 06 24 1532 150.103 -33.411 0.0 3.4 ML BMR
1987 06 24 1547 150.150 -33.430 10.0 3.4 MD CAN
1987 06 26 2328 149.197 -34.755 4.0 3.1 MD BMR
1987 08 26 0138 151.168 -32.732 0.0 3.3 MD BMR
1987 09 04 0715 152.585 -32.088 0.0 3.4 ML BMR
1987 09 27 1601 147.825 -19.304 9.0 4.6 ML BMR
1987 09 28 1937 150.641 -29.394 0.0 3.4 ML GSQ
1987 11 11 0052 149.211 -37.622 11.2 3.1 ML MEL
1987 12 16 0455 142.801 -24.864 10.0 4.2 mL ISC
1987 12 22 1506 141.479 -36.158 15.7 4.9 ML GG
1987 12 22 1825 141.462 -36.075 17.2 3.2 ML MEL
1987 12 23 0543 141.479 -36.148 8.5 3.0 ML MEL
1988 01 15 1025 148.912 -29.723 5.0 3.2 ML BMR
1988 02 26 1346 149.071 -19.490 4.0 3.3 ML GSQ
1988 04 07 2257 145.925 -37.036 13.4 3.0 ML MEL
1988 04 09 0122 149.667 -32.239 10.0 3.9 ML USGS
1988 04 19 0623 149.321 -37.610 3.6 3.2 ML MEL
1988 04 21 1645 144.463 -35.670 7.5 3.2 ML MEL
1988 04 30 1700 149.906 -33.528 10.0 3.4 ML MEL
1988 05 10 0640 149.343 -37.785 11.6 3.2 ML MEL
1988 06 22 0631 140.128 -26.514 0.0 3.2 ML BMR
1988 07 01 0917 144.513 -35.712 2.7 3.3 ML MEL
1988 07 01 0918 144.800 -35.590 6.0 3.3 ML AUST
1988 07 03 0823 144.496 -35.672 3.6 4.0 ML MEL
1988 07 03 0917 144.507 -35.737 8.5 3.2 ML MEL
1988 08 14 2323 152.333 -27.561 9.6 4.0 ML BRS
1988 10 29 2052 151.291 -24.913 10.0 3.2 ML GSQ
1989 01 05 2048 147.171 -33.842 5.4 3.9 ML MEL
1989 03 26 1418 151.205 -21.390 19.0 3.5 ML GSQ
1989 04 18 0351 148.586 -36.416 11.0 3.5 ML MEL
1989 05 13 0217 147.000 -30.362 15.0 3.0 ML BMR
1989 05 23 1208 143.978 -28.843 5.0 4.0 ML BMR
1989 07 15 0306 144.501 -35.730 8.6 3.2 ML MEL
1989 08 08 0654 141.152 -27.923 6.7 3.2 ML ADE
1989 08 25 1509 144.588 -36.184 21.4 3.2 ML MEL
1989 10 14 0146 147.239 -33.932 0.0 3.1 ML BMR
1989 11 08 2102 150.478 -29.824 10.0 3.0 ML BRS
1989 11 14 0830 149.176 -34.750 5.0 3.2 ML BMR
1989 11 16 1043 146.349 -17.463 18.9 4.5 ML GSQ
1989 12 16 0028 150.670 -34.700 23.0 3.3 MD AGSO
1989 12 27 2326 151.610 -32.952 10.5 5.6 ML MEL
1990 01 13 1555 149.176 -34.752 0.0 3.4 ML MEL
1990 03 12 0117 150.923 -20.142 5.0 3.0 ML GSQ
1990 03 30 1133 150.830 -34.250 0.0 3.0 MD CAN
1990 04 27 1602 147.247 -27.499 10.0 3.0 ML GSQ
1990 05 11 0222 146.368 -37.759 2.7 3.0 ML MEL
1990 05 13 0535 146.144 -17.292 7.6 4.3 ML GSQ
1990 05 19 1709 146.370 -37.761 3.6 3.0 ML MEL
1990 05 28 0336 152.350 -25.670 5.0 3.4 ML AGSO
1990 09 13 1749 148.780 -34.060 5.0 3.0 ML AUST
1990 09 13 1928 149.320 -32.670 nan 3.3 MD CAN
1990 11 14 1856 150.808 -30.430 10.0 3.7 ML GSQ
1991 01 04 0247 146.732 -28.930 10.0 3.6 ML GSQ
1991 01 14 1443 151.550 -30.630 10.0 3.1 ML BMR
1991 01 23 0426 149.067 -34.183 1.4 3.2 ML MEL
1991 02 17 0319 146.297 -17.211 15.0 3.2 ML GSQ
1991 04 06 0144 149.814 -20.499 8.0 3.2 ML GSQ
1991 05 03 1728 144.086 -36.898 1.4 3.5 ML MEL
1991 05 20 1336 148.850 -34.055 11.8 3.5 ML MEL
1991 06 08 1955 144.108 -36.889 0.0 3.0 ML MEL
1991 09 11 0536 148.895 -19.712 8.8 3.2 ML GSQ
1991 09 11 0713 148.979 -19.792 11.0 3.0 ML GSQ
1991 09 24 0436 149.051 -27.890 7.6 4.1 ML GSQ
1991 09 28 1505 149.330 -27.479 7.5 3.6 ML GSQ
1991 11 22 0711 146.144 -36.618 10.1 3.2 ML MEL
1991 11 24 0801 149.148 -34.730 10.0 3.0 ML MEL
1991 12 01 1813 152.502 -26.527 2.4 3.6 ML BRS
1992 07 02 1845 149.231 -34.753 5.1 3.3 ML MEL
1992 07 30 0823 149.609 -19.444 4.6 3.1 ML GSQ
1992 08 19 1118 151.366 -30.243 0.0 3.1 ML GSQ
1992 08 22 0250 149.995 -37.788 15.2 3.8 ML MEL
1992 10 11 0203 147.508 -34.367 17.2 4.1 ML MEL
1992 11 30 0336 151.408 -30.261 8.0 3.2 ML BRS
1992 12 12 0502 148.704 -34.376 2.1 3.5 ML MEL
1992 12 21 2218 151.436 -30.264 8.0 3.0 ML BRS
1993 04 05 1648 151.267 -32.889 0.0 3.0 ML MEL
1993 05 22 0005 151.320 -32.863 0.0 3.1 ML MEL
1993 05 24 0346 151.298 -32.909 0.0 3.1 ML MEL
1994 04 03 1924 146.372 -17.186 17.8 3.4 ML BRS
1994 05 21 0859 146.962 -36.034 3.0 3.0 ML MEL
1994 06 17 1152 148.867 -20.208 4.1 3.4 ML BRS
1994 07 09 1430 144.997 -31.996 6.3 4.2 ML MEL
1994 07 17 1135 151.444 -29.992 8.0 3.0 ML BRS
1994 08 06 1103 151.292 -32.917 0.6 5.1 ML MEL
1994 08 19 0219 148.377 -33.475 0.0 3.1 ML MEL
1994 08 19 1809 148.356 -33.443 3.1 3.2 ML MEL
1994 08 19 2352 148.365 -33.446 2.1 3.5 ML MEL
1994 08 21 0215 148.359 -33.426 1.1 3.0 ML MEL
1994 08 21 0553 148.361 -33.423 0.7 4.1 ML MEL
1994 09 04 0108 144.502 -16.987 0.0 4.0 ML AGSO
1994 09 27 0758 148.646 -36.219 9.5 3.1 ML MEL
1995 01 12 1250 151.078 -30.083 2.4 3.1 ML BRS
1995 01 14 0223 145.980 -30.815 10.0 3.6 ML MEL
1995 03 16 1231 148.242 -36.279 0.7 3.1 ML MEL
1995 03 17 0803 146.463 -17.982 10.0 3.6 ML BRS
1995 03 17 1741 146.000 -18.250 5.0 3.2 ML AGSO
1995 03 26 0653 147.233 -35.958 3.7 3.1 ML MEL
1995 05 03 0424 150.249 -33.186 10.7 3.0 ML MEL
1995 05 20 1129 150.083 -33.868 13.8 3.6 ML MEL
1995 05 28 2312 151.549 -32.543 13.7 3.7 ML MEL
1995 06 03 1820 143.374 -36.109 5.6 3.1 ML MEL
1995 07 21 1426 148.859 -36.031 4.8 3.3 ML MEL
1995 07 29 1343 148.735 -34.283 2.8 3.0 ML MEL
1995 07 30 0441 147.658 -36.761 11.3 3.6 ML MEL
1995 08 17 0141 148.739 -34.313 3.6 3.0 ML MEL
1995 08 19 0901 148.741 -34.312 1.3 3.1 ML MEL
1995 09 12 1023 148.720 -34.310 0.0 3.2 ML MEL
1995 10 14 0411 148.761 -34.317 3.0 3.1 ML MEL
1995 11 17 1243 144.571 -36.196 3.9 3.0 ML MEL
1995 11 17 1301 145.133 -33.126 10.0 3.7 ML MEL
1995 11 18 0932 144.764 -37.114 13.5 3.7 ML MEL
1996 02 18 1934 148.666 -36.152 12.8 3.6 ML MEL
1996 03 05 0027 143.286 -36.102 2.3 3.0 ML MEL
1996 04 05 1715 148.246 -19.475 33.0 3.5 ML ISC
1996 06 04 0827 144.257 -29.037 8.5 3.4 ML BRS
1996 07 23 1554 149.859 -37.812 5.0 3.1 ML MEL
1996 08 13 0430 143.613 -30.141 8.1 5.1 ML MEL
1996 08 13 0544 143.550 -30.098 5.0 3.0 ML AUST
1996 08 13 1233 149.214 -34.749 0.0 3.0 ML MEL
1996 08 14 0316 143.501 -30.153 5.0 3.6 ML AUST
1996 08 14 0929 143.538 -30.121 5.0 4.4 ML AUST
1996 08 14 1032 143.647 -30.136 5.0 3.7 ML AUST
1996 09 07 1105 141.742 -37.394 11.2 3.2 ML MEL
1996 09 10 1835 141.998 -37.575 17.2 3.0 ML MEL
1996 09 12 1453 146.529 -28.354 10.0 3.8 ML BRS
1996 09 25 0453 146.425 -37.859 10.8 3.3 ML MEL
1996 09 25 0749 146.421 -37.863 11.4 5.0 ML MEL
1996 10 01 2142 150.393 -33.830 8.7 3.0 ML MEL
1996 12 27 1620 151.255 -29.839 0.7 3.1 ML MEL
1996 12 27 1628 151.256 -29.841 2.7 3.4 ML MEL
1997 01 02 0711 148.778 -28.454 17.2 3.2 ML MEL
1997 02 15 1328 146.553 -20.440 10.0 3.5 ML BRS
1997 04 21 1727 151.009 -20.334 33.0 3.9 mb ISC
1997 05 28 1755 152.816 -24.449 8.1 3.0 ML BRS
1997 06 27 0320 146.094 -36.781 8.5 3.9 ML MEL
1997 07 08 1001 152.985 -31.591 5.9 3.6 ML MEL
1997 07 30 1530 142.600 -28.090 11.0 3.2 ML AGSO
1997 08 22 2303 148.197 -34.620 0.9 3.0 ML MEL
1997 08 23 0012 148.197 -34.627 3.6 3.2 ML MEL
1997 10 03 0108 147.164 -22.789 10.0 3.5 ML ISC
1997 10 12 1451 149.563 -32.046 3.6 3.1 ML MEL
1997 10 22 0401 146.640 -22.430 33.0 3.3 ML ISC
1997 10 24 1831 147.098 -20.400 19.1 3.0 ML BRS
1997 12 04 0330 147.641 -22.833 0.0 3.2 ML EIDC
1998 02 13 2320 150.650 -25.707 3.6 4.3 ML GG
1998 02 14 1823 148.702 -35.375 8.5 4.2 ML MEL
1998 03 09 1240 150.055 -32.171 3.7 3.6 ML MEL
1998 03 28 0902 152.323 -32.828 8.0 3.0 ML MEL
1998 05 22 1901 147.928 -34.610 11.7 3.9 ML MEL
1998 06 30 0258 152.650 -21.253 3.0 4.1 ML AGSO
1998 07 17 0122 148.007 -36.439 19.0 4.5 ML MEL
1998 08 11 1825 144.432 -32.258 16.2 4.2 ML MEL
1998 08 17 0058 144.420 -32.090 0.0 3.0 ML AGSO
1998 08 19 1112 148.911 -35.631 3.6 3.2 ML MEL
1998 09 27 0147 147.437 -34.218 3.6 3.0 ML MEL
1998 10 16 1346 147.457 -34.751 15.6 3.9 ML MEL
1998 10 21 0000 147.111 -34.048 3.6 3.1 ML MEL
1998 11 02 1709 151.146 -22.808 0.0 4.7 ML AGSO
1998 11 07 2242 148.893 -35.144 6.7 3.1 ML MEL
1998 12 31 0611 149.154 -35.783 4.4 3.4 ML MEL
1999 02 02 2359 140.080 -26.288 10.0 3.3 ML MEL
1999 02 11 1245 144.797 -17.181 0.0 3.7 ML RC
1999 02 21 0651 142.960 -28.770 0.0 3.3 ML AGSO
1999 03 10 0006 148.184 -33.958 4.5 3.1 ML MEL
1999 03 14 0013 147.070 -34.009 12.2 4.4 ML MEL
1999 03 15 0315 151.400 -25.200 nan 3.0 ML SEQW
1999 03 17 0158 150.748 -34.253 5.3 4.4 ML MEL
1999 03 25 1226 146.755 -20.359 0.0 3.4 ML AGSO
1999 04 16 1051 145.984 -37.413 3.6 3.1 ML MEL
1999 04 26 2114 151.278 -29.750 3.6 3.0 ML MEL
1999 05 25 0044 150.179 -30.262 8.6 3.0 ML MEL
1999 05 31 1915 140.140 -25.850 10.0 3.1 ML AGSO
1999 06 23 0550 143.739 -35.079 16.0 3.1 ML MEL
1999 07 13 0142 148.976 -34.286 3.6 3.0 ML MEL
2000 03 16 1326 146.103 -37.496 8.4 3.7 ML MEL
2000 03 20 1738 145.684 -17.190 10.0 3.1 ML RC
2000 06 11 1906 150.167 -29.492 3.6 3.4 ML MEL
2000 06 22 1813 144.864 -36.815 5.7 3.1 ML MEL
2000 08 03 0931 143.302 -28.676 0.0 3.2 ML AGSO
2000 10 23 2138 141.755 -34.464 11.9 3.6 ML MEL
2001 02 27 0102 141.888 -28.470 10.0 3.3 ML USGS
2001 03 09 1609 141.970 -28.528 10.0 3.2 ML USGS
2001 03 13 1235 147.173 -33.923 3.6 3.3 ML MEL
2001 05 02 0135 144.442 -37.174 17.8 3.0 ML MEL
2001 05 18 1837 148.780 -34.290 2.0 3.2 ML AGSO
2001 06 13 2027 149.480 -34.890 17.0 3.2 ML AGSO
2001 10 13 0442 147.675 -36.833 8.2 3.6 ML MEL
2001 10 27 0758 143.643 -35.356 14.1 4.8 ML MEL
2001 11 11 1158 144.180 -29.320 6.0 3.2 ML AUST
2001 11 23 0333 148.310 -33.901 4.2 3.7 ML MEL
2001 12 16 2038 147.155 -37.119 15.0 3.4 ML AUST
2001 12 18 0616 149.488 -33.199 33.0 3.2 ML ISC
2001 12 21 0307 148.283 -33.927 10.0 3.3 ML MEL
2002 01 22 0918 144.701 -36.443 13.3 3.4 ML MEL
2002 02 14 1327 150.659 -34.425 14.3 3.8 ML MEL
2002 03 01 0559 146.980 -32.290 0.0 3.2 ML IDC
2002 03 04 0750 147.296 -33.862 3.6 3.1 ML MEL
2002 05 02 2148 150.975 -25.413 5.0 3.0 ML AUST
2002 06 02 0012 148.126 -34.613 7.4 3.1 ML MEL
2002 08 22 0658 149.069 -28.443 0.0 3.0 ML AUST
2002 08 22 2123 148.245 -33.897 4.1 3.9 ML MEL
2002 09 23 1400 141.724 -26.446 10.0 3.0 ML ISC
2002 10 24 2203 142.250 -35.666 10.0 3.1 ML MEL
2002 11 04 1934 144.106 -35.043 2.7 3.4 ML MEL
2002 12 01 0038 145.830 -18.533 0.0 3.0 ML RC
2002 12 26 2107 151.288 -30.258 3.0 3.0 ML AUST
2003 01 14 1343 149.012 -35.019 1.0 3.1 ML AUST
2003 03 10 1228 144.089 -35.077 14.9 3.3 ML MEL
2003 04 17 2150 149.143 -21.237 2.0 3.9 ML RC
2003 05 17 0651 148.416 -36.208 2.0 3.0 ML AUST
2003 06 28 0220 151.390 -25.837 2.0 3.2 ML RC
2003 07 11 0818 147.859 -34.611 1.0 3.3 ML AUST
2003 07 27 2250 149.751 -34.224 6.0 3.1 ML AUST
2003 08 11 0704 146.911 -18.529 12.0 4.3 mb ISC
2003 08 29 0308 151.472 -20.975 0.0 3.1 ML IDC
2003 10 06 0606 152.237 -26.545 10.0 3.6 ML MEL
2003 11 13 1403 140.682 -27.906 10.0 3.0 ML ISC
2003 11 26 0439 149.247 -34.773 0.0 3.0 ML AUST
2003 12 02 1400 140.654 -27.831 1.0 3.3 ML ISC
2003 12 04 0155 140.650 -27.858 0.0 3.6 ML AUST
2003 12 05 1745 140.618 -27.793 6.7 3.9 mb ISC
2003 12 07 0121 140.523 -27.730 5.0 3.3 ML AUST
2003 12 07 1831 140.520 -27.757 5.0 3.0 ML AUST
2003 12 11 1019 150.464 -34.498 12.2 4.2 ML MEL
2003 12 18 0731 144.131 -29.041 10.0 3.2 ML AUST
2003 12 29 1331 144.531 -35.413 11.0 3.6 ML AUST
2004 01 16 1505 151.601 -25.069 17.0 4.4 ML GG
2004 02 05 0839 150.652 -20.310 10.0 3.5 ML RC
2004 02 21 2355 151.323 -26.416 1.0 3.9 ML RC
2004 02 28 1132 147.694 -35.005 10.8 3.6 ML MEL
2004 05 15 2138 152.044 -32.210 10.0 3.1 ML MEL
2004 06 15 2259 146.085 -17.315 4.0 3.4 ML RC
2004 10 01 1946 146.377 -26.907 0.0 3.0 ML IDC
2005 01 05 0831 153.415 -26.097 1.7 3.6 ML RC
2005 01 18 1009 147.191 -33.845 13.0 3.7 ML AUST
2005 02 06 0935 146.071 -37.343 3.1 3.0 ML MEL
2005 03 07 1622 151.291 -26.527 5.0 3.6 ML ISC
2005 03 08 1445 145.887 -16.631 9.2 3.0 ML RC
2005 04 14 1316 149.272 -28.550 0.0 3.2 ML AUST
2005 07 11 2019 144.777 -31.253 9.0 3.0 ML AUST
2005 09 03 2305 148.654 -34.401 4.1 3.5 ML AUST
2005 09 09 0401 142.166 -30.328 0.0 3.3 ML AUST
2005 09 12 1604 140.558 -27.737 2.0 3.0 ML AUST
2005 09 13 0044 147.176 -18.256 10.0 3.6 ML RC
2005 10 31 1813 150.151 -33.612 7.9 3.4 ML MEL
2005 12 28 2054 147.894 -28.191 0.0 4.4 ML AUST
2006 01 02 2043 150.938 -29.978 15.0 3.1 ML RC
2006 01 12 2219 146.595 -23.880 10.0 3.9 ML MEL
2006 02 04 1631 148.168 -37.465 13.1 4.2 ML MEL
2006 03 02 0617 149.200 -34.828 8.7 3.6 ML MEL
2006 03 27 2157 150.478 -29.190 0.0 4.0 ML MEL
2006 04 21 0811 149.144 -34.811 5.2 3.1 ML AUST
2006 06 15 1801 146.982 -27.904 10.0 3.0 ML RC
2006 07 28 0549 147.359 -18.323 0.9 3.9 ML RC
2006 08 13 1330 149.201 -34.780 10.0 3.6 ML MEL
2006 10 01 0724 140.969 -35.549 7.7 3.1 ML MEL
2006 10 21 0951 149.167 -34.031 18.4 4.0 ML MEL
2007 01 12 2029 144.987 -20.775 5.9 3.0 ML RC
2007 03 08 0234 145.746 -37.903 10.6 3.6 ML MEL
2007 04 11 0058 151.010 -34.253 20.0 3.1 ML AUST
2007 05 22 1930 142.048 -29.776 10.3 3.4 ML AUST
2007 08 12 1524 144.649 -32.448 10.0 3.5 ML MEL
2007 08 18 0357 150.372 -34.357 22.6 3.1 ML MEL
2007 08 25 0606 151.432 -26.495 4.0 3.9 ML AUST
2007 09 14 0906 148.631 -29.850 10.0 3.4 ML AUST
2008 02 13 2157 146.593 -27.523 10.0 4.4 ML MEL
2008 03 01 0024 144.668 -36.154 10.0 3.7 ML AUST
2008 03 18 0102 148.433 -32.519 11.0 3.7 ML AUST
2008 05 22 0949 150.938 -29.060 nan 3.1 ML MEL
2008 06 06 0803 152.329 -31.907 10.0 3.0 ML MEL
2008 06 09 0137 146.881 -30.167 10.0 3.7 ML AUST
2008 08 26 0534 149.208 -34.730 3.0 3.1 ML MEL
2008 09 05 0539 150.776 -32.848 0.0 3.1 ML AUST
2008 09 24 2331 144.490 -35.733 10.0 3.0 ML MEL
2009 03 11 1325 150.743 -32.535 11.5 3.5 ML MEL
2009 04 09 0304 148.728 -32.418 10.0 3.5 ML MEL
2009 04 26 1253 147.478 -18.269 5.0 4.0 ML MEL
2009 05 23 1924 152.702 -21.949 5.0 3.1 ML MEL
2009 08 28 2220 150.338 -34.217 3.4 3.4 ML AUST
2009 09 28 0853 148.953 -33.442 0.0 3.2 ML AUST
2009 12 10 1136 147.497 -18.528 10.0 3.6 ML MEL
2010 02 20 1850 149.618 -34.721 10.0 3.2 ML MEL
2010 03 11 1625 152.386 -32.664 9.4 3.6 ML MEL
2010 03 14 1829 148.949 -33.451 0.8 3.5 ML MEL
2010 03 22 2111 148.923 -33.366 2.6 3.5 ML MEL
2010 04 18 2320 150.983 -32.114 5.2 3.0 ML MEL
2010 05 26 1009 144.744 -36.747 10.4 3.2 ML MEL
2010 05 31 1920 149.665 -32.694 10.0 3.0 ML MEL
2010 09 29 0909 144.097 -29.636 10.0 4.0 ML MEL
2010 10 16 1407 146.453 -37.980 5.7 3.5 ML MEL
2010 10 27 1418 143.594 -29.438 7.3 4.6 mb AUST
2010 10 27 1513 143.756 -29.599 0.0 3.0 ML AUST
2010 10 27 1514 143.805 -29.652 0.0 3.0 ML AUST
2010 12 11 0753 145.549 -16.479 18.0 3.4 ML MEL
2010 12 15 0616 140.985 -25.345 0.0 3.2 ML IDC
2011 01 23 1940 148.475 -28.386 18.0 3.9 ML MEL
2011 01 25 1128 148.988 -33.491 2.0 3.0 ML MEL
2011 03 15 0608 146.334 -17.342 10.0 3.8 ML ISC
2011 04 16 0531 147.718 -20.055 10.0 5.3 ML MEL
2011 04 16 0613 147.762 -20.153 10.0 3.1 ML MEL
2011 04 16 0706 147.733 -20.097 10.0 4.2 ML MEL
2011 04 19 0738 147.728 -20.137 12.3 3.1 ML MEL
2011 05 05 0535 147.651 -20.242 nan 3.1 ML AUST
2011 05 13 2325 151.692 -25.003 7.9 3.6 ML MEL
2011 05 26 1228 147.232 -26.801 10.0 3.4 ML AUST
2011 06 01 0329 142.491 -37.430 15.0 4.0 ML MEL
2011 07 29 0337 143.839 -29.604 15.0 3.0 ML AUST
2011 09 17 1628 147.678 -20.100 14.0 4.0 ML MEL
2011 11 13 0005 151.211 -29.827 10.0 3.0 ML MEL
2011 11 13 0010 150.819 -30.127 10.0 3.0 ML MEL
2011 12 31 2026 145.934 -17.852 10.0 3.0 ML MEL
2012 01 03 0521 142.648 -29.945 3.0 3.1 ML AUST
2012 01 05 1405 152.510 -21.973 10.0 4.1 ML MEL
2012 02 16 1048 147.963 -27.051 10.0 4.2 ML MEL
2012 04 06 0643 146.118 -16.996 10.0 3.0 ML MEL
2012 04 19 1909 148.642 -35.328 8.2 3.9 ML MEL
2012 06 05 0912 148.757 -34.304 10.0 3.1 ML MEL
2012 06 08 1131 150.521 -30.805 17.0 4.4 ML GG
2012 06 08 1132 150.504 -30.774 3.7 4.3 ML MEL
2012 06 22 0916 148.646 -34.066 10.0 3.9 ML MEL
2012 07 30 0334 146.159 -17.025 10.0 3.5 ML MEL
2012 09 10 0623 151.806 -33.506 15.5 3.4 ML MEL
2012 09 23 1629 151.465 -26.333 6.5 3.1 ML MEL
2012 11 13 0747 139.784 -28.308 10.0 3.0 ML ADE
2012 11 20 1912 140.661 -27.817 18.0 3.0 ML AUST
2012 11 27 0713 140.751 -27.793 0.0 3.6 ML AUST
2012 11 27 0802 140.711 -27.837 5.0 3.2 ML AUST
2012 11 29 1453 140.758 -27.832 14.0 3.3 ML AUST
2012 11 29 1748 140.764 -27.838 10.0 3.0 ML AUST
2012 11 29 1819 140.676 -27.818 12.0 3.2 ML AUST
2012 11 29 1921 140.659 -27.756 5.0 3.9 ML AUST
2012 11 29 1929 140.650 -27.740 10.0 3.2 ML AUST
2012 11 29 1945 140.687 -27.757 10.0 3.2 ML AUST
2012 11 29 2005 140.674 -27.730 10.0 3.0 ML AUST
2012 11 29 2208 140.625 -27.785 12.0 3.3 ML AUST
2012 11 29 2226 140.592 -27.763 10.0 3.3 ML AUST
2012 11 30 0752 140.531 -27.704 0.0 3.1 ML AUST
2012 12 01 1848 140.684 -27.844 10.0 3.0 ML AUST
2012 12 04 2017 151.473 -25.785 10.0 3.5 ML AUST
2012 12 21 1526 152.226 -32.394 4.0 3.4 ML MEL
2013 01 12 1610 148.918 -34.186 9.0 3.2 ML AUST
2013 01 18 1726 148.959 -34.219 10.0 3.1 ML MEL
2013 02 15 1232 145.861 -36.935 2.4 3.0 ML MEL
2013 02 18 0923 148.958 -33.444 0.0 3.4 ML MEL
2013 02 21 1336 144.501 -36.051 23.1 3.4 ML MEL
2013 02 26 1253 140.821 -27.750 19.6 3.6 ML ADE
2013 05 13 1108 150.850 -29.160 10.0 3.3 ML MEL
2013 06 01 0558 148.848 -23.645 3.0 3.2 ML AUST
2013 06 03 1944 149.014 -29.030 10.0 3.5 ML MEL
2013 06 22 1157 146.147 -36.777 12.2 3.4 ML MEL
2013 07 21 0848 150.889 -32.289 0.0 3.4 ML MEL
2013 10 07 2015 150.788 -34.165 6.2 3.6 ML MEL
2013 11 03 0251 150.039 -36.400 10.0 3.6 ML MEL
2013 11 27 0924 145.551 -28.230 15.0 3.0 ML AUST
2013 11 29 0211 151.030 -32.464 1.0 3.6 ML MEL
2013 11 30 0549 139.480 -28.545 21.5 3.9 ML ADE
2013 12 27 1333 139.889 -25.638 9.5 3.2 ML ADE
2014 01 13 0458 145.350 -37.874 11.8 3.0 ML MEL
2014 01 23 0902 148.780 -32.896 3.9 4.1 ML MEL
2014 01 25 1338 150.739 -32.485 10.0 3.1 ML SRC
2014 02 22 1705 141.257 -24.615 0.0 3.0 ML AUST
2014 02 27 0149 147.204 -33.850 0.0 3.2 ML AUST
2014 03 01 0513 147.003 -33.835 10.0 3.0 ML MEL
2014 04 21 1651 148.608 -32.608 2.0 3.7 ML MEL
2014 06 14 1419 151.679 -25.228 5.0 3.1 ML MEL
2014 07 20 2026 147.876 -28.249 15.0 4.3 ML MEL
2014 08 08 1617 146.416 -17.044 0.0 3.3 ML AUST
2014 08 13 1522 142.053 -33.520 10.0 3.8 ML GG
2014 08 22 0835 150.662 -25.701 4.0 3.0 ML MEL
2014 08 22 0838 150.668 -25.714 4.0 3.1 ML MEL
2014 08 27 0946 152.989 -31.979 10.0 3.1 ML MEL
2014 08 27 2101 150.633 -25.654 1.3 3.1 ML MEL
2014 09 01 1418 139.617 -26.190 23.1 3.5 ML ADE
2014 09 23 1155 151.367 -32.870 0.0 3.1 ML SRC
2014 10 19 0334 140.730 -27.771 20.0 3.2 ML ADE
2014 11 19 0513 147.923 -35.146 8.7 3.7 ML MEL
2015 01 24 1844 143.344 -23.751 10.0 3.3 ML AUST
2015 02 15 1557 151.555 -25.102 10.0 5.2 ML SRC
2015 02 15 1640 151.598 -25.108 5.5 3.4 ML SRC
2015 02 15 1737 151.554 -25.090 0.9 3.7 ML SRC
2015 02 16 0556 151.559 -25.104 10.0 4.2 ML SRC
2015 06 23 0710 151.524 -25.090 0.0 3.1 ML SRC
2015 06 25 0729 152.368 -27.049 7.3 3.2 ML SRC
2015 07 20 1418 149.165 -34.751 2.5 3.0 ML SRC
2015 07 21 0505 151.831 -28.781 1.0 3.0 ML SRC
2015 08 26 0129 151.522 -25.105 10.0 3.0 ML SRC
2015 11 18 0738 148.849 -19.787 8.7 3.7 ML SRC
2015 12 01 0907 150.743 -24.787 10.0 3.3 ML SRC
2015 12 30 1346 141.757 -26.495 34.3 3.1 ML ADE
2015 12 31 2311 141.757 -26.495 34.0 3.0 ML ADE
2016 01 30 1739 149.080 -35.910 7.0 3.6 ML AUST
2016 02 10 0503 148.772 -35.032 0.0 3.1 ML AUST
2016 08 11 0544 150.855 -32.261 10.0 3.3 ML SRC
2016 08 18 0430 148.756 -19.821 10.0 6.1 ML SRC
2016 08 18 0438 148.727 -19.906 1.0 3.7 ML SRC
2016 08 18 0509 148.735 -19.901 1.0 3.1 ML SRC
2016 08 18 0523 148.720 -19.876 12.3 3.8 ML SRC
2016 08 18 0530 148.782 -19.860 5.0 4.2 ML SRC
2016 08 18 0537 148.733 -19.877 1.0 3.3 ML SRC
2016 08 18 0856 148.765 -19.877 1.0 3.6 ML SRC
2016 08 18 0930 148.754 -19.822 1.1 3.4 ML SRC
2016 08 18 1403 148.748 -19.898 1.0 3.1 ML SRC
2016 08 18 1404 148.734 -19.908 1.0 3.1 ML SRC
2016 08 18 1827 148.778 -19.865 4.0 4.3 ML SRC
2016 08 18 2137 148.754 -19.837 1.0 3.1 ML SRC
2016 08 20 1646 148.769 -19.853 2.7 3.4 ML SRC
