1940 12 18 2145 117.200 -32.200 0.0 4.0 MW MGO
1958 03 20 0303 117.200 -32.300 7.0 4.5 MW MGO
1963 01 18 0549 117.260 -32.150 6.0 4.6 MW Sykes
1961 06 25 1759 117.200 -32.200 18.0 4.1 MW MGO
1960 06 25 0112 116.800 -31.200 0.0 2.8 MW MGO
1961 08 31 2122 117.100 -32.200 18.0 3.6 MW MGO
1963 11 19 1752 116.300 -31.000 18.0 4.0 MW MGO
1961 12 31 2227 116.900 -31.600 0.0 3.0 MW MGO
1962 02 10 0712 116.500 -31.200 0.0 2.8 MW MGO
1964 10 23 1252 117.200 -32.200 18.0 3.5 MW MGO
1966 10 03 2139 117.200 -30.600 18.0 3.6 MW MGO
1966 12 25 2234 116.400 -31.000 18.0 3.7 MW MGO
1967 08 29 2109 117.300 -31.900 18.0 3.5 MW MGO
1967 10 22 1038 117.300 -32.000 18.0 3.5 MW MGO
1968 04 08 0144 117.250 -30.800 0.0 4.1 MW BMR
1966 10 07 1024 116.700 -30.400 7.0 3.4 MW MGO
1968 06 21 0754 118.230 -30.800 0.0 3.7 MW BMR
1968 10 06 2236 116.400 -30.910 25.0 3.5 MW MGO
1967 04 03 0801 116.500 -30.700 18.0 3.2 MW MGO
1968 10 20 0906 117.310 -32.040 18.0 3.8 MW MGO
1969 01 20 2330 117.230 -32.130 7.0 3.7 MW MGO
1968 02 08 0424 116.430 -31.380 0.0 2.8 MW MGO
1969 03 11 1200 116.570 -30.640 7.0 3.5 MW MGO
1969 05 09 1120 117.300 -32.000 7.0 3.5 MW MGO
1968 09 26 1807 116.400 -30.700 18.0 3.3 MW MGO
1969 05 16 0422 117.200 -30.900 7.0 3.6 MW MGO
1969 06 26 0038 117.180 -30.760 7.0 3.5 MW MGO
1969 07 27 0920 117.100 -30.950 7.0 4.0 MW MGO
1970 07 19 1638 116.710 -31.180 7.0 3.7 MW MGO
1968 11 27 1439 117.180 -32.290 18.0 3.3 MW MGO
1970 12 26 1825 116.310 -31.080 7.0 3.9 MW MGO
1968 12 29 1109 116.460 -30.680 18.0 3.1 MW MGO
1982 02 20 0526 117.090 -31.640 10.0 3.5 MW MGO
1969 03 21 1950 117.250 -32.150 7.0 3.2 MW MGO
1982 03 08 2316 117.100 -30.700 5.0 3.5 MW MGO
1984 03 28 1453 117.080 -30.720 10.0 4.0 MW MGO
1984 06 29 0204 117.410 -32.230 10.0 3.5 MW MGO
1969 08 05 1737 116.670 -31.220 0.0 2.4 MW MGO
1969 08 21 2357 117.160 -30.750 0.0 3.3 MW MGO
1969 11 05 0706 116.500 -31.260 15.0 3.1 MW MGO
1971 07 04 1528 117.030 -31.980 0.0 2.7 MW MGO
1972 02 26 1115 117.020 -30.810 0.0 3.4 MW MGO
1972 11 08 2254 117.200 -30.900 0.0 3.2 MW MGO
1973 02 17 1427 117.220 -30.970 10.0 2.8 MW MGO
1973 02 28 2242 117.080 -30.900 10.0 3.0 MW MGO
1973 03 19 0028 117.130 -30.960 10.0 2.7 MW MGO
1973 03 25 0614 117.030 -30.920 10.0 2.6 MW MGO
1973 03 31 1107 117.100 -30.900 10.0 2.6 MW MGO
1973 04 02 1423 116.790 -31.210 10.0 3.2 MW MGO
1973 06 29 1352 116.900 -30.820 10.0 2.8 MW MGO
1973 09 23 0909 117.100 -30.900 10.0 2.6 MW MGO
1973 10 31 1033 116.660 -31.380 10.0 3.4 MW MGO
1973 11 17 2040 116.960 -31.630 10.0 2.9 MW MGO
1973 11 18 2204 117.170 -31.840 10.0 2.6 MW MGO
1973 12 06 0615 116.960 -31.700 10.0 2.9 MW MGO
1973 12 14 1425 117.230 -32.300 10.0 2.8 MW MGO
1973 12 28 1647 116.900 -31.500 10.0 2.9 MW MGO
1975 03 04 0415 117.100 -32.300 10.0 3.0 MW MGO
1977 07 04 1914 117.950 -31.000 7.0 3.1 MW MGO
1978 05 28 1248 116.970 -31.610 0.0 2.6 MW MGO
1978 06 14 0955 117.000 -31.720 14.0 3.1 MW MGO
1978 08 15 1823 117.180 -31.400 0.0 3.0 MW MGO
1978 09 21 0016 117.040 -31.690 4.0 2.9 MW MGO
1978 09 26 1559 117.080 -31.380 9.0 3.0 MW MGO
1978 11 03 1419 116.870 -31.730 10.0 3.2 MW MGO
1978 11 24 2209 117.040 -31.730 5.0 3.3 MW MGO
1978 11 29 1207 116.450 -31.420 0.0 2.5 MW MGO
1979 02 03 1523 117.750 -30.720 15.0 2.8 MW MGO
1979 07 11 2214 116.940 -31.700 19.0 3.4 MW MGO
1979 07 26 1227 117.620 -31.290 10.0 2.8 MW MGO
1979 09 02 1510 116.660 -31.340 0.0 2.5 MW MGO
1979 11 27 0639 116.920 -31.730 10.0 3.2 MW MGO
1979 12 08 1248 117.000 -31.760 19.0 3.2 MW MGO
1980 01 15 2131 117.420 -32.140 10.0 2.6 MW MGO
1980 01 21 1720 117.030 -31.600 10.0 3.1 MW MGO
1980 01 31 1104 117.300 -30.400 25.0 2.9 MW MGO
1980 02 07 2257 116.450 -31.240 5.0 2.8 MW MGO
1980 02 13 2236 117.400 -32.160 5.0 2.6 MW MGO
1980 02 29 1003 117.000 -31.720 5.0 2.5 MW MGO
1980 03 05 1530 117.380 -32.160 10.0 2.7 MW MGO
1980 03 13 1507 117.340 -32.180 10.0 2.6 MW MGO
1980 04 13 1658 116.950 -31.930 0.0 2.3 MW MGO
1980 04 21 0938 117.020 -31.740 19.0 2.7 MW MGO
1980 05 19 2253 118.118 -30.810 9.0 3.1 MW ISC
1980 06 16 1320 117.010 -31.800 0.0 2.7 MW MGO
1980 08 24 0703 117.280 -31.290 10.0 2.5 MW MGO
1980 08 24 0716 117.280 -31.300 10.0 2.5 MW MGO
1980 08 25 1311 117.310 -31.330 0.0 2.5 MW MGO
1980 08 27 0955 117.270 -31.290 10.0 2.5 MW MGO
1981 04 21 1256 117.240 -31.440 19.0 2.6 MW MGO
1981 04 30 2037 116.450 -30.950 15.0 2.5 MW MGO
1981 04 30 2056 116.450 -30.950 15.0 2.5 MW MGO
1981 06 22 0146 116.690 -31.350 14.0 2.6 MW MGO
1981 06 27 0235 117.320 -32.250 10.0 2.7 MW MGO
1981 07 26 1633 117.000 -31.700 10.0 2.5 MW MGO
1981 08 15 1300 117.380 -32.210 18.0 2.5 MW MGO
1981 09 30 2259 117.320 -32.240 10.0 2.7 MW MGO
1981 11 04 2135 117.100 -31.650 10.0 2.4 MW MGO
1981 11 30 0708 117.080 -30.730 0.0 2.6 MW MGO
1981 12 02 1929 116.740 -31.000 10.0 3.0 MW MGO
1981 12 21 1747 117.130 -30.770 0.0 2.7 MW MGO
1981 12 26 0938 117.100 -30.780 0.0 2.6 MW MGO
1981 12 26 1044 116.740 -31.020 10.0 2.7 MW MGO
1981 12 28 1518 117.060 -31.690 10.0 2.5 MW MGO
1982 01 04 0822 116.740 -31.020 10.0 2.2 MW MGO
1982 01 10 0111 117.100 -30.760 10.0 2.8 MW MGO
1982 01 10 1718 117.960 -30.820 10.0 2.2 MW MGO
1982 01 13 1603 117.070 -30.730 10.0 2.7 MW MGO
1982 01 25 1026 117.160 -30.770 10.0 3.1 MW MGO
1982 01 30 0127 116.740 -31.020 10.0 2.7 MW MGO
1982 02 04 0654 117.070 -31.710 10.0 2.5 MW MGO
1982 02 20 0204 116.440 -31.200 0.0 2.2 MW MGO
1982 02 21 2306 117.080 -30.750 0.0 3.0 MW MGO
1982 02 23 1213 116.970 -31.670 10.0 2.5 MW MGO
1982 02 25 1053 116.650 -31.420 10.0 2.4 MW MGO
1982 03 08 0132 117.030 -31.710 10.0 2.5 MW MGO
1982 03 10 2130 117.170 -30.780 10.0 2.8 MW MGO
1982 03 25 1904 117.100 -30.750 10.0 2.5 MW MGO
1982 03 28 2240 117.160 -30.750 10.0 2.5 MW MGO
1982 03 31 1753 117.380 -31.290 10.0 2.6 MW MGO
1982 04 02 1603 117.080 -30.730 10.0 2.9 MW MGO
1982 04 20 2103 117.080 -30.730 10.0 2.6 MW MGO
1982 05 07 2134 116.450 -30.890 0.0 2.1 MW MGO
1982 05 08 1215 117.100 -30.750 10.0 2.5 MW MGO
1982 05 10 1144 116.990 -31.630 0.0 2.6 MW MGO
1982 05 18 0725 117.380 -32.220 10.0 3.1 MW MGO
1982 05 20 1228 117.100 -30.750 10.0 2.6 MW MGO
1982 05 24 1246 117.380 -32.210 10.0 2.4 MW MGO
1982 05 26 0046 117.630 -31.630 10.0 2.3 MW MGO
1982 05 30 1719 117.080 -30.730 10.0 2.7 MW MGO
1982 06 01 1801 117.090 -30.740 10.0 2.7 MW MGO
1982 06 06 2012 117.080 -30.730 10.0 2.7 MW MGO
1982 06 11 1419 117.370 -32.210 10.0 2.5 MW MGO
1982 06 20 0257 117.080 -30.740 10.0 2.9 MW MGO
1982 06 30 0757 117.090 -30.740 10.0 3.2 MW MGO
1982 07 02 0331 117.020 -31.680 10.0 2.6 MW MGO
1982 07 27 1726 117.070 -30.790 10.0 2.7 MW MGO
1982 08 02 1255 116.960 -31.680 10.0 3.1 MW MGO
1982 08 06 0914 117.080 -30.730 10.0 2.7 MW MGO
1982 08 07 0153 117.050 -31.700 10.0 2.3 MW MGO
1982 08 31 2229 117.130 -30.720 10.0 3.0 MW MGO
1982 09 14 1219 118.000 -30.870 10.0 2.7 MW MGO
1982 09 24 1719 117.160 -30.890 10.0 2.7 MW MGO
1982 09 28 0531 117.150 -30.700 10.0 2.6 MW MGO
1982 10 01 1718 118.000 -30.860 10.0 2.6 MW MGO
1982 10 01 1913 117.070 -30.830 10.0 3.4 MW MGO
1982 10 10 0256 116.740 -31.000 7.0 3.2 MW MGO
1982 10 13 2018 117.080 -30.740 10.0 2.5 MW MGO
1982 10 14 2009 117.000 -30.710 10.0 2.5 MW MGO
1982 10 20 2100 117.210 -30.530 19.0 2.6 MW MGO
1982 10 21 1806 116.910 -31.740 10.0 2.1 MW MGO
1982 10 24 2042 117.200 -30.850 10.0 2.6 MW MGO
1982 10 28 1843 117.390 -31.280 10.0 2.8 MW MGO
1982 10 29 1016 117.210 -30.710 10.0 2.5 MW MGO
1982 10 30 0223 117.100 -30.750 10.0 2.9 MW MGO
1982 11 03 1337 117.150 -30.650 10.0 2.8 MW MGO
1982 11 16 1541 117.110 -30.740 10.0 2.9 MW MGO
1982 11 24 1612 117.400 -32.330 10.0 2.9 MW MGO
1982 11 30 1643 117.390 -32.210 10.0 2.5 MW MGO
1982 12 20 2119 117.110 -30.380 10.0 2.5 MW MGO
1982 12 21 2159 117.190 -32.110 10.0 3.2 MW MGO
1983 01 01 2052 117.180 -32.100 10.0 3.3 MW MGO
1983 01 07 1645 117.211 -30.730 15.0 3.3 MW ISC
1983 01 19 1044 117.140 -32.210 10.0 2.7 MW MGO
1983 03 18 0313 117.130 -30.650 10.0 2.6 MW MGO
1983 03 27 0814 117.170 -30.720 10.0 2.5 MW MGO
1983 04 11 0813 117.110 -30.880 10.0 2.7 MW MGO
1983 04 16 1850 117.000 -31.730 10.0 2.8 MW MGO
1983 04 26 0611 117.180 -30.710 10.0 2.5 MW MGO
1983 05 08 1533 117.260 -31.170 10.0 2.5 MW MGO
1983 05 27 1759 117.160 -30.730 10.0 2.5 MW MGO
1983 06 11 2303 116.570 -31.240 10.0 2.5 MW MGO
1983 06 16 0454 117.110 -30.700 10.0 2.6 MW MGO
1983 06 16 0722 117.140 -30.710 10.0 2.6 MW MGO
1983 06 21 0836 117.170 -30.690 10.0 2.6 MW MGO
1983 06 25 0333 117.140 -30.710 10.0 2.5 MW MGO
1983 07 01 1718 116.950 -31.590 10.0 2.5 MW MGO
1983 07 16 2229 117.140 -31.930 10.0 2.6 MW MGO
1983 07 22 0241 117.090 -30.710 10.0 2.9 MW MGO
1983 07 30 0604 117.140 -31.930 10.0 2.6 MW MGO
1983 08 07 0038 117.110 -30.750 10.0 3.0 MW MGO
1983 08 13 0941 117.800 -30.290 10.0 2.4 MW MGO
1983 08 15 1704 117.070 -30.810 10.0 2.5 MW MGO
1983 08 15 1736 117.217 -30.682 6.7 3.4 MW ISC
1983 08 17 2016 116.900 -31.770 10.0 2.9 MW MGO
1983 08 18 2130 117.130 -30.640 10.0 2.5 MW MGO
1983 08 21 1804 117.140 -30.880 10.0 2.7 MW MGO
1983 09 02 1835 117.140 -30.670 10.0 2.7 MW MGO
1983 09 04 1212 117.150 -30.870 10.0 3.2 MW MGO
1983 09 13 2201 117.900 -32.380 10.0 2.6 MW MGO
1983 09 16 1413 117.130 -30.750 10.0 2.8 MW MGO
1983 09 19 1203 117.100 -30.760 10.0 2.9 MW MGO
1983 10 16 0757 117.390 -32.230 10.0 2.5 MW MGO
1983 10 20 1827 117.090 -30.800 10.0 2.8 MW MGO
1983 10 25 2306 117.080 -30.720 10.0 2.8 MW MGO
1983 11 05 1234 116.540 -30.740 10.0 2.4 MW MGO
1983 11 22 1435 117.330 -32.020 10.0 2.5 MW MGO
1983 12 14 0200 117.090 -30.800 10.0 2.7 MW MGO
1983 12 19 1454 117.510 -31.220 10.0 2.6 MW MGO
1983 12 20 1923 116.780 -30.610 5.0 2.5 MW MGO
1983 12 27 0625 116.760 -30.600 5.0 2.7 MW MGO
1984 01 28 1645 117.100 -30.730 10.0 3.1 MW MGO
1984 01 28 1648 117.970 -31.820 10.0 2.5 MW MGO
1984 02 07 2322 117.150 -31.470 10.0 2.6 MW MGO
1984 02 13 1720 117.920 -32.380 10.0 2.5 MW MGO
1984 03 22 1958 117.060 -31.700 10.0 2.7 MW MGO
1984 05 24 0216 117.080 -30.720 10.0 2.7 MW MGO
1984 06 02 1354 117.060 -31.700 10.0 2.5 MW MGO
1984 06 10 1559 117.370 -32.230 10.0 3.2 MW MGO
1984 06 11 0728 117.060 -30.780 10.0 3.0 MW MGO
1984 06 18 2214 117.140 -30.670 10.0 2.7 MW MGO
1984 06 24 1724 117.140 -30.700 10.0 3.0 MW MGO
1984 06 29 1809 117.160 -32.140 10.0 2.8 MW MGO
1984 07 07 2301 117.060 -31.750 10.0 2.7 MW MGO
1984 08 20 0110 117.110 -30.740 10.0 3.0 MW MGO
1984 08 28 2024 117.100 -30.680 10.0 2.7 MW MGO
1984 09 09 0922 117.100 -31.600 10.0 2.9 MW MGO
1984 09 18 0024 117.140 -30.720 10.0 2.7 MW MGO
1984 09 21 0236 117.100 -30.760 10.0 2.5 MW MGO
1984 09 29 2137 117.090 -30.680 10.0 3.1 MW MGO
1984 10 02 0023 117.350 -32.000 10.0 2.5 MW MGO
1984 11 23 1602 117.120 -30.640 10.0 2.5 MW MGO
1984 12 05 1826 117.140 -30.890 10.0 2.6 MW MGO
1984 12 11 2102 117.110 -30.750 10.0 2.8 MW MGO
1985 02 09 1705 117.160 -30.730 10.0 3.1 MW MGO
1985 02 10 1933 117.130 -32.350 10.0 2.5 MW MGO
1985 02 17 2149 117.160 -30.660 10.0 2.6 MW MGO
1985 02 23 1956 117.380 -32.020 15.0 2.5 MW MGO
1985 02 28 0911 117.160 -30.700 10.0 2.8 MW MGO
1985 03 10 0120 117.730 -30.400 6.0 2.7 MW MGO
1985 03 12 2345 117.160 -30.690 10.0 2.8 MW MGO
1985 03 20 1347 117.060 -30.810 10.0 3.2 MW MGO
1985 04 06 0343 117.410 -32.220 10.0 2.8 MW MGO
1985 04 08 0458 117.170 -30.800 10.0 2.5 MW MGO
1985 04 15 0500 117.090 -30.780 10.0 2.6 MW MGO
1985 07 31 1014 117.070 -30.710 10.0 2.5 MW MGO
1985 08 02 1928 117.090 -31.710 10.0 2.8 MW MGO
1985 08 06 1107 117.030 -31.600 10.0 3.0 MW MGO
1985 09 05 1833 117.160 -30.562 33.0 3.4 MW MGO
1985 09 06 1640 117.160 -30.840 10.0 2.5 MW MGO
1985 09 10 0754 117.400 -32.020 10.0 2.5 MW MGO
1985 09 14 1404 117.190 -30.820 10.0 2.5 MW MGO
1985 09 17 0314 117.170 -30.680 10.0 2.5 MW MGO
1985 10 16 1720 117.970 -31.420 5.0 2.5 MW MGO
1985 11 19 2155 117.010 -30.850 10.0 2.8 MW MGO
1985 11 29 0334 117.100 -31.610 10.0 3.0 MW MGO
1985 12 01 2121 117.220 -30.720 10.0 2.5 MW MGO
1985 12 03 1150 117.170 -30.690 10.0 2.6 MW MGO
1985 12 04 0415 117.050 -31.660 10.0 2.7 MW MGO
1985 12 11 1635 117.130 -30.760 10.0 2.7 MW MGO
1985 12 22 1059 117.120 -30.750 10.0 2.9 MW MGO
1985 12 24 0305 117.050 -31.650 10.0 2.7 MW MGO
1986 01 04 1311 117.090 -30.790 5.0 3.0 MW MGO
1986 01 16 0228 117.110 -30.770 5.0 2.5 MW MGO
1986 01 19 1035 117.100 -30.770 5.0 2.8 MW MGO
1986 02 02 0602 117.060 -31.660 5.0 2.9 MW MGO
1986 02 09 0224 117.880 -30.880 5.0 2.9 MW MGO
1986 02 17 0206 117.410 -32.230 5.0 3.3 MW MGO
1986 03 06 2121 117.270 -31.990 5.0 2.7 MW MGO
1986 04 02 0337 117.140 -30.680 5.0 2.6 MW MGO
1986 04 02 1008 117.260 -31.980 5.0 2.7 MW MGO
1986 04 03 0806 116.460 -30.820 5.0 2.8 MW MGO
1986 04 05 1528 117.390 -32.220 5.0 2.9 MW MGO
1986 04 07 1725 117.080 -31.700 5.0 2.3 MW MGO
1986 04 16 0920 117.100 -30.750 5.0 2.5 MW MGO
1986 04 21 1458 117.070 -31.680 5.0 2.4 MW MGO
1986 04 28 2009 117.100 -30.760 5.0 2.5 MW MGO
1986 05 04 2151 117.060 -30.850 5.0 2.9 MW MGO
1986 05 15 1205 117.100 -30.760 8.0 3.4 MW MGO
1986 05 27 1710 117.120 -30.830 5.0 3.2 MW MGO
1986 06 04 2324 117.370 -32.030 5.0 2.5 MW MGO
1986 06 13 1050 117.360 -32.030 5.0 2.7 MW MGO
1986 06 17 1625 117.810 -30.750 5.0 2.9 MW MGO
1986 06 29 0114 117.100 -30.760 5.0 2.5 MW MGO
1986 07 06 1101 117.630 -32.820 5.0 2.4 MW MGO
1986 07 07 2024 117.040 -30.830 5.0 3.0 MW MGO
1986 07 19 0527 117.060 -31.660 5.0 2.5 MW MGO
1986 07 26 0841 117.050 -31.700 5.5 3.2 MW MGO
1986 08 11 0012 117.380 -32.220 5.0 2.7 MW MGO
1986 08 23 0602 117.080 -30.760 5.0 2.9 MW MGO
1986 09 07 0629 117.360 -32.050 5.0 2.7 MW MGO
1986 09 11 0005 117.080 -30.810 5.0 2.5 MW MGO
1986 09 23 0606 117.020 -30.510 2.0 2.7 MW MGO
1986 09 29 2157 117.130 -30.730 7.0 3.4 MW MGO
1986 10 18 0232 117.140 -30.710 5.0 2.6 MW MGO
1986 10 27 1036 117.120 -30.730 5.0 2.5 MW MGO
1986 11 22 0754 117.020 -31.730 7.0 2.7 MW MGO
1986 12 15 0931 117.090 -30.790 5.0 2.6 MW MGO
1986 12 19 1027 117.410 -32.220 5.0 3.0 MW MGO
1986 12 25 0115 117.390 -32.210 5.0 2.6 MW MGO
1987 01 01 2039 117.120 -30.690 5.0 2.5 MW MGO
1987 01 23 1121 117.180 -30.860 3.0 2.7 MW MGO
1987 02 02 1825 116.980 -31.840 5.0 3.1 MW MGO
1987 02 07 0739 117.370 -32.220 5.0 2.6 MW MGO
1987 02 07 2207 117.130 -30.740 5.0 2.7 MW MGO
1987 02 17 1016 117.070 -30.820 5.0 2.8 MW MGO
1987 03 02 2222 117.490 -31.220 2.0 3.2 MW MGO
1987 03 09 0813 117.100 -30.770 5.0 2.5 MW MGO
1987 03 09 1350 117.780 -32.440 5.0 3.0 MW MGO
1987 03 10 2104 117.140 -30.700 5.0 2.5 MW MGO
1987 03 17 1100 117.220 -32.320 5.0 2.4 MW MGO
1987 03 18 0839 117.230 -32.310 5.0 2.3 MW MGO
1987 03 24 1255 116.980 -31.700 5.0 2.4 MW MGO
1987 04 06 1219 117.070 -31.720 5.0 2.5 MW MGO
1987 04 11 1114 117.330 -32.010 1.0 2.3 MW MGO
1987 05 05 2115 117.230 -30.860 5.0 2.5 MW MGO
1987 05 06 0715 117.330 -32.020 5.0 2.5 MW MGO
1987 05 07 2228 117.030 -31.740 5.0 2.3 MW MGO
1987 05 10 0130 117.190 -32.130 3.0 2.5 MW MGO
1987 05 12 1654 117.370 -32.240 5.0 2.9 MW MGO
1987 05 20 1724 116.640 -31.250 5.0 2.9 MW MGO
1987 07 07 0222 117.080 -30.850 3.0 2.7 MW MGO
1987 07 10 2232 117.470 -31.220 1.0 2.9 MW MGO
1987 08 13 1142 117.490 -31.220 5.0 2.6 MW MGO
1987 08 22 1519 117.790 -30.740 5.0 3.1 MW MGO
1987 09 10 2350 116.660 -31.420 5.0 2.9 MW MGO
1987 09 25 0918 117.880 -30.690 5.0 3.1 MW MGO
1987 09 26 1454 117.160 -30.740 2.0 2.9 MW MGO
1987 11 01 1810 117.180 -30.720 5.0 2.9 MW MGO
1987 11 04 0535 117.060 -31.680 5.0 2.7 MW MGO
1987 11 17 2057 117.110 -30.810 4.0 2.9 MW MGO
1987 12 12 1449 116.680 -31.030 2.0 3.0 MW MGO
1987 12 19 0143 117.654 -31.116 21.0 2.9 MW ISC
1988 01 28 1533 117.070 -31.720 3.0 2.5 MW MGO
1988 02 04 2148 117.090 -30.770 5.0 3.0 MW MGO
1988 02 21 1234 117.140 -30.930 2.0 2.9 MW MGO
1988 03 18 2003 117.170 -32.150 5.0 2.9 MW MGO
1988 03 26 0918 117.490 -31.250 5.0 2.7 MW MGO
1988 04 03 0040 117.090 -30.770 5.0 2.8 MW MGO
1988 04 07 0515 117.170 -30.880 5.0 2.5 MW MGO
1988 04 17 1354 116.770 -30.520 2.0 3.2 MW MGO
1988 05 04 0452 117.020 -31.620 2.0 2.5 MW MGO
1988 05 17 0125 116.480 -31.220 5.0 2.5 MW MGO
1988 05 18 1114 116.800 -30.520 2.0 2.7 MW MGO
1988 05 25 1519 117.130 -32.410 2.0 2.5 MW MGO
1988 06 12 0435 117.000 -31.720 5.0 2.5 MW MGO
1988 06 20 2116 117.100 -30.800 5.0 2.9 MW MGO
1988 06 29 1922 117.490 -31.200 5.0 3.1 MW MGO
1988 07 06 2137 117.740 -30.790 2.0 2.6 MW MGO
1988 07 06 2240 116.790 -30.530 2.0 2.9 MW MGO
1988 07 07 2340 117.440 -31.200 2.0 2.5 MW MGO
1988 07 18 0209 117.390 -32.230 5.0 2.7 MW MGO
1988 08 04 0511 117.060 -31.700 6.0 2.9 MW MGO
1988 09 03 1815 117.070 -30.830 2.0 2.7 MW MGO
1988 09 16 0250 117.050 -31.620 2.0 2.5 MW MGO
1988 10 21 1449 117.000 -31.660 5.0 3.1 MW MGO
1988 10 27 0800 117.740 -30.780 0.0 2.9 MW MGO
1988 11 02 0908 117.170 -30.700 2.0 2.9 MW MGO
1988 11 05 1644 117.150 -32.100 1.0 2.5 MW MGO
1988 11 07 0340 117.170 -30.700 2.0 2.7 MW MGO
1988 12 05 0737 116.980 -31.650 2.0 2.9 MW MGO
1988 12 20 1458 117.080 -31.700 13.0 2.9 MW MGO
1989 01 13 1638 117.160 -30.910 5.0 3.2 MW MGO
1989 01 19 0802 117.130 -30.690 1.0 2.6 MW MGO
1989 01 19 1952 116.850 -30.950 6.5 2.6 MW MGO
1989 01 21 1945 117.140 -30.900 5.0 2.8 MW MGO
1989 01 30 0548 117.140 -32.390 3.4 2.7 MW MGO
1989 02 02 0714 117.240 -31.160 6.0 2.9 MW MGO
1989 02 04 0103 117.140 -30.930 1.0 2.7 MW MGO
1989 02 06 0318 117.480 -31.230 1.0 2.5 MW MGO
1989 02 13 1409 116.800 -30.540 2.0 2.9 MW MGO
1989 02 21 1339 117.160 -32.120 5.0 2.5 MW MGO
1989 02 27 1248 117.093 -30.765 1.4 2.6 MW MGO
1989 03 05 1441 117.170 -30.900 5.0 2.5 MW MGO
1989 03 19 0535 116.830 -30.960 3.0 2.7 MW MGO
1989 03 21 1339 117.160 -32.120 5.0 2.5 MW MGO
1989 03 28 1821 117.140 -30.910 1.0 2.5 MW MGO
1989 03 31 0400 116.929 -30.943 20.0 3.2 MW ISC
1989 04 02 0401 117.518 -31.182 6.0 2.5 MW MGO
1989 04 13 1403 116.868 -30.922 1.0 2.5 MW MGO
1989 06 03 1446 117.284 -31.143 8.0 2.6 MW MGO
1989 06 14 2332 116.473 -30.887 1.0 2.5 MW MGO
1989 06 21 0419 117.257 -31.162 2.0 2.7 MW MGO
1989 07 27 0227 117.573 -31.495 5.0 2.6 MW MGO
1989 09 19 2239 117.096 -31.616 1.0 2.5 MW MGO
1989 10 06 1334 117.168 -30.859 1.0 2.6 MW MGO
1989 10 11 0723 117.179 -30.851 1.0 2.7 MW MGO
1989 10 11 0726 117.163 -30.866 1.0 2.7 MW MGO
1989 10 11 0805 117.174 -30.855 1.0 2.7 MW MGO
1989 10 28 1130 116.799 -30.778 2.0 2.5 MW MGO
1989 10 30 2241 118.245 -31.889 1.0 2.5 MW MGO
1990 01 06 1258 117.155 -30.846 2.0 2.7 MW MGO
1990 01 13 1430 117.719 -30.856 4.0 2.8 MW MGO
1990 01 16 0251 117.515 -31.187 1.0 2.6 MW MGO
1990 01 19 0416 116.508 -31.044 4.0 2.9 MW MGO
1990 01 20 1145 117.155 -30.863 1.0 2.7 MW MGO
1990 04 15 1317 116.797 -30.549 3.0 2.9 MW MGO
1990 04 20 0115 116.781 -30.538 5.0 2.6 MW MGO
1990 04 30 0424 116.808 -30.529 1.0 3.2 MW MGO
1990 05 11 0426 116.812 -30.548 1.0 3.1 MW MGO
1990 05 30 1943 116.806 -30.534 3.0 3.3 MW MGO
1990 06 04 0013 116.829 -30.436 1.0 2.4 MW MGO
1990 06 05 0953 117.511 -31.204 2.0 2.7 MW MGO
1990 06 23 0003 116.783 -30.533 4.0 3.0 MW MGO
1990 06 24 0720 118.214 -30.650 1.0 2.6 MW MGO
1990 06 24 2055 116.810 -30.535 1.0 3.0 MW MGO
1990 07 11 1855 117.077 -30.871 1.0 2.7 MW MGO
1990 07 23 1253 117.482 -31.196 1.0 2.4 MW MGO
1990 07 31 1600 117.491 -31.206 1.0 2.5 MW MGO
1990 08 11 1625 117.388 -32.218 1.0 2.7 MW MGO
1990 08 30 1228 117.569 -32.927 6.0 2.5 MW MGO
1990 09 12 1050 116.800 -30.570 2.0 2.9 MW MGO
1990 09 14 1553 117.160 -32.160 16.0 2.3 MW MGO
1990 11 08 1522 116.530 -31.090 2.0 2.3 MW MGO
1990 11 12 0026 116.500 -31.360 2.0 2.5 MW MGO
1990 12 15 1400 117.959 -31.538 2.0 2.6 MW MGO
1990 12 21 1557 117.491 -31.195 4.0 2.9 MW MGO
1990 12 29 1100 117.111 -30.768 1.0 2.4 MW MGO
1991 01 02 1144 116.922 -31.823 14.0 2.0 MW MGO
1991 01 02 1500 117.525 -31.199 3.4 2.5 MW MGO
1991 01 08 0527 117.066 -30.616 3.2 3.4 MW MGO
1991 01 11 0746 117.209 -32.125 19.0 2.4 MW MGO
1991 01 12 2055 117.097 -30.787 1.0 2.5 MW MGO
1991 01 19 0221 116.990 -31.710 4.0 2.5 MW MGO
1991 01 27 1139 116.979 -31.704 0.3 2.3 MW MGO
1991 02 05 0053 116.974 -31.698 4.0 2.3 MW MGO
1991 02 10 1730 117.052 -31.703 1.0 2.3 MW MGO
1991 02 16 1114 117.156 -30.744 3.0 2.5 MW MGO
1991 02 20 0115 117.115 -30.934 3.0 2.3 MW MGO
1991 02 21 0143 117.195 -32.135 1.0 2.5 MW MGO
1991 03 03 1601 117.426 -32.121 10.0 2.7 MW MGO
1991 03 07 1352 117.329 -31.220 1.0 2.9 MW MGO
1991 03 09 1752 117.093 -30.789 3.0 2.6 MW MGO
1991 03 14 1218 117.122 -30.745 5.0 2.7 MW MGO
1991 03 15 0600 116.980 -31.701 7.0 2.3 MW MGO
1991 03 18 0043 116.338 -30.914 1.0 2.4 MW MGO
1991 03 24 1613 117.065 -31.597 7.0 2.4 MW MGO
1991 03 26 0433 117.034 -30.622 1.0 2.6 MW MGO
1991 03 29 2254 117.020 -30.633 1.0 2.7 MW MGO
1991 04 03 2158 116.983 -31.706 0.0 2.5 MW MGO
1991 04 07 1537 117.033 -30.630 5.0 2.5 MW MGO
1991 04 12 2014 117.044 -31.697 5.0 2.3 MW MGO
1991 04 30 1904 117.070 -32.340 7.0 2.8 MW MGO
1991 05 06 0457 116.390 -31.027 1.0 2.5 MW MGO
1991 05 12 2119 117.308 -32.030 5.0 2.3 MW MGO
1991 05 18 1823 117.210 -32.129 13.0 2.5 MW MGO
1991 05 19 2015 117.105 -30.788 1.0 2.4 MW MGO
1991 05 21 0125 117.257 -31.984 3.0 2.3 MW MGO
1991 06 06 0008 117.291 -31.977 1.0 2.5 MW MGO
1991 06 20 0342 117.042 -31.661 5.0 2.1 MW MGO
1991 06 20 0707 117.416 -32.230 15.0 2.5 MW MGO
1991 06 26 0909 117.035 -30.611 4.0 2.5 MW MGO
1991 06 29 2339 117.051 -30.612 1.0 2.9 MW MGO
1991 07 04 0355 117.040 -30.625 1.0 2.3 MW MGO
1991 07 10 0054 117.026 -30.607 1.0 2.5 MW MGO
1991 07 14 0720 117.050 -30.612 1.0 2.5 MW MGO
1991 07 24 0205 117.601 -30.608 3.0 2.8 MW MGO
1991 07 27 1226 117.068 -30.848 2.0 2.7 MW MGO
1991 08 06 1100 117.067 -30.712 1.0 2.3 MW MGO
1991 08 08 2016 116.896 -30.978 5.0 2.3 MW MGO
1991 09 03 1746 117.096 -30.724 1.0 2.4 MW MGO
1991 09 08 0045 116.947 -31.745 3.0 2.3 MW MGO
1991 09 08 0717 117.299 -31.141 5.0 2.4 MW MGO
1991 09 12 1101 117.278 -32.011 6.0 2.2 MW MGO
1991 09 17 0207 117.846 -31.861 5.0 2.5 MW MGO
1991 09 19 2101 117.026 -31.620 1.0 2.5 MW MGO
1991 09 25 0220 117.287 -31.181 1.0 2.5 MW MGO
1991 10 02 0628 117.041 -31.645 5.0 2.5 MW MGO
1991 10 10 0224 117.265 -31.164 5.0 2.2 MW MGO
1991 10 20 2347 117.257 -31.170 5.0 2.3 MW MGO
1991 11 03 1536 116.994 -31.705 4.0 2.5 MW MGO
1991 11 07 0147 117.177 -32.145 5.0 2.5 MW MGO
1991 11 09 0024 117.747 -30.410 1.0 2.4 MW MGO
1991 11 15 2239 117.049 -31.629 7.0 2.4 MW MGO
1991 11 16 0452 117.142 -30.756 4.0 2.9 MW MGO
1991 11 20 1904 116.998 -31.715 4.0 2.5 MW MGO
1991 11 24 1704 117.153 -32.094 1.0 2.8 MW MGO
1991 11 25 0142 117.136 -30.768 2.0 3.3 MW MGO
1991 12 08 2143 117.011 -31.740 1.0 2.7 MW MGO
1991 12 11 0839 116.786 -30.538 5.0 2.5 MW MGO
1991 12 11 1759 117.745 -30.394 2.0 3.3 MW MGO
1991 12 20 1139 117.101 -30.805 5.0 2.4 MW MGO
1991 12 22 0412 117.172 -32.178 5.0 2.4 MW MGO
1991 12 26 1314 117.771 -30.404 8.0 2.7 MW MGO
1992 01 04 0714 117.279 -31.997 1.0 3.4 MW MGO
1992 01 18 2042 116.864 -31.765 6.0 2.3 MW MGO
1992 01 20 0123 117.266 -31.966 5.0 2.4 MW MGO
1992 01 21 1244 117.046 -31.710 1.0 2.9 MW MGO
1992 01 23 1735 117.267 -32.006 7.0 2.3 MW MGO
1992 01 26 2312 117.284 -32.027 5.0 2.7 MW MGO
1992 02 11 1800 117.054 -31.727 3.0 2.5 MW MGO
1992 02 13 1321 117.205 -32.216 8.0 2.5 MW MGO
1992 02 18 1415 117.248 -31.997 1.0 2.5 MW MGO
1992 02 29 2229 117.145 -30.712 1.0 2.7 MW MGO
1992 03 05 0326 117.260 -32.004 1.0 2.5 MW MGO
1992 04 01 0839 117.699 -30.861 3.0 3.1 MW MGO
1992 04 17 0827 117.099 -30.734 4.0 3.0 MW MGO
1992 04 17 1532 117.764 -30.843 5.0 2.3 MW MGO
1992 04 23 1607 116.813 -31.037 1.0 2.2 MW MGO
1992 04 25 0122 117.151 -30.732 1.0 2.4 MW MGO
1992 04 25 2102 117.048 -30.876 1.0 2.4 MW MGO
1992 04 27 2053 117.270 -32.000 1.0 2.6 MW MGO
1992 05 02 0811 117.029 -31.682 5.0 2.3 MW MGO
1992 05 04 2133 117.274 -31.998 1.0 2.5 MW MGO
1992 05 11 1722 117.101 -30.766 1.0 2.2 MW MGO
1992 05 12 0723 116.784 -30.520 1.0 2.5 MW MGO
1992 05 19 2036 117.054 -30.877 3.0 2.4 MW MGO
1992 05 22 0748 117.090 -30.762 1.0 2.7 MW MGO
1992 06 04 0532 117.035 -31.671 5.0 2.7 MW MGO
1992 06 14 2354 117.018 -30.913 1.0 2.5 MW MGO
1992 06 24 1422 116.484 -30.713 5.0 2.7 MW MGO
1992 06 25 1015 117.080 -30.692 1.0 2.9 MW MGO
1992 07 08 1102 117.050 -31.658 5.0 2.3 MW MGO
1992 07 23 1545 116.443 -31.145 1.0 2.3 MW MGO
1992 07 25 0156 117.092 -30.793 1.0 2.5 MW MGO
1992 07 27 0323 117.143 -30.731 1.0 2.7 MW MGO
1992 07 31 0931 117.143 -30.728 1.0 2.3 MW MGO
1992 08 10 0805 117.105 -30.752 1.0 2.4 MW MGO
1992 08 11 1107 117.062 -30.873 5.0 2.3 MW MGO
1992 08 14 1033 117.153 -30.727 1.0 2.3 MW MGO
1992 08 14 1234 117.150 -30.721 1.0 2.3 MW MGO
1992 08 21 1731 117.056 -31.649 5.0 2.4 MW MGO
1992 09 02 1839 117.115 -30.706 1.0 2.5 MW MGO
1992 09 08 0439 117.143 -30.906 1.0 2.2 MW MGO
1992 09 10 1146 117.086 -30.787 2.0 2.9 MW MGO
1992 09 13 2005 117.068 -31.700 4.0 2.6 MW MGO
1992 09 14 1632 116.521 -30.843 1.0 2.3 MW MGO
1992 09 26 0837 117.041 -31.635 5.0 2.2 MW MGO
1992 09 29 1639 117.041 -30.511 1.0 2.3 MW MGO
1992 10 01 1023 117.049 -30.500 1.0 2.6 MW MGO
1992 10 09 2019 117.028 -30.502 1.0 2.5 MW MGO
1992 10 11 1400 117.069 -30.832 1.0 2.3 MW MGO
1992 10 16 0042 117.006 -31.572 1.0 2.5 MW MGO
1992 11 10 0311 117.269 -32.007 1.0 2.3 MW MGO
1992 11 10 1121 117.141 -30.888 2.0 2.7 MW MGO
1992 11 13 0526 117.202 -32.186 5.0 2.7 MW MGO
1992 11 16 2210 117.037 -30.478 2.0 2.3 MW MGO
1992 12 05 0529 117.113 -30.773 5.0 2.9 MW MGO
1992 12 06 0353 117.142 -32.246 5.0 2.7 MW MGO
1992 12 13 2139 117.133 -30.501 1.0 2.3 MW MGO
1992 12 14 0649 118.262 -30.741 1.0 2.4 MW MGO
1992 12 18 0525 116.923 -31.573 1.0 2.4 MW MGO
1992 12 18 1254 118.236 -30.733 1.0 2.3 MW MGO
1992 12 19 2145 116.452 -30.511 5.0 2.3 MW MGO
1992 12 28 0258 117.206 -32.187 1.0 2.2 MW MGO
1993 01 04 1238 118.241 -30.740 1.0 1.9 MW MGO
1993 01 08 1455 118.242 -30.741 1.0 1.9 MW MGO
1993 01 18 1046 117.275 -31.989 1.0 3.0 MW MGO
1993 01 19 0439 118.236 -30.714 2.0 2.5 MW MGO
1993 01 21 0858 118.242 -30.742 1.0 1.9 MW MGO
1993 01 21 1713 118.242 -30.742 1.0 1.9 MW MGO
1993 02 01 1108 117.090 -30.807 5.0 2.5 MW MGO
1993 02 03 0505 118.244 -30.744 1.0 1.9 MW MGO
1993 02 05 0400 117.061 -31.704 5.0 2.7 MW MGO
1993 02 05 1229 116.837 -30.435 5.0 2.5 MW MGO
1993 02 07 0804 117.813 -30.752 5.0 2.5 MW MGO
1993 02 09 0624 118.243 -30.743 1.0 1.9 MW MGO
1993 02 09 1715 117.061 -30.813 5.0 2.7 MW MGO
1993 02 12 1312 117.059 -31.611 5.0 2.2 MW MGO
1993 02 16 0703 116.251 -30.737 5.0 2.7 MW MGO
1993 03 02 0757 118.243 -30.743 1.0 1.9 MW MGO
1993 03 07 2231 116.399 -30.770 1.0 2.3 MW MGO
1993 03 15 0433 117.052 -31.663 3.0 2.3 MW MGO
1993 03 28 0645 117.272 -31.966 1.0 2.4 MW MGO
1993 03 30 0403 117.168 -30.881 1.0 2.7 MW MGO
1993 04 06 2039 116.433 -31.195 1.0 2.4 MW MGO
1993 04 08 1241 116.922 -31.021 4.0 2.5 MW MGO
1993 04 23 0858 117.072 -30.797 1.0 2.6 MW MGO
1993 05 12 1948 117.082 -30.790 1.0 2.8 MW MGO
1993 05 29 0956 117.048 -30.529 1.0 2.1 MW MGO
1993 06 10 0343 117.057 -31.695 5.0 2.3 MW MGO
1993 06 11 1053 117.196 -32.143 5.0 2.9 MW MGO
1993 06 15 2114 117.278 -31.990 5.0 2.4 MW MGO
1993 06 18 1026 117.122 -30.516 3.0 2.5 MW MGO
1993 06 20 1940 117.092 -30.510 5.0 2.7 MW MGO
1993 07 11 0114 117.115 -30.746 2.0 2.2 MW MGO
1993 07 22 1928 116.481 -30.774 5.1 2.7 MW MGO
1993 07 30 0409 117.507 -31.200 4.0 2.5 MW MGO
1993 08 02 0212 116.936 -31.744 4.0 2.3 MW MGO
1993 08 08 1903 117.096 -31.617 6.0 2.7 MW MGO
1993 08 08 2149 117.400 -32.211 1.0 2.5 MW MGO
1993 08 10 0323 117.169 -30.773 1.0 2.7 MW MGO
1993 08 12 2050 117.421 -32.249 2.0 2.9 MW MGO
1993 08 22 1619 116.800 -30.789 1.0 2.1 MW MGO
1993 08 24 1150 116.839 -30.787 1.0 2.4 MW MGO
1993 08 28 0457 117.387 -32.217 5.0 2.7 MW MGO
1993 09 04 0014 117.398 -32.225 5.0 2.6 MW MGO
1993 09 08 1338 117.019 -30.425 1.0 2.8 MW MGO
1993 09 16 1551 117.051 -31.700 5.0 2.3 MW MGO
1993 09 16 1812 117.392 -32.213 5.0 2.3 MW MGO
1993 09 26 1847 117.141 -30.735 1.0 2.3 MW MGO
1993 09 27 2147 117.065 -31.713 9.0 2.9 MW MGO
1993 10 06 1721 117.056 -31.709 5.0 2.5 MW MGO
1993 10 07 0140 116.726 -30.733 0.5 2.2 MW MGO
1993 10 26 1011 117.171 -30.720 4.0 2.5 MW MGO
1993 11 13 0544 117.161 -30.721 2.0 2.5 MW MGO
1993 11 18 0647 117.087 -31.654 4.0 2.5 MW MGO
1993 11 19 0927 117.259 -31.160 3.0 2.5 MW MGO
1993 11 26 2332 117.092 -30.853 1.0 2.9 MW MGO
1993 12 04 1103 117.404 -32.228 5.0 2.4 MW MGO
1993 12 11 1514 117.025 -31.672 5.0 2.5 MW MGO
1993 12 17 0154 117.087 -30.805 5.0 2.1 MW MGO
1993 12 28 2204 117.043 -31.649 9.0 2.4 MW MGO
1993 12 31 1047 117.411 -32.235 11.0 2.4 MW MGO
1994 01 05 0330 117.379 -31.973 3.0 2.3 MW MGO
1994 01 17 2155 117.088 -31.620 6.0 3.1 MW MGO
1994 01 31 0014 116.963 -31.643 6.0 2.9 MW MGO
1994 02 01 0641 117.876 -30.868 4.0 2.5 MW MGO
1994 02 11 0342 117.085 -31.596 1.0 2.2 MW MGO
1994 02 22 2038 117.059 -31.728 6.0 2.4 MW MGO
1994 02 28 2138 117.092 -30.786 4.0 2.6 MW MGO
1994 03 01 2325 117.056 -31.706 7.0 2.7 MW MGO
1994 03 09 0116 117.452 -32.215 1.0 2.7 MW MGO
1994 03 12 2215 117.412 -32.152 1.0 2.9 MW MGO
1994 03 15 1751 117.271 -31.138 5.0 2.4 MW MGO
1994 03 17 0517 117.267 -31.166 7.0 2.6 MW MGO
1994 03 17 1144 117.422 -32.148 9.0 2.1 MW MGO
1994 03 23 0147 117.255 -31.166 5.0 2.9 MW MGO
1994 04 01 1826 117.263 -31.171 5.0 2.9 MW MGO
1994 04 08 0608 117.248 -31.179 3.0 2.8 MW MGO
1994 04 18 1937 117.251 -31.175 3.0 2.2 MW MGO
1994 05 07 1346 117.236 -31.177 4.0 2.7 MW MGO
1994 05 13 0420 117.247 -31.175 5.0 3.1 MW MGO
1994 05 17 1337 117.127 -30.774 5.0 2.1 MW MGO
1994 05 17 2057 117.088 -31.625 5.0 2.5 MW MGO
1994 05 18 0240 116.331 -30.909 5.0 2.3 MW MGO
1994 05 26 0747 117.253 -31.173 4.0 2.6 MW MGO
1994 05 29 0104 117.115 -31.598 5.0 2.0 MW MGO
1994 05 29 1218 117.987 -31.557 5.0 2.3 MW MGO
1994 06 05 1817 117.909 -31.543 5.0 2.7 MW MGO
1994 06 08 0613 117.056 -31.705 5.0 3.1 MW MGO
1994 06 09 1233 117.532 -31.171 5.0 2.2 MW MGO
1994 06 09 2329 117.404 -32.147 5.0 2.1 MW MGO
1994 06 10 0453 118.116 -30.845 5.0 2.5 MW MGO
1994 06 11 1202 117.903 -31.537 5.0 2.9 MW MGO
1994 06 14 0013 117.908 -31.526 5.0 2.4 MW MGO
1994 06 14 0022 117.906 -31.520 5.0 2.4 MW MGO
1994 07 01 0208 117.095 -30.860 6.0 2.5 MW MGO
1994 07 17 1734 116.285 -30.804 3.0 2.3 MW MGO
1994 08 01 1857 116.920 -31.763 5.0 2.4 MW MGO
1994 08 20 1237 117.291 -31.998 5.0 2.3 MW MGO
1994 08 20 2348 117.239 -32.328 5.0 2.3 MW MGO
1994 08 30 1342 117.016 -30.777 5.0 2.5 MW MGO
1994 09 04 2301 117.128 -30.745 1.0 2.5 MW MGO
1994 09 06 1906 117.070 -30.825 5.0 2.1 MW MGO
1994 09 17 1535 117.081 -30.843 4.0 2.6 MW MGO
1994 09 18 0450 117.086 -31.618 5.0 2.1 MW MGO
1994 09 27 0803 117.281 -31.452 5.0 2.3 MW MGO
1994 10 11 0947 117.085 -30.798 2.0 2.3 MW MGO
1994 10 12 0524 117.061 -31.658 4.0 2.0 MW MGO
1994 10 16 0752 117.105 -31.598 6.0 2.3 MW MGO
1994 10 16 2024 117.139 -30.769 0.0 2.2 MW MGO
1994 10 27 1555 117.058 -31.707 3.0 2.3 MW MGO
1994 10 27 1804 117.290 -31.447 1.0 2.4 MW MGO
1994 11 03 0641 117.252 -31.175 5.0 2.7 MW MGO
1994 11 04 1508 117.360 -32.205 5.0 2.3 MW MGO
1994 11 05 2242 117.022 -30.617 5.0 2.5 MW MGO
1994 11 07 1127 117.169 -32.139 5.0 2.1 MW MGO
1994 11 14 0908 117.023 -30.613 5.0 2.7 MW MGO
1994 11 18 1344 117.012 -30.857 5.0 2.1 MW MGO
1994 11 21 1815 117.076 -30.805 5.0 2.4 MW MGO
1994 11 23 2053 116.736 -31.977 5.0 3.2 MW MGO
1994 11 25 0423 117.243 -31.161 5.0 2.2 MW MGO
1994 11 26 1416 116.924 -31.815 11.0 3.0 MW MGO
1994 11 28 0816 117.718 -30.380 5.0 2.2 MW MGO
1994 12 03 1600 117.117 -30.630 5.0 2.2 MW MGO
1995 01 01 2338 116.618 -30.781 5.0 2.2 MW MGO
1995 01 22 1555 117.068 -31.692 5.0 2.3 MW MGO
1995 02 05 1614 117.058 -30.878 2.2 3.1 MW MGO
1995 02 18 1359 117.117 -30.742 5.0 2.3 MW MGO
1995 02 23 0534 117.092 -32.351 5.0 2.4 MW MGO
1995 02 26 1117 117.888 -31.586 5.0 2.3 MW MGO
1995 03 01 1138 116.981 -31.711 5.0 2.6 MW MGO
1995 03 09 1101 117.075 -30.815 5.0 2.6 MW MGO
1995 03 20 0558 117.184 -32.113 5.0 2.3 MW MGO
1995 04 01 2145 116.427 -30.830 2.0 2.2 MW MGO
1995 05 09 0710 117.679 -30.389 5.0 2.8 MW MGO
1995 05 18 0534 117.526 -32.509 1.1 2.5 MW MGO
1995 05 27 0454 117.059 -30.832 4.7 3.0 MW MGO
1995 05 27 2309 117.944 -31.537 5.0 2.3 MW MGO
1995 06 03 0539 117.146 -32.386 5.0 2.7 MW MGO
1995 06 04 0608 117.052 -31.679 5.0 1.9 MW MGO
1995 06 07 1725 116.616 -31.030 5.0 2.1 MW MGO
1995 06 09 2217 116.619 -31.032 5.0 2.7 MW MGO
1995 06 13 0418 117.046 -31.655 5.0 2.3 MW MGO
1995 06 24 1106 117.710 -30.367 3.0 3.1 MW MGO
1995 07 03 1249 117.043 -31.654 5.2 2.3 MW MGO
1995 07 04 0639 117.396 -32.333 13.0 2.0 MW MGO
1995 07 24 1407 118.014 -30.633 5.0 2.4 MW MGO
1995 07 27 1842 116.695 -31.050 5.0 2.2 MW MGO
1995 08 16 2330 117.072 -30.810 3.0 2.5 MW MGO
1995 08 17 0155 117.772 -30.346 1.0 2.5 MW MGO
1995 08 18 2336 117.509 -31.222 5.0 2.9 MW MGO
1995 08 20 1327 117.075 -30.803 5.0 2.5 MW MGO
1995 09 08 0044 117.504 -31.251 2.0 2.5 MW MGO
1995 09 10 1307 117.499 -31.295 5.0 2.7 MW MGO
1995 09 26 1421 117.115 -30.730 1.0 2.2 MW MGO
1995 09 26 2219 117.123 -31.405 8.0 2.3 MW MGO
1995 09 28 1607 117.104 -30.743 1.0 2.3 MW MGO
1995 10 09 2317 117.503 -31.211 5.0 2.7 MW MGO
1995 10 12 0428 117.290 -31.219 5.0 2.5 MW MGO
1995 10 15 1152 117.015 -31.659 8.0 2.7 MW MGO
1995 10 16 1239 117.478 -31.218 5.0 2.2 MW MGO
1995 10 27 0913 117.281 -31.219 0.8 3.0 MW MGO
1995 11 08 1133 117.000 -31.710 5.0 2.5 MW MGO
1995 11 17 1606 117.007 -31.656 8.0 2.6 MW MGO
1995 11 24 0205 117.410 -32.163 5.0 2.3 MW MGO
1995 11 24 0609 117.682 -31.435 5.0 2.1 MW MGO
1995 11 24 1220 116.996 -31.637 5.0 2.3 MW MGO
1995 11 30 0505 117.665 -31.448 5.0 2.3 MW MGO
1995 12 28 0629 117.119 -30.966 5.0 2.2 MW MGO
1996 01 05 1200 117.521 -31.194 5.0 2.3 MW MGO
1996 01 15 1900 117.088 -31.721 3.0 2.3 MW MGO
1996 01 16 0647 117.080 -30.734 5.0 2.5 MW MGO
1996 01 20 0825 117.301 -31.210 5.0 2.3 MW MGO
1996 01 21 0701 117.119 -30.729 5.0 2.9 MW MGO
1996 02 14 0151 117.052 -31.698 5.0 2.2 MW MGO
1996 02 24 1214 117.107 -30.788 5.0 2.9 MW MGO
1996 02 24 1525 117.017 -31.747 5.0 2.3 MW MGO
1996 02 28 1738 117.285 -31.910 5.0 2.3 MW MGO
1996 03 01 0702 117.093 -30.792 1.0 2.5 MW MGO
1996 03 08 1701 117.523 -31.201 2.0 2.3 MW MGO
1996 03 10 1853 117.659 -31.450 1.0 3.3 MW MGO
1996 03 11 0624 117.610 -31.454 1.0 3.3 MW MGO
1996 03 18 1556 117.847 -31.728 5.0 2.5 MW MGO
1996 04 10 0714 118.021 -30.849 5.0 2.7 MW MGO
1996 04 10 1049 117.107 -30.762 1.0 2.3 MW MGO
1996 05 14 0431 117.096 -30.817 4.0 2.2 MW MGO
1996 05 19 0054 116.932 -30.441 1.0 2.3 MW MGO
1996 05 27 1441 117.403 -32.118 9.0 2.1 MW MGO
1996 06 09 2001 117.403 -32.118 5.0 2.3 MW MGO
1996 06 11 1347 117.158 -30.513 1.0 2.4 MW MGO
1996 06 19 1705 117.141 -30.707 0.0 2.7 MW MGO
1996 07 11 1152 117.069 -31.706 5.0 2.1 MW MGO
1996 07 11 1156 117.064 -31.706 5.0 2.1 MW MGO
1996 07 15 1303 117.706 -30.357 5.0 2.8 MW MGO
1996 08 02 1604 117.424 -32.109 5.0 2.3 MW MGO
1996 08 05 1644 117.058 -30.872 1.0 2.5 MW MGO
1996 08 29 0845 117.407 -32.124 5.0 2.4 MW MGO
1996 09 10 1334 116.949 -31.754 5.0 2.7 MW MGO
1996 09 20 0658 117.218 -31.162 6.0 2.6 MW MGO
1996 09 22 1621 118.293 -30.718 5.0 2.3 MW MGO
1996 10 01 1711 116.734 -31.979 0.0 2.5 MW MGO
1996 10 13 1436 117.384 -32.359 5.0 2.1 MW MGO
1996 10 22 0338 117.018 -30.259 5.0 2.4 MW MGO
1996 10 27 1616 117.256 -31.166 5.0 2.3 MW MGO
1996 11 09 0455 117.088 -31.617 1.0 2.5 MW MGO
1996 11 16 0621 117.685 -31.454 3.0 3.4 MW MGO
1996 11 25 1341 117.457 -30.480 5.0 2.7 MW MGO
1996 11 28 0035 116.894 -30.450 5.0 2.5 MW MGO
1996 12 09 1419 117.059 -30.903 5.0 2.5 MW MGO
1996 12 13 2208 117.278 -31.199 5.0 2.4 MW MGO
1996 12 17 1102 116.587 -31.004 5.0 3.1 MW MGO
1996 12 20 0611 116.568 -31.009 3.0 3.1 MW MGO
1996 12 22 0910 117.283 -31.190 5.0 2.4 MW MGO
1996 12 22 1611 117.275 -31.201 5.0 2.4 MW MGO
1996 12 26 1555 117.266 -31.196 5.0 2.2 MW MGO
1996 12 31 0149 117.282 -31.200 5.0 2.9 MW MGO
1997 01 01 2103 117.092 -30.791 6.0 2.3 MW MGO
1997 01 16 2234 117.283 -31.194 7.0 2.4 MW MGO
1997 01 19 0928 117.280 -31.202 6.0 2.5 MW MGO
1997 02 01 1435 116.919 -30.482 5.0 2.4 MW MGO
1997 02 17 2214 118.158 -30.731 5.0 2.4 MW MGO
1997 02 18 0311 117.185 -32.142 5.0 2.4 MW MGO
1997 03 14 1801 117.449 -32.327 5.0 2.2 MW MGO
1997 03 27 0614 117.673 -31.475 5.0 3.4 MW MGO
1997 04 16 1724 117.127 -30.753 5.0 2.3 MW MGO
1997 04 25 1900 117.131 -30.518 5.0 2.3 MW MGO
1997 05 04 0531 118.173 -30.827 1.0 2.5 MW MGO
1997 06 12 1534 117.063 -31.603 5.0 2.3 MW MGO
1997 06 18 0515 117.021 -31.709 6.0 2.5 MW MGO
1997 06 21 0559 116.397 -30.524 1.0 2.2 MW MGO
1997 06 28 1447 117.289 -32.541 1.0 2.5 MW MGO
1997 06 28 2141 117.078 -31.609 6.0 2.2 MW MGO
1997 06 30 1739 117.077 -30.794 2.0 2.5 MW MGO
1997 07 11 0552 117.047 -30.785 5.0 2.3 MW MGO
1997 08 06 2032 117.089 -30.787 5.0 2.6 MW MGO
1997 08 25 1025 117.072 -30.801 5.0 2.3 MW MGO
1997 08 27 0927 118.274 -30.748 5.0 2.8 MW MGO
1997 09 09 1441 117.719 -30.354 5.0 2.4 MW MGO
1997 10 06 2132 117.064 -31.671 5.0 2.3 MW MGO
1997 11 07 1836 118.208 -30.758 5.0 2.5 MW MGO
1997 11 08 1456 117.440 -32.193 5.0 2.4 MW MGO
1997 11 18 0257 116.641 -30.657 5.0 2.5 MW MGO
1997 11 24 1140 117.041 -31.707 5.0 3.3 MW MGO
1997 11 24 2200 116.519 -30.645 1.0 2.7 MW MGO
1997 12 07 1333 116.542 -30.646 5.0 2.5 MW MGO
1997 12 07 1750 116.490 -30.998 5.0 3.2 MW MGO
1997 12 08 1459 116.549 -30.645 5.0 2.5 MW MGO
1997 12 08 1738 117.166 -30.745 3.0 3.0 MW MGO
1997 12 18 2112 117.051 -31.695 0.0 2.2 MW MGO
1997 12 29 1754 116.475 -31.115 5.0 2.3 MW MGO
1997 12 31 0405 116.485 -30.987 5.0 2.7 MW MGO
1998 01 03 2042 117.166 -30.802 1.0 2.4 MW MGO
1998 01 05 0314 117.079 -31.590 8.0 3.0 MW MGO
1998 01 06 1246 116.478 -31.000 1.0 2.7 MW MGO
1998 01 09 1324 117.053 -31.680 9.0 2.5 MW MGO
1998 01 18 1837 117.024 -30.505 3.0 2.5 MW MGO
1998 02 01 2251 117.047 -31.643 6.0 2.4 MW MGO
1998 02 09 2011 117.056 -31.702 5.0 2.5 MW MGO
1998 02 10 0054 117.149 -30.824 5.0 2.3 MW MGO
1998 02 11 1651 117.839 -32.788 5.0 2.4 MW MGO
1998 02 18 1838 117.041 -31.698 5.0 2.3 MW MGO
1998 03 14 1955 117.269 -31.201 2.0 2.4 MW MGO
1998 03 17 1613 117.368 -32.266 3.0 2.7 MW MGO
1998 03 20 1419 117.056 -30.465 1.0 2.4 MW MGO
1998 03 20 2155 117.060 -31.697 1.0 2.4 MW MGO
1998 04 05 1415 117.159 -30.866 5.0 2.5 MW MGO
1998 04 07 0130 117.062 -30.971 5.0 2.2 MW MGO
1998 04 17 1534 117.093 -30.854 1.0 2.3 MW MGO
1998 04 19 1147 117.644 -32.390 5.0 2.2 MW MGO
1998 04 25 2219 117.091 -30.807 5.0 2.4 MW MGO
1998 04 29 1034 117.477 -31.207 3.0 3.2 MW MGO
1998 05 05 1500 117.163 -32.141 2.6 2.7 MW MGO
1998 05 17 1457 117.868 -32.805 5.0 2.2 MW MGO
1998 05 23 0511 117.040 -31.648 5.0 2.2 MW MGO
1998 06 11 2013 117.071 -30.844 5.0 2.7 MW MGO
1998 06 29 0408 117.456 -32.134 5.0 2.2 MW MGO
1998 07 24 1438 117.325 -31.217 4.0 2.3 MW MGO
1998 08 19 1242 117.052 -31.715 5.0 2.2 MW MGO
1998 08 27 1918 117.300 -31.204 5.0 2.2 MW MGO
1998 09 12 0940 116.630 -31.183 11.0 2.2 MW MGO
1998 09 15 1907 117.058 -31.705 5.0 2.5 MW MGO
1998 09 17 1854 117.164 -32.142 6.0 2.5 MW MGO
1998 09 21 1144 117.076 -30.795 2.0 2.9 MW MGO
1998 10 01 1627 117.032 -30.885 4.0 2.2 MW MGO
1998 10 18 0957 117.055 -31.661 5.0 2.4 MW MGO
1998 11 07 1354 117.266 -31.982 5.0 2.2 MW MGO
1998 11 07 2229 117.049 -31.698 5.0 2.3 MW MGO
1998 11 08 0501 117.270 -31.987 6.0 2.3 MW MGO
1998 11 16 1336 117.817 -30.944 5.0 2.5 MW MGO
1998 11 25 1839 117.191 -30.713 5.0 2.3 MW MGO
1998 12 21 0626 117.262 -31.984 1.0 2.5 MW MGO
1999 01 02 0032 117.561 -31.162 3.0 2.3 MW MGO
1999 01 06 1128 117.096 -30.791 1.0 3.1 MW MGO
1999 01 08 2202 117.483 -31.222 5.0 2.7 MW MGO
1999 01 10 1247 117.884 -30.916 1.0 2.7 MW MGO
1999 01 18 1032 117.107 -30.734 5.0 2.7 MW MGO
1999 01 21 2237 117.860 -30.931 1.0 2.9 MW MGO
1999 02 09 0255 117.284 -30.406 1.0 2.5 MW MGO
1999 02 09 1329 117.490 -31.210 1.0 2.4 MW MGO
1999 02 12 1844 116.816 -31.720 1.0 1.9 MW MGO
1999 02 21 1034 117.855 -30.881 3.0 2.9 MW MGO
1999 03 15 1028 117.046 -31.710 6.0 3.1 MW MGO
1999 03 18 1451 117.705 -31.476 5.0 2.9 MW MGO
1999 03 18 2029 117.103 -30.738 1.0 2.2 MW MGO
1999 03 25 0432 117.700 -31.489 4.0 2.9 MW MGO
1999 04 01 1521 117.120 -30.752 3.0 2.3 MW MGO
1999 04 10 1130 117.683 -31.479 3.0 2.4 MW MGO
1999 04 11 0615 117.687 -31.481 2.0 2.4 MW MGO
1999 04 14 1000 117.027 -31.700 5.0 2.3 MW MGO
1999 04 23 1840 117.045 -30.527 3.0 2.2 MW MGO
1999 04 28 1920 117.048 -31.727 6.0 2.2 MW MGO
1999 05 01 1351 117.080 -30.790 1.0 2.3 MW MGO
1999 05 11 1832 117.050 -31.700 3.0 2.2 MW MGO
1999 05 16 0608 116.700 -31.010 6.0 2.3 MW MGO
1999 05 24 0710 117.700 -31.450 1.0 2.2 MW MGO
1999 05 24 0714 117.700 -31.450 2.0 2.2 MW MGO
1999 05 28 2337 117.100 -30.710 2.0 2.3 MW MGO
1999 05 30 1055 116.250 -30.680 2.0 2.3 MW MGO
1999 06 02 0745 117.050 -31.730 1.0 2.3 MW MGO
1999 06 05 2152 116.850 -31.600 8.0 3.0 MW MGO
1999 06 21 1058 117.310 -30.240 1.0 2.6 MW MGO
1999 06 26 0017 117.270 -31.200 4.0 2.4 MW MGO
1999 07 13 0146 117.480 -31.210 3.0 3.1 MW MGO
1999 07 21 2050 118.170 -30.820 2.0 2.9 MW MGO
1999 07 24 1806 117.470 -31.210 1.0 2.8 MW MGO
1999 07 31 0502 118.010 -32.420 8.0 2.6 MW MGO
1999 08 24 1313 117.200 -32.100 1.0 2.6 MW MGO
1999 09 12 1353 117.190 -30.940 1.0 2.3 MW MGO
1999 09 13 0105 117.190 -32.160 2.0 2.4 MW MGO
1999 09 26 0330 117.100 -30.540 17.0 2.7 MW MGO
1999 10 03 0053 117.380 -30.520 5.0 2.3 MW MGO
1999 10 10 1053 117.900 -30.940 6.0 2.9 MW MGO
1999 10 11 1513 117.200 -30.230 5.0 2.4 MW MGO
1999 11 01 1615 117.050 -31.660 6.0 2.7 MW MGO
1999 11 04 1534 117.310 -32.000 1.0 2.3 MW MGO
1999 11 08 0842 116.450 -30.840 1.0 2.2 MW MGO
1999 11 10 2251 117.070 -31.710 7.0 2.4 MW MGO
1999 11 12 2251 117.070 -31.710 7.0 2.4 MW MGO
1999 11 17 1951 117.030 -31.720 4.0 2.6 MW MGO
1999 11 25 1140 117.950 -31.530 2.0 2.7 MW MGO
1999 12 14 1233 116.310 -30.770 3.0 2.5 MW MGO
2000 01 09 1503 116.700 -31.010 5.0 2.7 MW MGO
2000 01 23 0236 116.980 -31.490 1.0 2.3 MW MGO
2000 01 27 2358 117.070 -30.790 3.0 2.3 MW MGO
2000 01 29 0416 116.600 -31.680 3.0 2.1 MW MGO
2000 02 04 0311 117.460 -31.320 3.0 2.3 MW AUST
2000 02 10 0013 117.790 -30.750 3.0 2.9 MW MGO
2000 02 19 2102 117.110 -30.710 5.0 2.3 MW MGO
2000 02 24 2044 117.790 -30.750 8.0 3.4 MW MGO
2000 03 23 2215 117.500 -31.220 1.0 2.4 MW MGO
2000 04 18 2027 117.130 -30.784 0.0 2.9 MW AGSO
2000 04 21 0628 117.144 -30.292 4.0 1.9 MW AUST
2000 04 21 0744 116.931 -30.546 0.0 2.0 MW AUST
2000 04 22 0751 117.360 -31.350 0.0 2.3 MW AUST
2000 04 23 0353 117.296 -31.363 0.0 2.3 MW AUST
2000 04 23 0946 116.929 -30.972 0.0 2.7 MW AUST
2000 04 23 2053 117.497 -31.214 1.0 2.2 MW AUST
2000 04 26 0957 117.841 -31.838 4.0 2.0 MW AUST
2000 05 29 0136 117.055 -31.668 0.0 2.3 MW AUST
2000 06 01 1121 117.085 -30.813 0.0 2.3 MW AUST
2000 06 03 1853 116.558 -31.169 0.0 1.9 MW AUST
2000 06 04 0659 117.291 -31.951 0.0 2.1 MW AUST
2000 06 06 0135 117.212 -32.183 1.0 1.9 MW AUST
2000 06 16 1151 116.986 -31.708 0.0 2.5 MW AUST
2000 06 19 0029 117.800 -31.600 0.0 2.7 MW AUST
2000 06 25 1208 116.642 -30.906 0.0 2.1 MW AUST
2000 06 27 2056 117.092 -30.667 2.0 1.9 MW AUST
2000 08 01 1031 117.164 -30.905 0.0 2.1 MW AUST
2000 08 14 1518 117.015 -30.685 0.0 2.2 MW AUST
2000 08 20 2155 116.851 -30.985 0.0 1.8 MW AUST
2000 08 21 1257 117.296 -31.926 0.0 2.1 MW AUST
2000 08 26 1501 117.748 -32.119 0.0 2.3 MW AUST
2000 08 28 1144 117.691 -31.436 0.0 2.2 MW AUST
2000 08 28 2036 117.070 -30.347 0.0 2.1 MW AUST
2000 09 22 2135 116.797 -31.856 0.0 2.3 MW AUST
2000 09 30 1043 117.868 -32.235 0.0 2.2 MW AUST
2000 10 05 1810 116.809 -31.890 2.0 2.4 MW AUST
2000 10 14 0357 116.626 -30.449 0.0 2.5 MW AUST
2000 10 14 0401 116.912 -30.435 0.0 2.3 MW AUST
2000 10 14 0748 117.057 -30.639 0.0 2.3 MW AUST
2000 10 16 1256 116.984 -30.478 7.3 2.0 MW AUST
2000 11 02 1804 117.040 -31.600 0.7 2.3 MW AGSO
2000 11 08 0532 117.994 -32.462 0.0 2.2 MW AUST
2000 11 08 0815 117.702 -31.464 3.0 2.1 MW AUST
2000 11 13 2325 116.616 -30.822 19.0 2.3 MW AUST
2000 11 14 2330 117.010 -31.663 0.0 2.4 MW AUST
2000 11 17 0212 117.734 -31.492 10.0 2.3 MW AUST
2000 11 22 1115 117.079 -30.640 0.0 2.4 MW AUST
2000 11 30 1203 117.069 -30.636 0.0 2.2 MW AUST
2000 12 02 0118 117.698 -31.462 3.0 2.3 MW AUST
2000 12 03 1334 117.820 -30.614 0.0 2.9 MW AUST
2000 12 04 1509 117.660 -31.441 0.0 2.5 MW AUST
2000 12 10 0857 117.113 -30.934 9.0 2.5 MW AUST
2000 12 18 1826 116.640 -31.044 0.0 2.3 MW AUST
2000 12 24 2214 117.071 -30.860 0.0 2.3 MW AUST
2000 12 25 1705 116.802 -31.886 2.0 2.5 MW AUST
2000 12 26 2011 118.063 -30.844 0.0 2.9 MW AGSO
2001 01 03 0403 117.102 -31.610 0.0 2.4 MW AUST
2001 01 03 1509 118.036 -30.873 5.0 3.1 MW AUST
2001 01 04 2136 116.920 -30.460 7.0 2.2 MW AUST
2001 01 08 2102 116.873 -30.442 0.0 2.5 MW AUST
2001 01 09 0200 117.108 -30.846 0.0 2.5 MW AUST
2001 01 10 0639 117.812 -30.605 1.0 2.7 MW AUST
2001 01 31 0352 116.961 -30.534 0.0 3.1 MW AUST
2001 02 28 2251 117.691 -31.460 5.0 2.9 MW AUST
2001 03 05 0848 118.306 -31.872 2.0 2.5 MW AUST
2001 03 09 1821 118.271 -31.904 2.0 2.9 MW AUST
2001 03 10 0754 117.059 -31.672 0.0 2.7 MW AUST
2001 03 10 1723 117.051 -30.840 3.0 2.2 MW AUST
2001 03 20 0528 117.763 -30.399 2.0 2.4 MW AUST
2001 03 21 0004 117.679 -31.457 3.0 2.8 MW AUST
2001 03 22 1539 117.491 -31.200 0.0 2.4 MW AUST
2001 03 25 1748 116.514 -31.094 0.0 2.1 MW AUST
2001 03 27 1611 116.717 -31.896 0.0 2.3 MW AUST
2001 04 01 1524 117.884 -31.790 2.0 2.5 MW AUST
2001 04 08 1130 118.299 -31.865 3.0 2.1 MW AUST
2001 04 10 1958 118.265 -31.872 0.5 2.6 MW AUST
2001 04 12 1521 117.676 -31.468 0.0 2.6 MW AUST
2001 04 21 0241 117.143 -32.014 2.0 1.9 MW AUST
2001 05 03 1020 117.690 -31.460 3.0 2.7 MW AUST
2001 05 04 1207 118.310 -31.960 2.0 2.7 MW AUST
2001 05 08 1550 116.290 -31.170 2.0 2.7 MW AUST
2001 05 10 1501 117.700 -32.340 17.0 2.6 MW AUST
2001 05 24 0336 118.300 -31.900 2.0 2.5 MW AUST
2001 06 09 1849 117.191 -30.736 0.0 2.3 MW AUST
2001 06 27 1204 117.037 -30.587 5.0 2.2 MW AUST
2001 06 30 0817 117.822 -32.145 0.0 3.1 MW AUST
2001 07 06 1810 116.850 -32.062 0.0 2.3 MW AUST
2001 07 06 2147 117.933 -31.628 2.0 2.6 MW AUST
2001 07 10 1355 118.285 -31.897 3.0 2.6 MW AUST
2001 08 12 1532 117.778 -32.111 0.0 2.9 MW AUST
2001 08 30 1009 116.858 -30.252 2.0 2.7 MW AUST
2001 09 02 0834 117.018 -31.761 3.0 2.2 MW AUST
2001 09 04 2253 117.679 -31.377 0.9 2.6 MW AUST
2001 10 01 0207 117.220 -31.196 2.0 2.1 MW AUST
2001 10 14 1758 116.309 -30.765 2.0 2.8 MW AUST
2001 10 25 1916 117.067 -31.673 6.2 2.2 MW AUST
2001 11 22 2001 118.040 -30.870 4.0 2.5 MW AUST
2001 12 02 1605 116.830 -31.533 0.0 2.3 MW AUST
2001 12 18 0447 117.683 -31.378 1.0 2.9 MW AUST
2001 12 26 1854 117.688 -31.380 2.9 3.3 MW AUST
2002 02 09 0718 116.741 -31.986 0.0 2.5 MW AUST
2002 02 23 1211 117.059 -31.684 1.0 1.9 MW AUST
2002 02 25 1328 117.248 -31.185 0.5 2.0 MW AUST
2002 03 06 0733 117.108 -30.741 2.0 2.1 MW AUST
2002 03 06 1849 116.490 -30.593 0.0 2.8 MW AUST
2002 04 14 0508 117.640 -31.440 2.0 2.5 MW AUST
2002 05 04 0137 117.738 -32.070 3.0 3.0 MW AUST
2002 05 17 1655 118.030 -30.626 7.0 2.6 MW AUST
2002 05 22 0227 117.670 -31.380 0.0 2.1 MW AUST
2002 05 22 0340 117.530 -31.490 5.0 2.1 MW AUST
2002 05 24 0251 117.680 -31.370 1.0 2.2 MW AUST
2002 06 12 0331 117.097 -32.389 0.0 3.0 MW AUST
2002 07 04 1014 118.168 -30.771 3.0 2.7 MW AUST
2002 07 10 0339 117.838 -32.601 1.0 2.7 MW AUST
2002 09 19 1554 116.318 -30.766 4.0 2.5 MW AUST
2002 10 05 1635 117.100 -30.710 1.0 2.5 MW AUST
2002 11 08 1951 117.028 -30.188 1.0 3.0 MW AUST
2002 12 05 1948 117.130 -30.840 14.0 2.3 MW AUST
2002 12 19 0216 117.040 -30.540 2.0 2.4 MW AUST
2003 01 24 2326 117.243 -31.956 1.3 2.6 MW AUST
2003 02 28 0556 116.980 -30.588 0.0 2.5 MW AUST
2003 03 26 1110 117.017 -30.565 0.0 2.7 MW AUST
2003 04 13 2127 116.990 -30.595 0.0 2.6 MW AUST
2003 06 20 0806 117.029 -30.573 0.0 2.7 MW AUST
2003 07 02 1424 116.638 -31.203 3.0 2.7 MW AUST
2003 07 18 2008 116.547 -31.172 0.0 3.1 MW AUST
2003 07 25 1558 117.109 -30.756 2.0 2.7 MW AUST
2003 08 11 0634 117.157 -31.981 0.0 2.9 MW AUST
2003 09 24 0303 116.869 -30.472 0.0 2.7 MW AUST
2003 09 27 1508 117.687 -30.416 0.0 2.5 MW AUST
2003 10 18 1845 117.035 -30.527 1.0 2.9 MW AUST
2003 10 21 0938 116.970 -30.630 0.0 2.4 MW AUST
2003 11 13 0647 117.910 -31.540 1.0 2.2 MW AUST
2003 11 14 1023 117.970 -31.540 0.0 2.1 MW AUST
2003 11 17 0005 117.920 -31.540 0.0 2.1 MW AUST
2003 11 22 0656 117.040 -30.540 0.0 2.2 MW AUST
2003 11 24 1458 117.220 -32.300 0.0 2.3 MW AUST
2003 12 05 1641 117.230 -32.130 2.0 2.1 MW AUST
2003 12 08 0901 116.720 -31.960 0.0 2.1 MW AUST
2003 12 18 1218 117.020 -30.510 0.0 2.5 MW AUST
2003 12 27 0705 117.040 -30.510 0.0 2.2 MW AUST
2004 02 03 2047 117.058 -30.552 2.5 2.6 MW AUST
2004 02 03 2339 117.094 -30.746 0.0 3.1 MW AUST
2004 02 06 0602 117.008 -31.654 4.4 2.0 MW AUST
2004 02 09 0447 117.002 -31.662 5.1 2.4 MW AUST
2004 03 23 0520 117.012 -31.654 5.0 2.3 MW AUST
2004 03 26 1533 117.054 -31.707 0.7 2.3 MW AUST
2004 04 04 0850 117.051 -31.649 8.1 2.0 MW AUST
2004 04 07 1959 117.011 -31.656 3.0 2.2 MW AUST
2004 04 08 1412 117.127 -30.862 0.0 2.1 MW AUST
2004 04 10 1745 117.971 -30.991 0.7 2.9 MW AUST
2004 04 19 0956 117.050 -30.530 0.0 2.5 MW AUST
2004 04 22 0706 117.104 -30.742 0.0 2.5 MW AUST
2004 05 03 1743 117.079 -31.708 0.0 2.5 MW AUST
2004 05 12 2015 116.757 -31.879 10.0 2.0 MW AUST
2004 06 17 0350 117.070 -31.406 0.0 2.1 MW AUST
2004 07 28 0602 117.731 -30.398 1.9 2.7 MW AUST
2004 07 29 1500 117.748 -30.408 2.3 2.7 MW AUST
2004 07 30 1701 117.142 -32.154 0.0 2.5 MW AUST
2004 08 09 0337 117.053 -31.638 6.9 2.0 MW AUST
2004 08 23 0159 117.518 -31.193 5.0 2.5 MW AUST
2004 08 24 1450 117.005 -30.572 0.0 2.2 MW AUST
2004 08 31 1327 117.005 -30.589 5.0 2.9 MW AUST
2004 09 04 1044 117.030 -30.902 1.7 3.1 MW AUST
2004 09 10 0037 117.057 -31.727 10.0 2.5 MW AUST
2004 09 10 0847 117.061 -30.550 5.0 3.2 MW AUST
2004 09 18 0355 116.980 -30.598 6.0 1.9 MW AUST
2004 10 01 1618 117.226 -30.180 0.0 2.3 MW AUST
2004 10 05 1800 117.752 -30.405 0.0 2.5 MW AUST
2004 10 11 1225 117.098 -30.879 0.0 3.3 MW AUST
2004 10 18 0133 116.953 -30.993 5.0 2.3 MW AUST
2004 10 19 1425 117.115 -30.865 0.0 2.3 MW AUST
2004 11 03 1219 116.606 -31.093 10.0 2.1 MW AUST
2004 11 06 2158 116.982 -30.490 3.0 1.9 MW AUST
2004 11 20 2021 117.258 -31.987 0.0 2.8 MW AUST
2004 11 23 0517 117.251 -31.968 0.0 2.2 MW AUST
2004 11 24 1451 116.994 -30.487 2.0 2.2 MW AUST
2004 12 01 1025 116.996 -30.568 0.0 2.3 MW AUST
2004 12 04 0345 117.009 -30.580 1.6 2.5 MW AUST
2004 12 04 1328 116.567 -30.563 2.0 2.2 MW AUST
2004 12 11 0910 116.281 -30.868 3.0 2.5 MW AUST
2004 12 13 1326 117.070 -30.427 2.1 3.2 MW AUST
2005 01 04 1325 117.973 -32.390 6.0 2.4 MW AUST
2005 01 04 1616 117.061 -30.433 2.0 2.2 MW AUST
2005 01 08 0108 117.053 -30.523 1.0 2.7 MW AUST
2005 01 19 1132 117.351 -30.744 11.0 2.3 MW AUST
2005 01 29 1208 117.214 -30.191 0.0 2.5 MW AUST
2005 01 31 2030 117.435 -30.666 2.5 2.7 MW AUST
2005 02 13 1835 117.539 -30.652 9.4 3.1 MW AUST
2005 02 22 0414 117.041 -31.643 1.9 2.7 MW AUST
2005 02 24 1657 117.485 -30.629 2.5 3.4 MW AUST
2005 03 17 1636 116.604 -31.116 10.4 3.0 MW AUST
2005 03 18 1104 117.343 -30.717 10.0 3.1 MW AUST
2005 03 25 0416 117.217 -31.160 5.0 3.1 MW AUST
2005 03 29 0741 116.300 -31.142 0.0 2.6 MW AUST
2005 04 03 1602 117.270 -31.990 5.0 2.2 MW AUST
2005 04 05 2142 116.798 -30.856 0.0 2.5 MW AUST
2005 04 06 0046 117.267 -31.988 0.0 2.7 MW AUST
2005 04 11 1809 117.261 -31.990 5.0 2.3 MW AUST
2005 04 14 1345 117.272 -32.018 4.6 2.4 MW AUST
2005 04 15 1833 117.105 -30.826 0.0 2.3 MW AUST
2005 04 16 1206 117.267 -32.020 8.0 2.7 MW AUST
2005 04 17 1124 116.595 -30.851 10.0 2.4 MW AUST
2005 04 23 0913 117.177 -31.177 0.0 2.6 MW AUST
2005 05 08 2133 117.013 -31.717 5.5 2.0 MW AUST
2005 05 10 2131 117.063 -31.727 10.0 2.7 MW AUST
2005 05 12 0118 117.203 -31.953 5.0 2.9 MW AUST
2005 05 15 2154 117.423 -30.689 10.0 3.1 MW AUST
2005 05 20 1025 117.048 -31.697 5.0 2.8 MW AUST
2005 05 27 1210 117.447 -30.650 4.3 3.4 MW AUST
2005 06 01 1022 117.182 -31.169 5.7 2.7 MW AUST
2005 06 02 1204 117.207 -31.509 0.0 3.2 MW AUST
2005 06 06 0209 116.534 -30.452 0.0 2.8 MW AUST
2005 06 16 0234 117.807 -31.432 1.0 2.7 MW AUST
2005 06 16 1859 116.730 -31.975 0.0 2.7 MW AUST
2005 06 24 0851 116.604 -31.304 5.0 2.9 MW AUST
2005 06 24 1748 116.603 -30.802 0.0 2.3 MW AUST
2005 06 25 0334 117.364 -30.750 10.0 2.7 MW AUST
2005 07 02 2158 117.413 -30.697 0.0 2.5 MW AUST
2005 07 11 1546 117.055 -31.732 0.0 2.5 MW AUST
2005 07 22 1735 117.354 -30.739 11.0 2.0 MW AUST
2005 07 22 2331 117.034 -31.636 0.0 2.3 MW AUST
2005 07 30 0449 116.935 -30.486 2.0 1.9 MW AUST
2005 07 30 1732 116.306 -31.134 0.0 2.1 MW AUST
2005 07 30 2119 117.449 -30.650 1.6 2.7 MW AUST
2005 08 02 0549 117.434 -30.670 0.0 2.7 MW AUST
2005 08 02 1232 116.917 -30.442 0.0 1.9 MW AUST
2005 08 08 0838 118.043 -31.010 6.0 2.5 MW AUST
2005 08 08 2335 116.306 -31.136 0.0 2.3 MW AUST
2005 08 11 1253 117.081 -30.803 5.0 2.1 MW AUST
2005 08 15 0303 117.079 -31.611 6.9 2.1 MW AUST
2005 08 15 0956 118.236 -30.750 1.8 2.9 MW AUST
2005 08 19 1837 117.653 -30.160 5.0 2.1 MW AUST
2005 08 23 0246 117.292 -32.571 5.0 2.1 MW AUST
2005 08 24 2017 117.375 -32.378 0.0 2.3 MW AUST
2005 08 27 1657 117.152 -30.764 5.0 2.2 MW AUST
2005 09 08 0456 117.449 -30.674 5.0 2.2 MW AUST
2005 09 08 1457 117.144 -30.760 0.0 3.1 MW AUST
2005 09 14 1201 117.935 -30.588 5.0 2.1 MW AUST
2005 09 17 1119 116.582 -30.664 2.0 2.5 MW AUST
2005 09 19 0313 117.031 -31.631 3.0 2.4 MW AUST
2005 10 01 0502 116.586 -30.654 3.0 2.3 MW AUST
2005 10 21 1413 117.096 -30.785 0.0 2.3 MW AUST
2005 10 26 1952 117.695 -31.478 2.0 2.3 MW AUST
2005 11 02 0211 117.793 -30.318 13.0 2.1 MW AUST
2005 11 02 2228 117.035 -31.004 2.5 2.2 MW AUST
2005 11 06 1128 117.155 -30.135 4.8 3.3 MW AUST
2005 11 06 1506 117.073 -31.751 4.1 3.1 MW AUST
2005 11 26 1545 117.833 -31.462 0.9 2.4 MW AUST
2005 11 30 0047 117.076 -30.239 16.0 2.7 MW AUST
2005 12 01 0152 117.038 -30.536 2.5 3.1 MW AUST
2005 12 20 1323 117.204 -30.134 3.0 2.9 MW AUST
2005 12 28 1807 117.200 -30.780 10.0 2.7 MW AUST
2006 01 24 1005 117.078 -30.451 32.0 2.7 MW AUST
2006 02 15 1607 117.093 -30.810 9.0 2.1 MW AUST
2006 02 24 1329 117.165 -30.736 0.0 2.7 MW AUST
2006 03 11 0750 117.624 -30.325 7.0 2.3 MW AUST
2006 03 12 1919 118.079 -30.841 3.0 2.3 MW AUST
2006 03 17 0455 118.261 -30.760 2.8 2.9 MW AUST
2006 03 29 1257 117.685 -30.280 0.0 3.2 MW AUST
2006 04 14 1758 117.229 -30.106 10.0 2.4 MW AUST
2006 04 19 2125 117.058 -31.702 5.3 2.0 MW AUST
2006 05 02 1419 117.058 -30.842 0.0 2.1 MW AUST
2006 05 02 2357 117.725 -30.266 3.0 2.9 MW AUST
2006 05 11 1922 117.148 -30.146 15.0 2.6 MW AUST
2006 05 20 0200 117.011 -30.473 11.0 2.2 MW AUST
2006 05 20 1301 117.478 -30.691 3.0 2.4 MW AUST
2006 05 24 2155 117.068 -31.611 3.5 2.2 MW AUST
2006 05 28 1843 117.078 -30.742 0.0 2.1 MW AUST
2006 06 20 1250 117.086 -30.819 0.0 2.3 MW AUST
2006 06 26 1646 117.430 -31.207 6.2 2.1 MW AUST
2006 07 03 1139 116.679 -31.189 0.0 2.1 MW AUST
2006 07 15 1124 117.012 -30.213 7.0 2.3 MW AUST
2006 07 28 1225 116.266 -31.157 0.0 2.7 MW AUST
2006 08 01 1206 117.259 -30.217 11.0 2.7 MW AUST
2006 08 02 1806 117.791 -30.294 9.0 2.6 MW AUST
2006 08 27 0744 117.786 -30.248 10.0 2.5 MW AUST
2006 09 07 0643 117.116 -31.726 0.0 2.7 MW AUST
2006 09 10 0751 117.793 -30.256 10.0 2.5 MW AUST
2006 09 14 1714 117.776 -30.276 16.0 2.3 MW AUST
2006 10 06 0132 117.800 -32.134 0.0 2.8 MW AUST
2006 10 19 0629 117.710 -30.281 8.0 2.4 MW AUST
2006 10 23 1002 116.947 -30.247 10.0 2.2 MW AUST
2006 10 24 1630 117.025 -30.219 0.0 2.3 MW AUST
2006 11 07 1115 117.322 -32.519 6.0 2.3 MW AUST
2006 11 17 0755 116.580 -31.087 0.0 2.5 MW AUST
2006 11 23 1913 117.743 -30.258 4.1 2.5 MW AUST
2006 11 26 0724 117.911 -31.544 4.6 2.8 MW AUST
2006 12 04 2137 117.193 -32.115 0.0 2.0 MW AUST
2006 12 13 1218 117.088 -30.800 0.0 3.1 MW AUST
2007 01 02 1630 117.197 -32.120 6.0 2.5 MW AUST
2007 01 08 0930 116.612 -30.519 8.4 2.5 MW AUST
2007 02 06 1217 116.276 -31.158 2.0 2.5 MW AUST
2007 02 10 0808 117.282 -31.967 2.0 2.0 MW AUST
2007 02 15 2130 117.274 -31.956 11.0 1.9 MW AUST
2007 03 08 0411 117.268 -31.960 0.0 1.9 MW AUST
2007 03 17 0254 117.067 -30.836 6.0 2.7 MW AUST
2007 04 09 2300 117.190 -30.734 16.0 2.4 MW AUST
2007 04 16 1356 116.208 -31.138 0.0 2.3 MW AUST
2007 04 22 0048 117.106 -30.808 4.0 2.1 MW AUST
2007 04 23 0554 117.108 -30.786 0.0 2.3 MW AUST
2007 05 07 0410 117.006 -31.639 2.9 1.9 MW AUST
2007 06 24 1257 117.852 -31.828 0.0 2.1 MW AUST
2007 07 07 1734 117.145 -31.678 15.0 2.2 MW AUST
2007 07 26 1852 117.997 -32.672 3.7 2.6 MW AUST
2007 07 27 1541 117.042 -31.607 0.0 2.7 MW AUST
2007 09 13 1649 117.100 -30.780 0.0 2.5 MW AUST
2007 09 27 1555 117.120 -30.780 1.0 2.2 MW AUST
2007 10 17 0441 117.283 -30.602 2.0 2.9 MW AUST
2007 12 12 0552 117.704 -30.281 2.0 2.5 MW AUST
2008 01 08 1302 117.823 -30.272 1.0 2.6 MW AUST
2008 01 12 1117 117.086 -30.810 0.0 2.4 MW AUST
2008 01 22 1711 117.139 -32.144 0.0 2.4 MW AUST
2008 01 23 1527 117.050 -31.690 0.0 3.0 MW AUST
2008 01 27 0630 117.072 -30.839 0.0 2.5 MW AUST
2008 01 28 2251 117.142 -32.157 3.8 2.4 MW AUST
2008 01 30 2155 117.163 -32.140 2.0 2.5 MW AUST
2008 02 07 1956 117.712 -30.275 6.2 2.7 MW AUST
2008 02 17 0017 117.461 -32.129 0.0 2.1 MW AUST
2008 03 05 0654 117.983 -30.764 6.0 2.9 MW AUST
2008 03 13 1503 116.915 -30.512 12.0 2.7 MW AUST
2008 04 03 1322 117.694 -30.261 0.0 2.8 MW AUST
2008 04 05 1204 117.781 -30.349 1.1 3.0 MW AUST
2008 04 06 2125 117.115 -32.155 0.0 2.4 MW AUST
2008 04 10 0813 116.960 -30.429 12.0 3.1 MW AUST
2008 04 12 2353 118.023 -30.925 6.0 3.0 MW AUST
2008 04 21 0729 117.210 -30.581 10.0 3.1 MW AUST
2008 05 17 0905 117.501 -30.664 11.1 3.0 MW AUST
2008 06 10 1839 116.964 -30.276 0.0 2.7 MW AUST
2008 07 20 2114 116.759 -32.004 3.0 2.9 MW AUST
2008 07 24 0050 117.851 -30.440 10.0 2.6 MW AUST
2008 07 26 0337 116.773 -31.987 0.0 2.6 MW AUST
2008 07 29 0539 116.812 -32.015 12.0 2.6 MW AUST
2008 08 01 1727 117.132 -30.495 0.0 3.3 MW AUST
2008 08 08 1027 117.281 -30.466 3.7 2.9 MW AUST
2008 11 06 1456 116.655 -30.876 8.0 3.3 MW AUST
2009 02 05 0053 117.177 -30.213 5.0 2.4 MW AUST
2009 02 05 0821 116.680 -31.700 11.0 2.5 MW AUST
2009 03 16 0726 117.086 -31.597 1.0 3.2 MW AUST
2009 03 31 2252 116.967 -30.889 5.0 2.5 MW AUST
2009 04 01 0018 116.822 -30.301 10.0 2.3 MW AUST
2009 04 06 2023 117.043 -30.810 7.4 2.5 MW AUST
2009 04 06 2050 117.330 -31.943 9.0 3.2 MW AUST
2009 04 22 2041 117.265 -31.952 2.0 2.1 MW AUST
2009 05 12 2033 117.057 -30.515 0.0 2.2 MW AUST
2009 05 24 1126 117.312 -30.402 4.0 2.2 MW AUST
2009 05 24 1131 117.007 -30.855 3.0 2.2 MW AUST
2009 05 26 0813 117.266 -30.432 5.0 2.3 MW AUST
2009 05 29 0359 117.318 -30.392 0.0 2.2 MW AUST
2009 06 05 1937 117.322 -30.420 10.0 2.4 MW AUST
2009 06 24 0558 117.231 -31.380 2.0 2.5 MW AUST
2009 07 04 2104 117.379 -30.698 8.0 2.3 MW AUST
2009 07 10 1429 117.363 -30.716 12.0 2.3 MW AUST
2009 07 12 0100 117.711 -30.248 0.0 2.5 MW AUST
2009 07 14 1640 117.224 -31.392 4.3 3.1 MW AUST
2009 07 18 1514 117.731 -30.210 0.0 2.8 MW AUST
2009 07 31 1917 117.750 -30.876 11.0 2.5 MW AUST
2009 08 08 1257 117.447 -30.629 2.9 2.0 MW AUST
2009 08 09 2117 117.734 -30.234 3.5 3.0 MW AUST
2009 08 12 1611 117.135 -31.583 3.5 3.0 MW AUST
2009 08 13 1239 117.484 -30.614 0.0 2.0 MW AUST
2009 08 14 1226 117.418 -30.668 7.0 2.2 MW AUST
2009 08 14 1655 117.786 -30.256 7.0 2.5 MW AUST
2009 09 17 2310 117.406 -30.629 7.3 2.8 MW AUST
2009 09 25 1356 117.200 -31.409 1.2 3.0 MW AUST
2009 10 03 1232 117.158 -31.542 11.9 2.5 MW AUST
2009 10 04 0050 116.915 -31.567 10.0 2.3 MW AUST
2009 10 05 0317 117.404 -30.731 11.2 2.5 MW AUST
2009 10 05 1045 117.355 -30.722 10.0 2.5 MW AUST
2009 10 05 1115 117.471 -30.625 0.0 2.7 MW AUST
2009 11 01 2250 117.399 -30.668 10.0 2.7 MW AUST
2009 11 20 2000 117.021 -30.396 0.0 2.1 MW AUST
2009 12 01 0333 117.036 -30.401 0.0 2.6 MW AUST
2009 12 19 1911 117.718 -30.246 0.7 2.5 MW AUST
2010 01 02 1924 118.206 -30.750 0.0 2.7 MW AUST
2010 01 14 0524 118.026 -30.536 0.0 2.5 MW AUST
2010 01 15 1347 117.036 -31.696 0.0 2.9 MW AUST
2010 01 18 1418 118.085 -30.528 0.0 2.5 MW AUST
2010 01 20 0731 117.336 -31.544 5.0 2.8 MW AUST
2010 01 23 0600 117.057 -31.600 3.5 2.8 MW AUST
2010 02 14 0503 118.016 -30.564 5.4 2.5 MW AUST
2010 02 17 0412 116.620 -30.936 0.4 2.5 MW AUST
2010 02 19 1424 116.784 -32.010 0.1 2.5 MW AUST
2010 02 24 1211 116.805 -31.908 10.0 2.1 MW AUST
2010 06 20 1751 116.919 -30.881 7.2 2.1 MW AUST
2010 06 20 2113 116.976 -30.604 10.0 2.1 MW AUST
2010 07 07 1853 116.970 -30.608 10.0 2.0 MW AUST
2010 07 08 1740 117.186 -30.737 0.8 2.5 MW AUST
2010 07 16 0142 117.304 -30.403 0.0 2.2 MW AUST
2010 07 29 1359 116.460 -30.640 0.7 3.0 MW AUST
2010 08 02 0922 117.636 -30.202 0.0 2.5 MW AUST
2010 08 10 0725 116.849 -30.366 0.0 2.1 MW AUST
2010 08 19 0618 116.720 -30.424 0.0 2.5 MW AUST
2010 08 21 1221 116.973 -30.896 0.0 1.9 MW AUST
