1990 08 16 0306 149.743 -38.111 15.4 3.6 MW MEL
1990 11 27 1721 142.121 -40.135 17.0 3.5 MW MEL
1991 01 10 1107 139.211 -37.331 2.7 3.7 MW ADE
1991 03 28 2126 146.249 -38.525 20.6 3.5 MW MEL
1994 02 01 0553 146.350 -38.536 17.1 3.7 MW MEL
1995 12 18 1644 139.579 -37.613 8.5 3.6 MW ADE
1997 01 20 1103 145.031 -38.379 19.3 3.6 MW MEL
1998 03 11 0327 140.452 -36.667 21.0 3.5 MW ADE
1998 09 15 1323 147.289 -38.371 20.6 3.5 MW MEL
1998 09 27 2232 144.741 -38.290 20.5 3.8 MW MEL
1999 01 13 0940 146.317 -38.097 12.3 3.5 MW MEL
1999 02 06 0507 140.669 -38.354 36.1 3.5 MW ADE
2000 05 17 1729 143.563 -38.710 17.1 3.0 MW MEL
2000 08 03 1129 145.989 -38.752 16.2 3.2 MW MEL
2000 08 29 1205 146.246 -38.404 15.4 4.2 MW MEL
2000 10 30 1730 146.044 -38.567 15.5 3.2 MW MEL
2000 12 29 2339 144.482 -38.793 17.1 3.7 MW MEL
2001 06 03 0652 146.081 -43.979 10.0 3.0 MW MEL
2001 07 04 0416 146.294 -38.420 6.0 3.5 MW MEL
2001 08 21 2313 145.472 -38.119 13.0 3.7 MW MEL
2002 01 05 1451 140.705 -38.398 33.6 3.3 MW MEL
2002 02 07 1248 143.866 -40.814 10.0 4.4 MW MEL
2002 05 04 2238 145.751 -38.708 13.9 3.0 MW MEL
2002 07 19 0540 144.819 -39.245 8.5 3.2 MW MEL
2002 09 24 0742 146.066 -38.691 3.0 3.7 MW MEL
2002 12 06 0833 144.680 -43.194 10.0 3.0 MW MEL
2002 12 06 1339 148.768 -38.002 24.0 3.0 MW AUST
2003 02 17 1726 139.414 -38.303 22.0 3.0 MW ADE
2003 04 06 2330 145.384 -38.563 11.0 3.0 MW MEL
2003 04 10 0711 145.928 -39.241 18.3 3.9 MW MEL
2003 04 22 0739 146.211 -38.558 4.2 3.4 MW MEL
2003 07 07 0935 148.128 -38.099 3.0 3.4 MW AUST
2003 12 20 1334 141.456 -37.639 8.7 3.0 MW ADE
2004 10 11 1636 143.552 -37.903 10.0 3.0 MW MEL
2005 01 14 0051 144.348 -39.745 10.0 3.1 MW MEL
2005 04 20 2153 146.554 -38.517 7.4 3.6 MW MEL
2005 04 24 0210 146.683 -38.319 12.4 3.0 MW MEL
2005 06 30 1413 142.307 -39.067 22.3 3.2 MW MEL
2005 09 28 2137 146.027 -38.568 7.2 3.1 MW MEL
2005 12 22 1353 139.372 -37.708 26.7 3.5 MW ADE
2006 01 19 1615 146.204 -40.783 10.0 3.7 MW MEL
2006 04 08 0034 142.258 -38.874 5.8 3.5 MW MEL
2006 04 19 1859 139.880 -37.881 22.2 3.0 MW ADE
2006 05 09 1454 145.492 -43.769 10.0 3.2 MW MEL
2006 06 18 1317 146.861 -38.484 13.0 3.4 MW AUST
2006 07 22 2201 141.044 -38.255 10.0 3.0 MW MEL
2006 09 29 1249 145.238 -44.793 17.0 4.5 MW ISC
2006 10 05 2124 143.700 -40.568 3.0 3.2 MW AUST
2006 10 22 1236 145.025 -37.873 16.1 3.1 MW MEL
2006 10 22 1322 146.267 -38.524 18.2 3.0 MW MEL
2006 12 04 0254 144.844 -39.055 13.5 3.3 MW GG
2006 12 14 1723 143.690 -42.566 15.0 4.8 MW MEL
2007 01 03 2227 146.259 -38.467 17.8 3.3 MW GG
2007 01 07 1357 143.427 -40.646 10.0 3.7 MW MEL
2007 01 20 0457 145.376 -42.857 10.0 3.0 MW MEL
2007 01 20 1717 145.526 -38.419 10.0 3.0 MW MEL
2007 02 18 1004 146.279 -38.633 10.3 3.4 MW GG
2007 03 16 0612 145.611 -39.547 10.0 3.2 MW MEL
2007 07 28 1650 144.373 -39.594 10.0 3.2 MW MEL
2007 10 01 0122 139.469 -37.609 15.5 3.1 MW ADE
2007 11 13 0659 140.110 -37.789 15.4 3.9 MW ADE
2008 01 04 1417 140.497 -37.803 12.7 3.1 MW ADE
2008 01 24 0321 144.627 -38.757 14.3 3.5 MW MEL
2008 06 24 0703 140.578 -38.058 29.1 3.6 MW MEL
2008 09 30 0703 149.992 -37.975 10.0 3.2 MW MEL
2008 10 28 1224 144.281 -38.264 6.1 3.2 MW MEL
2008 11 22 0129 146.116 -39.310 10.0 3.0 MW MEL
2009 02 05 0404 144.994 -39.024 10.0 3.6 MW MEL
2009 03 06 0955 145.852 -38.413 9.8 4.4 MW MEL
2009 09 22 0820 145.233 -38.199 5.0 3.2 MW MEL
2009 10 08 0837 148.461 -38.192 10.0 3.3 MW MEL
2009 10 15 2318 145.291 -39.389 10.0 3.2 MW MEL
2009 12 18 1005 148.649 -37.905 0.4 3.0 MW AUST
2010 01 04 0554 138.556 -37.434 24.3 3.0 MW ADE
2010 03 30 0808 144.903 -38.089 9.0 3.3 MW MEL
2010 04 03 1749 146.022 -38.532 14.1 3.3 MW MEL
2010 04 06 0637 147.438 -38.271 10.0 3.1 MW MEL
2010 08 06 0650 146.044 -38.555 14.9 3.2 MW MEL
2010 10 22 1632 146.268 -38.564 10.0 3.0 MW MEL
2010 11 09 1920 140.030 -37.873 13.1 3.3 MW ADE
2010 12 08 0910 149.018 -38.236 10.0 3.0 MW MEL
2010 12 28 0851 147.300 -38.570 35.7 3.3 MW MEL
2011 04 15 1337 145.772 -39.994 10.0 3.2 MW MEL
2011 05 20 2227 142.299 -40.705 10.0 3.2 MW MEL
2011 07 20 1919 143.600 -38.951 10.0 3.0 MW MEL
2011 08 18 0446 139.788 -37.095 22.2 3.3 MW ADE
2011 11 03 0141 140.030 -37.976 35.7 3.3 MW ADE
2011 11 05 2252 140.454 -37.579 18.3 3.1 MW ADE
2012 01 02 1246 146.370 -38.562 14.4 3.0 MW MEL
2012 01 12 0122 140.759 -38.629 27.1 3.4 MW ADE
2012 03 06 2234 139.663 -37.728 32.1 3.1 MW ADE
2012 04 23 0029 143.027 -38.484 7.1 3.0 MW GG
2012 06 19 1053 146.290 -38.259 18.1 5.0 MW GG
2012 07 31 0008 146.716 -38.605 10.0 3.1 MW MEL
2012 09 09 0923 140.794 -38.562 31.3 3.3 MW ADE
2012 10 11 2247 143.584 -37.885 11.2 3.3 MW MEL
2013 01 17 2356 144.749 -39.716 5.0 3.0 MW MEL
2013 03 25 0753 140.700 -38.647 24.9 3.4 MW ADE
2013 05 01 1641 144.487 -38.126 11.6 3.1 MW GG
2013 07 15 0419 144.335 -39.769 14.5 3.9 MW MEL
2013 08 03 1342 145.851 -43.938 10.0 3.2 MW MEL
2013 12 08 0647 146.322 -38.596 14.8 3.5 MW GG
2014 02 01 2232 138.539 -37.458 35.9 3.0 MW ADE
2014 04 02 2018 144.563 -39.561 10.0 3.3 MW MEL
2014 05 10 1033 140.619 -38.997 8.9 3.1 MW ADE
2014 05 20 1833 146.053 -38.426 13.3 3.0 MW SRC
2014 05 20 2253 147.444 -38.552 10.0 3.4 MW MEL
2014 06 28 0642 145.295 -39.448 9.5 3.4 MW GG
2014 08 21 2152 144.448 -42.065 10.0 3.5 MW MEL
2014 08 31 1053 140.680 -38.076 37.9 3.1 MW ADE
2014 10 17 0813 146.227 -38.219 10.6 3.4 MW SRC
2014 12 02 1634 145.846 -38.418 8.8 3.5 MW SRC
2014 12 03 1905 145.460 -38.067 18.4 3.6 MW SRC
2014 12 20 0950 148.733 -38.276 7.2 3.4 MW SRC
2015 03 05 0135 146.193 -38.255 9.5 3.1 MW SRC
2015 03 27 1327 140.750 -38.562 38.0 3.6 MW ADE
2015 07 30 0925 142.263 -39.780 10.0 3.0 MW SRC
2015 09 17 0244 142.582 -39.825 54.0 4.5 MW SRC
2015 10 27 2004 140.469 -38.129 35.0 3.2 MW ADE
2015 12 15 0457 140.092 -37.848 37.8 3.1 MW ADE
2016 03 15 0151 140.436 -38.107 35.0 3.2 MW ADE
2016 04 04 1942 146.034 -38.572 19.3 3.4 MW GG
2016 06 05 1647 146.358 -40.745 10.0 3.2 MW SRC
2016 06 12 1251 145.810 -39.061 14.0 3.3 MW GG
2017 01 08 1920 143.444 -39.009 12.6 3.2 MW SRC
2017 01 31 1940 146.274 -38.429 19.7 3.6 MW SRC
2017 02 17 1633 140.621 -38.627 10.0 3.3 MW AUST
2017 03 19 0138 140.802 -38.078 10.0 3.3 MW AUST
2017 05 13 1743 146.277 -38.185 10.0 3.1 MW AUST
2017 06 27 0652 140.227 -38.031 10.0 3.4 MW AUST
