1941 04 29 0135 116.197 -26.791 25.0 6.8 MW EHB
1941 06 27 0755 137.340 -25.950 0.0 6.4 MW BMR
1965 09 10 1224 122.200 -18.100 18.0 4.5 MW MGO
1967 10 12 1031 123.900 -17.900 18.0 4.3 MW MGO
1968 06 13 0644 131.183 -20.973 33.0 4.3 MW USCGS
1968 06 19 0555 124.900 -19.100 18.0 4.7 MW ISC
1968 06 25 0853 137.474 -25.974 33.0 4.6 MW USCGS
1968 06 30 1921 121.400 -16.400 18.0 4.5 MW ISC
1968 07 04 0648 117.100 -20.800 18.0 4.6 MW MGO
1968 08 06 1908 123.200 -18.500 18.0 5.2 MW MGO
1968 10 14 0258 116.980 -31.620 10.0 6.6 MW BMR
1968 10 14 0409 117.010 -31.600 7.0 4.3 MW MGO
1968 10 15 0330 116.990 -31.470 3.0 5.0 MW ISC
1968 10 21 1532 117.090 -31.610 7.0 4.3 MW MGO
1968 11 12 1023 124.000 -31.600 18.0 4.4 MW MGO
1969 06 17 1954 116.730 -25.260 0.0 4.4 MW BMR
1969 06 23 1414 123.100 -17.600 7.0 4.7 MW MGO
1969 06 30 1738 120.100 -18.000 7.0 4.7 MW MGO
1969 09 14 2258 123.100 -17.900 7.0 4.6 MW MGO
1969 09 24 2339 118.200 -21.700 7.0 5.0 MW MGO
1969 10 27 1139 131.320 -22.800 0.0 4.3 MW BMR
1969 10 27 1222 131.330 -22.700 0.0 4.3 MW BMR
1970 02 01 1840 118.500 -20.300 7.0 5.0 MW MGO
1970 02 08 1631 125.080 -27.400 1.0 5.0 MW ISC
1970 03 10 1715 116.512 -31.093 15.0 5.7 MW EHB
1970 03 24 1035 126.673 -22.059 15.0 6.1 MW EHB
1970 03 24 1118 126.300 -21.900 0.0 4.7 MW ISC
1970 03 24 1308 126.620 -22.150 0.0 4.4 MW BMR
1970 03 24 1414 126.550 -22.050 0.0 4.3 MW BMR
1970 03 24 1715 126.500 -22.000 7.0 4.2 MW MGO
1970 03 24 2023 126.560 -21.980 0.0 4.5 MW BMR
1970 03 24 2332 126.500 -21.860 0.0 4.7 MW BMR
1970 03 25 0118 126.640 -22.190 0.0 4.5 MW BMR
1970 03 25 0154 126.500 -22.200 7.0 4.5 MW MGO
1970 03 25 0508 126.590 -22.230 0.0 4.5 MW BMR
1970 03 25 0632 126.540 -22.000 0.0 4.6 MW BMR
1970 03 25 1030 126.590 -22.120 0.0 4.6 MW BMR
1970 03 25 1239 126.360 -21.730 0.0 4.4 MW BMR
1970 03 25 1621 126.690 -22.330 0.0 4.5 MW BMR
1970 03 26 0235 126.540 -21.920 0.0 4.7 MW BMR
1970 03 26 0242 126.500 -22.200 7.0 4.3 MW MGO
1970 03 26 1138 126.610 -22.080 0.0 4.7 MW BMR
1970 03 26 1219 126.590 -22.050 0.0 4.5 MW BMR
1970 03 26 1309 126.580 -22.150 0.0 4.2 MW BMR
1970 04 01 1612 126.560 -22.000 0.0 4.7 MW BMR
1970 04 03 2342 126.560 -22.020 0.0 4.2 MW BMR
1970 04 04 1409 126.564 -22.021 8.5 4.6 MW EHB
1970 04 16 1844 126.590 -22.230 0.0 4.2 MW MGO
1970 04 18 0858 126.510 -22.050 0.0 4.6 MW MGO
1970 05 10 1842 126.560 -22.110 0.0 4.3 MW MGO
1970 05 14 1437 126.510 -22.030 0.0 4.3 MW MGO
1970 05 20 0732 126.470 -21.750 0.0 4.6 MW MGO
1970 05 20 1042 126.470 -21.760 0.0 4.2 MW MGO
1970 05 23 1853 126.440 -21.710 0.0 4.4 MW MGO
1970 06 29 0732 126.640 -22.010 0.0 4.2 MW MGO
1970 08 04 2210 126.000 -21.200 7.0 4.2 MW MGO
1970 08 05 0859 126.560 -22.060 0.0 4.6 MW MGO
1970 08 07 0817 126.550 -21.970 0.0 4.2 MW MGO
1970 10 03 0218 126.550 -22.030 0.0 4.4 MW MGO
1971 02 06 2223 126.390 -21.380 0.0 4.8 MW BMR
1971 03 11 0323 126.550 -22.070 0.0 5.2 MW BMR
1971 09 13 2158 117.560 -20.190 0.0 4.2 MW BMR
1972 06 27 1240 126.650 -22.040 0.0 4.4 MW BMR
1972 07 07 1603 126.530 -22.130 0.0 4.4 MW BMR
1972 07 22 0419 126.710 -28.030 0.0 4.5 MW MGO
1972 08 28 0218 136.326 -24.992 13.4 5.3 MW EHB
1972 10 21 0233 115.550 -24.880 0.0 4.4 MW BMR
1973 01 13 0808 121.060 -17.080 10.0 4.4 MW MGO
1973 03 11 1604 127.418 -21.889 10.0 4.8 MW ISC
1974 04 17 0721 123.986 -29.581 33.0 4.2 MW ISC
1975 03 06 2351 126.488 -17.212 0.0 5.1 MW ISC
1975 07 24 2223 120.470 -21.090 0.0 4.8 MW MGO
1975 10 03 1151 126.670 -22.181 10.0 5.1 MW EHB
1976 03 15 1538 125.470 -32.340 10.0 5.1 MW MGO
1976 10 21 1112 126.665 -22.347 33.0 4.7 MW USGS
1976 11 07 0347 128.663 -16.115 6.0 4.3 MW ISC
1977 12 30 1009 117.172 -25.245 33.0 4.5 MW ISC
1978 05 01 0342 115.503 -23.464 0.0 4.7 MW ISC
1978 05 06 1952 126.560 -19.550 17.0 5.3 MW BMR
1979 06 02 0947 117.104 -30.821 3.0 6.1 MW EHB
1979 06 03 0745 117.170 -30.770 10.0 5.0 MW AUST
1979 06 07 0645 117.308 -30.761 10.0 5.2 MW EHB
1979 07 14 0940 122.755 -18.103 15.0 5.0 MW EHB
1979 07 16 2039 127.049 -17.224 10.0 4.3 MW ISC
1979 10 11 0404 117.146 -30.757 6.0 4.5 MW BMR
1980 12 10 0435 117.150 -30.730 13.0 4.6 MW MGO
1981 04 07 2015 117.164 -30.744 0.0 4.2 MW BMR
1982 02 06 1524 117.430 -30.906 15.0 4.5 MW EHB
1982 02 06 1530 117.100 -30.870 10.0 4.2 MW MGO
1982 10 03 1700 115.850 -22.090 10.0 4.2 MW MGO
1982 11 03 0240 120.480 -20.530 37.0 5.8 MW MGO
1983 01 26 0616 117.319 -30.610 10.0 4.5 MW ISC
1984 03 16 0345 123.344 -15.003 37.0 4.2 MW ISC
1985 03 22 0023 125.570 -22.840 10.0 3.5 MW MGO
1985 04 03 0150 132.455 -23.016 9.0 4.4 MW ISC
1985 04 12 0318 130.140 -14.750 10.0 3.8 MW AUST
1985 04 21 1456 121.897 -19.965 10.0 3.6 MW ISC
1985 05 05 1650 116.630 -25.960 10.0 3.8 MW MGO
1985 05 20 2258 120.860 -18.410 10.0 3.5 MW MGO
1985 07 23 0947 126.797 -19.310 10.0 4.1 MW ISC
1985 07 28 0739 122.582 -32.554 5.8 5.2 MW EHB
1985 07 28 0922 122.220 -32.510 10.0 3.5 MW MGO
1985 07 28 1039 122.220 -32.510 10.0 4.1 MW MGO
1985 07 28 1447 122.220 -32.510 10.0 3.7 MW MGO
1985 07 29 0735 122.220 -32.510 10.0 3.8 MW MGO
1985 08 14 0400 122.220 -32.510 10.0 4.1 MW MGO
1985 08 19 0722 122.220 -32.510 10.0 3.5 MW MGO
1985 09 08 1545 137.284 -29.514 10.7 3.6 MW ADE
1985 09 10 1157 130.240 -18.050 33.0 5.1 MW ISC
1985 09 23 1545 122.220 -32.510 10.0 3.8 MW MGO
1985 10 06 0016 122.220 -32.510 10.0 3.8 MW MGO
1985 10 10 1334 117.110 -30.750 10.0 4.0 MW MGO
1985 10 28 1112 122.220 -32.510 10.0 3.6 MW MGO
1985 10 30 1410 122.250 -32.480 10.0 4.0 MW MGO
1985 11 24 0926 124.640 -15.910 33.0 4.2 MW MGO
1985 11 27 2318 117.351 -30.646 3.0 4.2 MW ISC
1985 12 06 0302 117.360 -32.010 10.0 3.6 MW MGO
1985 12 14 2239 122.220 -32.510 10.0 3.5 MW MGO
1986 01 20 0746 122.340 -32.360 5.0 3.9 MW MGO
1986 01 20 1016 122.300 -32.480 5.0 3.5 MW MGO
1986 02 06 1017 117.080 -30.780 5.0 3.5 MW MGO
1986 02 11 1151 133.843 -19.748 8.0 4.0 MW ISC
1986 03 16 0644 126.610 -28.100 5.0 3.5 MW MGO
1986 03 30 0853 132.734 -26.310 5.0 5.7 MW EHB
1986 03 31 0612 132.075 -26.178 4.4 3.5 MW ADE
1986 03 31 0725 131.813 -26.208 24.5 3.5 MW ADE
1986 04 14 1932 131.345 -24.879 10.0 3.8 MW BMR
1986 05 17 1241 117.200 -33.360 5.0 3.8 MW MGO
1986 05 26 0555 128.992 -27.768 5.0 3.9 MW BMR
1986 06 23 1530 124.780 -27.590 5.0 3.6 MW MGO
1986 07 10 2210 132.608 -26.288 10.0 3.7 MW ISC
1986 07 11 0717 132.852 -26.207 0.0 5.3 MW MEL
1986 07 11 1242 132.492 -25.761 0.0 3.5 MW BMR
1986 09 01 1353 117.060 -31.630 5.0 3.9 MW MGO
1986 11 28 1540 129.656 -25.393 5.0 3.7 MW BMR
1986 11 28 1546 129.779 -25.433 5.0 3.8 MW BMR
1986 11 29 1922 129.673 -25.393 5.0 3.7 MW BMR
1986 12 02 1713 132.549 -19.617 23.0 4.0 MW BMR
1986 12 18 0658 116.820 -27.830 5.0 3.9 MW MGO
1987 01 05 1409 133.703 -19.958 10.0 5.0 MW ISC
1987 01 06 0135 133.975 -19.820 3.0 3.7 MW BMR
1987 01 06 0201 133.999 -19.812 4.0 3.6 MW BMR
1987 01 07 2001 133.781 -19.945 10.0 5.0 MW EHB
1987 01 08 0238 133.672 -19.934 10.0 4.7 MW ISC
1987 01 08 0305 133.973 -19.816 5.0 3.6 MW BMR
1987 01 08 0707 133.989 -19.818 3.0 3.5 MW BMR
1987 01 08 1908 133.717 -19.928 10.0 3.8 MW ISC
1987 01 09 0102 133.712 -19.924 10.0 4.5 MW ISC
1987 01 09 0851 133.980 -19.810 0.0 3.7 MW BMR
1987 01 09 1127 133.787 -19.955 15.0 5.4 MW EHB
1987 01 09 2119 133.939 -19.765 0.0 3.5 MW BMR
1987 01 10 1521 133.972 -19.804 0.0 3.8 MW BMR
1987 01 13 2325 133.910 -19.772 0.0 3.7 MW BMR
1987 01 18 1009 133.945 -19.810 3.0 3.6 MW BMR
1987 01 22 0607 133.983 -19.815 0.0 3.8 MW BMR
1987 01 27 0937 133.761 -19.788 10.0 3.9 MW ISC
1987 01 30 1642 133.969 -19.813 4.0 3.8 MW BMR
1987 01 30 1742 133.691 -19.955 10.0 4.4 MW ISC
1987 01 31 0844 133.935 -19.652 8.0 3.9 MW ISC
1987 01 31 1755 133.989 -19.835 3.0 3.7 MW BMR
1987 02 01 0242 133.941 -19.782 6.0 3.5 MW BMR
1987 02 12 0707 133.967 -19.774 5.0 3.6 MW BMR
1987 02 15 1659 133.916 -19.811 5.0 3.6 MW BMR
1987 02 16 1126 133.943 -19.801 15.0 3.9 MW BMR
1987 02 18 1817 134.028 -19.811 5.0 3.5 MW BMR
1987 03 02 1644 117.050 -31.620 8.0 3.7 MW MGO
1987 03 07 0538 117.246 -30.699 24.2 4.3 MW ISC
1987 03 16 2228 133.845 -19.660 5.0 3.9 MW ISC
1987 03 16 2239 133.790 -19.759 8.0 4.2 MW ISC
1987 03 17 0020 133.994 -19.687 10.0 3.5 MW BMR
1987 03 17 0051 132.896 -19.878 9.0 3.5 MW BMR
1987 03 20 1128 133.870 -19.711 9.0 4.0 MW ISC
1987 03 23 1255 133.938 -19.670 11.0 3.5 MW BMR
1987 03 30 0510 131.519 -26.062 33.0 3.6 MW BMR
1987 04 07 1536 134.383 -19.822 0.0 3.6 MW BMR
1987 04 08 2052 133.528 -19.103 5.0 3.9 MW BMR
1987 05 02 2349 121.428 -30.710 5.0 3.7 MW MGO
1987 05 05 2324 116.720 -32.040 5.0 3.7 MW MGO
1987 05 08 0424 134.220 -19.898 0.0 4.2 MW BMR
1987 05 08 0904 133.937 -19.800 5.0 3.5 MW BMR
1987 05 10 0524 133.992 -19.865 0.0 4.4 MW BMR
1987 06 03 0407 133.970 -20.006 10.0 3.5 MW BMR
1987 06 04 1839 133.930 -19.660 15.0 3.6 MW AUST
1987 06 11 0637 133.950 -19.770 5.0 3.5 MW AUST
1987 06 11 1041 133.693 -19.995 7.6 4.1 MW ISC
1987 06 11 1218 117.510 -31.200 3.0 3.5 MW MGO
1987 06 19 1332 116.690 -20.560 5.0 3.5 MW MGO
1987 06 27 0200 133.936 -19.773 3.0 3.7 MW BMR
1987 07 07 1031 136.035 -28.178 8.0 3.5 MW BMR
1987 07 08 1038 122.280 -32.540 5.0 4.2 MW MGO
1987 07 21 2110 133.765 -19.802 1.0 3.7 MW BMR
1987 08 18 1955 133.935 -19.755 6.0 3.7 MW BMR
1987 08 30 1423 128.679 -16.739 14.0 4.0 MW BMR
1987 09 24 1039 133.863 -19.776 0.0 3.5 MW BMR
1987 09 24 1111 133.978 -19.826 2.0 3.5 MW BMR
1987 09 30 0231 134.000 -19.800 2.0 3.5 MW AUST
1987 10 09 0358 121.262 -30.913 16.0 4.7 MW MGO
1987 10 21 1832 121.294 -30.939 5.0 3.6 MW MGO
1987 10 22 2113 121.252 -30.935 5.0 3.9 MW MGO
1987 11 18 0937 120.180 -21.280 11.0 3.8 MW MGO
1987 11 19 1800 120.150 -21.300 25.0 4.1 MW MGO
1987 11 20 0454 120.150 -21.300 5.0 3.6 MW MGO
1987 12 04 1315 120.624 -17.655 10.0 4.1 MW ISC
1987 12 18 1755 117.500 -31.200 3.0 3.5 MW MGO
1987 12 20 1211 121.083 -30.483 5.0 3.7 MW MGO
1988 01 01 0901 117.770 -30.760 5.0 3.7 MW MGO
1988 01 06 0342 117.500 -31.200 2.0 4.1 MW MGO
1988 01 22 0035 133.795 -19.866 5.0 6.3 MW EHB
1988 01 22 0100 133.903 -19.800 3.0 4.3 MW BMR
1988 01 22 0106 134.000 -19.800 0.0 3.9 MW BMR
1988 01 22 0119 134.000 -19.800 0.0 3.6 MW BMR
1988 01 22 0134 134.000 -19.800 0.0 3.5 MW BMR
1988 01 22 0352 134.000 -19.800 0.0 4.2 MW BMR
1988 01 22 0357 133.839 -19.878 3.0 6.4 MW EHB
1988 01 22 0418 133.569 -20.090 5.0 5.5 MW ISC
1988 01 22 0447 134.000 -19.800 0.0 4.2 MW AUST
1988 01 22 0455 134.000 -19.800 0.0 4.1 MW BMR
1988 01 22 0514 134.000 -19.800 0.0 3.7 MW BMR
1988 01 22 0527 134.000 -19.800 0.0 4.0 MW BMR
1988 01 22 0543 134.000 -19.800 0.0 4.1 MW BMR
1988 01 22 0551 134.000 -19.800 0.0 3.5 MW BMR
1988 01 22 0554 134.000 -19.800 0.0 3.7 MW BMR
1988 01 22 0610 134.000 -19.800 0.0 3.7 MW BMR
1988 01 22 0613 134.000 -19.800 0.0 3.8 MW BMR
1988 01 22 0703 133.940 -19.670 5.0 4.1 MW ISC
1988 01 22 0711 134.000 -19.800 0.0 3.7 MW BMR
1988 01 22 0741 134.000 -19.800 0.0 3.6 MW BMR
1988 01 22 0754 134.000 -19.800 0.0 3.5 MW BMR
1988 01 22 0826 134.000 -19.800 0.0 3.5 MW BMR
1988 01 22 0845 134.000 -19.800 0.0 3.7 MW BMR
1988 01 22 0904 134.000 -19.800 0.0 3.6 MW BMR
1988 01 22 0920 133.730 -19.810 5.0 4.5 MW ISC
1988 01 22 0929 134.000 -19.800 0.0 3.5 MW BMR
1988 01 22 0955 134.000 -19.800 0.0 3.7 MW BMR
1988 01 22 1000 134.000 -19.800 0.0 3.6 MW BMR
1988 01 22 1009 134.000 -19.800 0.0 3.9 MW BMR
1988 01 22 1053 134.000 -19.800 0.0 3.9 MW BMR
1988 01 22 1204 133.855 -19.896 5.0 6.6 MW EHB
1988 01 22 1239 133.788 -19.971 15.5 5.5 MW EHB
1988 01 22 1251 134.000 -19.800 0.0 4.3 MW BMR
1988 01 22 1256 134.000 -19.800 0.0 4.4 MW BMR
1988 01 22 1301 134.000 -19.800 0.0 4.7 MW AUST
1988 01 22 1309 134.000 -19.800 0.0 3.8 MW BMR
1988 01 22 1317 134.056 -19.929 10.0 4.7 MW ISC
1988 01 22 1327 134.000 -19.800 0.0 3.6 MW BMR
1988 01 22 1330 134.000 -19.800 0.0 3.5 MW BMR
1988 01 22 1331 133.800 -18.920 5.0 4.4 MW ISC
1988 01 22 1344 134.000 -19.800 0.0 3.9 MW BMR
1988 01 22 1346 133.580 -20.280 5.0 4.7 MW ISC
1988 01 22 1355 134.000 -19.800 0.0 3.5 MW BMR
1988 01 22 1404 134.000 -19.800 0.0 3.9 MW BMR
1988 01 22 1410 134.000 -19.800 0.0 3.5 MW BMR
1988 01 22 1418 134.000 -19.800 0.0 3.7 MW BMR
1988 01 22 1427 134.000 -19.800 0.0 3.7 MW BMR
1988 01 22 1429 134.000 -19.800 0.0 4.0 MW BMR
1988 01 22 1432 134.000 -19.800 0.0 3.9 MW BMR
1988 01 22 1454 134.000 -19.800 0.0 3.8 MW BMR
1988 01 22 1506 134.000 -19.800 0.0 4.2 MW BMR
1988 01 22 1515 134.000 -19.800 0.0 3.6 MW BMR
1988 01 22 1531 134.000 -19.800 0.0 4.0 MW BMR
1988 01 22 1554 134.000 -19.800 0.0 3.5 MW BMR
1988 01 22 1555 134.000 -19.800 0.0 3.5 MW BMR
1988 01 22 1608 134.000 -19.800 0.0 3.9 MW BMR
1988 01 22 1621 134.000 -19.800 0.0 3.5 MW BMR
1988 01 22 1631 134.000 -19.800 0.0 3.9 MW BMR
1988 01 22 1648 134.091 -19.846 0.0 3.6 MW BMR
1988 01 22 1651 134.000 -19.800 0.0 4.5 MW BMR
1988 01 22 1718 134.000 -19.800 0.0 3.7 MW BMR
1988 01 22 1737 134.000 -19.800 0.0 4.2 MW BMR
1988 01 22 1746 134.128 -19.885 5.0 3.5 MW BMR
1988 01 22 1802 134.000 -19.680 5.0 3.6 MW ISC
1988 01 22 1822 134.025 -19.840 5.0 3.5 MW BMR
1988 01 22 1830 133.956 -19.816 3.0 3.8 MW BMR
1988 01 22 1842 134.169 -19.876 0.0 3.5 MW BMR
1988 01 22 1853 133.979 -19.831 4.0 3.7 MW BMR
1988 01 22 1914 134.051 -19.847 12.0 3.5 MW BMR
1988 01 22 1920 133.966 -19.841 4.0 3.6 MW BMR
1988 01 22 1937 134.106 -19.890 1.0 3.8 MW BMR
1988 01 22 1952 133.940 -19.690 5.0 4.0 MW ISC
1988 01 22 2026 133.981 -19.832 6.0 3.7 MW BMR
1988 01 22 2028 134.010 -19.906 6.0 4.1 MW BMR
1988 01 22 2054 133.911 -19.925 3.0 5.3 MW EHB
1988 01 22 2120 134.000 -19.800 0.0 3.8 MW BMR
1988 01 22 2140 134.000 -19.800 0.0 3.5 MW BMR
1988 01 22 2141 133.730 -19.640 5.0 4.3 MW ISC
1988 01 22 2150 134.000 -19.800 0.0 3.5 MW BMR
1988 01 22 2153 134.000 -19.800 0.0 4.2 MW BMR
1988 01 22 2207 134.000 -19.800 0.0 3.5 MW BMR
1988 01 22 2221 134.000 -19.800 0.0 3.5 MW BMR
1988 01 22 2232 134.085 -19.893 5.0 3.7 MW BMR
1988 01 22 2246 134.040 -19.826 5.0 3.8 MW BMR
1988 01 22 2337 134.000 -19.800 0.0 3.5 MW BMR
1988 01 22 2349 134.000 -19.800 0.0 3.5 MW BMR
1988 01 23 0029 134.000 -19.800 0.0 3.8 MW BMR
1988 01 23 0036 134.000 -19.800 0.0 3.5 MW BMR
1988 01 23 0056 134.000 -19.800 0.0 3.5 MW BMR
1988 01 23 0108 133.920 -19.700 5.0 3.9 MW ISC
1988 01 23 0153 134.000 -19.800 0.0 3.5 MW BMR
1988 01 23 0200 134.000 -19.800 0.0 4.1 MW BMR
1988 01 23 0205 134.000 -19.800 0.0 3.8 MW BMR
1988 01 23 0214 134.000 -19.800 0.0 3.6 MW BMR
1988 01 23 0220 134.000 -19.800 0.0 4.0 MW BMR
1988 01 23 0243 133.820 -19.710 5.0 4.2 MW ISC
1988 01 23 0253 134.000 -19.800 0.0 3.5 MW BMR
1988 01 23 0301 134.000 -19.800 0.0 4.2 MW BMR
1988 01 23 0316 134.000 -19.800 0.0 3.5 MW BMR
1988 01 23 0322 134.000 -19.800 0.0 3.5 MW BMR
1988 01 23 0333 133.640 -20.090 5.0 4.7 MW ISC
1988 01 23 0358 134.000 -19.800 0.0 3.5 MW BMR
1988 01 23 0417 134.000 -19.800 0.0 3.5 MW BMR
1988 01 23 0452 134.000 -19.800 0.0 3.7 MW BMR
1988 01 23 0501 134.000 -19.800 0.0 3.5 MW BMR
1988 01 23 0545 134.000 -19.800 0.0 3.5 MW BMR
1988 01 23 0547 134.000 -19.800 0.0 3.5 MW BMR
1988 01 23 0610 134.000 -19.800 0.0 3.8 MW BMR
1988 01 23 0703 133.860 -19.910 5.0 4.3 MW ISC
1988 01 23 0732 134.000 -19.800 0.0 3.5 MW BMR
1988 01 23 0734 133.800 -20.100 5.0 4.5 MW ISC
1988 01 23 0759 134.000 -19.800 0.0 3.7 MW BMR
1988 01 23 0814 134.000 -19.800 0.0 3.5 MW BMR
1988 01 23 0845 134.000 -19.800 0.0 3.7 MW BMR
1988 01 23 0856 134.000 -19.800 0.0 3.5 MW BMR
1988 01 23 0907 133.680 -19.990 5.0 4.7 MW ISC
1988 01 23 0952 134.000 -19.800 0.0 3.7 MW BMR
1988 01 23 1003 134.000 -19.800 0.0 3.6 MW BMR
1988 01 23 1045 134.000 -19.800 0.0 3.5 MW BMR
1988 01 23 1050 134.000 -19.800 0.0 3.7 MW BMR
1988 01 23 1112 134.000 -19.800 0.0 3.5 MW BMR
1988 01 23 1116 134.000 -19.800 0.0 3.7 MW BMR
1988 01 23 1121 133.890 -19.710 5.0 4.5 MW ISC
1988 01 23 1219 134.000 -19.800 0.0 3.8 MW BMR
1988 01 23 1245 134.000 -19.800 0.0 3.7 MW BMR
1988 01 23 1252 134.000 -19.800 0.0 4.0 MW BMR
1988 01 23 1310 133.840 -19.680 5.0 4.4 MW ISC
1988 01 23 1334 134.000 -19.800 0.0 3.7 MW BMR
1988 01 23 1353 134.000 -19.800 0.0 3.7 MW BMR
1988 01 23 1445 134.000 -19.800 0.0 4.3 MW BMR
1988 01 23 1453 134.000 -19.800 0.0 3.5 MW BMR
1988 01 23 1533 134.000 -19.800 0.0 3.9 MW BMR
1988 01 23 1537 134.000 -19.800 0.0 3.5 MW BMR
1988 01 23 1543 134.000 -19.800 0.0 3.5 MW BMR
1988 01 23 1549 134.000 -19.800 0.0 3.6 MW BMR
1988 01 23 1610 134.000 -19.800 0.0 3.5 MW BMR
1988 01 23 1803 134.000 -19.800 0.0 3.9 MW BMR
1988 01 23 1822 134.000 -19.800 0.0 3.9 MW BMR
1988 01 23 1955 134.000 -19.800 0.0 3.5 MW BMR
1988 01 23 2017 134.000 -19.800 0.0 3.7 MW BMR
1988 01 23 2025 134.000 -19.800 0.0 4.0 MW BMR
1988 01 23 2038 134.000 -19.800 0.0 3.5 MW BMR
1988 01 23 2059 134.000 -19.800 0.0 3.6 MW BMR
1988 01 23 2156 134.000 -19.800 0.0 3.7 MW BMR
1988 01 23 2321 133.950 -19.640 5.0 3.7 MW ISC
1988 01 23 2338 134.000 -19.800 0.0 3.5 MW BMR
1988 01 24 0106 133.540 -19.920 5.0 4.0 MW ISC
1988 01 24 0114 134.000 -19.800 0.0 3.5 MW BMR
1988 01 24 0120 134.000 -19.800 0.0 3.6 MW BMR
1988 01 24 0150 134.000 -19.800 0.0 4.1 MW BMR
1988 01 24 0252 134.000 -19.800 0.0 3.5 MW BMR
1988 01 24 0337 134.000 -19.800 0.0 3.8 MW BMR
1988 01 24 0410 134.000 -19.800 0.0 3.5 MW BMR
1988 01 24 0416 134.000 -19.800 0.0 3.6 MW BMR
1988 01 24 0450 134.000 -19.800 0.0 3.8 MW BMR
1988 01 24 0541 134.000 -19.800 0.0 3.7 MW BMR
1988 01 24 0605 134.000 -19.800 0.0 3.7 MW BMR
1988 01 24 0653 133.630 -19.900 5.0 4.3 MW ISC
1988 01 24 0750 133.800 -19.660 5.0 3.8 MW ISC
1988 01 24 0758 134.000 -19.800 0.0 3.7 MW BMR
1988 01 24 0822 134.000 -19.800 0.0 3.5 MW BMR
1988 01 24 0832 134.000 -19.800 0.0 3.7 MW BMR
1988 01 24 0833 134.000 -19.800 0.0 3.9 MW BMR
1988 01 24 0923 134.000 -19.800 0.0 3.7 MW BMR
1988 01 24 0949 134.000 -19.800 0.0 3.5 MW BMR
1988 01 24 1003 133.740 -19.810 5.0 4.3 MW ISC
1988 01 24 1059 134.000 -19.800 0.0 3.7 MW BMR
1988 01 24 1133 134.000 -19.800 0.0 3.6 MW BMR
1988 01 24 1226 134.000 -19.800 0.0 3.6 MW BMR
1988 01 24 1236 134.000 -19.800 0.0 3.8 MW BMR
1988 01 24 1241 134.000 -19.800 0.0 3.6 MW BMR
1988 01 24 1455 134.000 -19.800 0.0 3.5 MW BMR
1988 01 24 1503 133.850 -19.720 5.0 4.3 MW ISC
1988 01 24 1535 134.000 -19.800 0.0 3.6 MW BMR
1988 01 24 1538 133.960 -19.620 7.0 4.2 MW ISC
1988 01 24 1629 134.000 -19.800 0.0 3.5 MW BMR
1988 01 24 1701 134.000 -19.800 0.0 3.9 MW BMR
1988 01 24 1951 134.000 -19.800 0.0 3.6 MW BMR
1988 01 24 2019 134.000 -19.800 0.0 3.5 MW BMR
1988 01 24 2302 133.750 -19.910 5.0 4.4 MW ISC
1988 01 24 2349 134.000 -19.800 0.0 3.5 MW BMR
1988 01 25 0017 134.000 -19.800 0.0 3.7 MW BMR
1988 01 25 0055 134.000 -19.800 0.0 3.6 MW BMR
1988 01 25 0351 133.850 -19.680 5.0 3.9 MW ISC
1988 01 25 0421 134.000 -19.800 0.0 3.5 MW BMR
1988 01 25 0552 134.000 -19.800 0.0 3.5 MW BMR
1988 01 25 0656 134.000 -19.800 0.0 3.6 MW BMR
1988 01 25 0722 134.016 -19.919 4.8 4.3 MW MEL
1988 01 25 0735 134.022 -19.868 2.4 3.5 MW MEL
1988 01 25 0906 133.936 -19.871 5.0 3.7 MW MEL
1988 01 25 1006 134.000 -19.800 0.0 3.6 MW BMR
1988 01 25 1308 133.959 -19.867 5.9 5.0 MW MEL
1988 01 25 1327 134.000 -19.800 0.0 3.6 MW BMR
1988 01 25 1427 134.000 -19.800 0.0 3.5 MW BMR
1988 01 25 1546 134.000 -19.800 0.0 3.6 MW BMR
1988 01 25 1646 134.000 -19.800 0.0 3.7 MW BMR
1988 01 25 1832 133.670 -19.260 5.0 3.7 MW ISC
1988 01 25 1846 133.820 -19.730 5.0 3.9 MW ISC
1988 01 25 2147 133.820 -19.800 5.0 3.9 MW ISC
1988 01 25 2228 134.000 -19.800 0.0 3.7 MW BMR
1988 01 25 2338 133.870 -19.710 5.0 3.9 MW ISC
1988 01 26 0104 133.891 -19.884 5.0 4.5 MW GG
1988 01 26 0142 134.000 -19.800 0.0 3.6 MW BMR
1988 01 26 0342 134.000 -19.800 0.0 3.7 MW BMR
1988 01 26 0531 134.000 -19.800 0.0 3.7 MW BMR
1988 01 26 0620 134.000 -19.800 0.0 3.7 MW BMR
1988 01 26 0629 134.000 -19.800 0.0 3.5 MW BMR
1988 01 26 0719 134.000 -19.800 0.0 4.0 MW BMR
1988 01 26 0921 134.000 -19.800 0.0 3.5 MW BMR
1988 01 26 1232 134.000 -19.800 0.0 3.5 MW BMR
1988 01 26 1234 134.000 -19.800 0.0 3.5 MW BMR
1988 01 26 1417 134.000 -19.800 0.0 3.5 MW BMR
1988 01 26 1534 134.000 -19.800 0.0 3.7 MW BMR
1988 01 26 1744 134.000 -19.800 0.0 3.5 MW BMR
1988 01 26 1913 134.000 -19.800 0.0 3.7 MW BMR
1988 01 26 1915 134.000 -19.800 0.0 3.9 MW BMR
1988 01 26 1954 134.000 -19.800 0.0 3.6 MW BMR
1988 01 26 2012 134.000 -19.800 0.0 3.5 MW BMR
1988 01 26 2014 134.000 -19.800 0.0 4.0 MW BMR
1988 01 26 2022 134.000 -19.800 0.0 3.8 MW BMR
1988 01 26 2053 134.000 -19.800 0.0 3.5 MW BMR
1988 01 26 2140 133.739 -19.905 5.0 4.4 MW ISC
1988 01 27 0309 134.000 -19.800 0.0 3.5 MW BMR
1988 01 27 0710 134.000 -19.800 0.0 3.9 MW BMR
1988 01 27 1127 133.918 -19.759 6.3 5.3 MW MEL
1988 01 27 1144 133.779 -19.846 7.0 4.5 MW ISC
1988 01 27 1235 133.980 -19.920 9.5 4.5 MW GG
1988 01 27 1619 133.931 -19.801 4.1 4.6 MW GG
1988 01 27 1802 134.000 -19.800 0.0 4.0 MW BMR
1988 01 27 1837 134.000 -19.800 0.0 4.0 MW BMR
1988 01 27 2038 133.956 -19.893 11.2 3.9 MW ISC
1988 01 27 2116 134.000 -19.800 0.0 3.5 MW BMR
1988 01 28 0040 134.000 -19.800 0.0 3.5 MW BMR
1988 01 28 0146 119.600 -21.050 5.0 4.5 MW MGO
1988 01 28 0149 119.600 -21.050 5.0 4.3 MW MGO
1988 01 28 0156 119.600 -21.050 5.0 4.7 MW MGO
1988 01 28 0431 134.000 -19.800 0.0 3.9 MW BMR
1988 01 28 0543 134.000 -19.800 0.0 3.5 MW BMR
1988 01 28 0631 134.000 -19.800 0.0 3.7 MW BMR
1988 01 28 0920 134.000 -19.800 0.0 3.5 MW BMR
1988 01 28 1103 133.949 -19.876 3.2 3.5 MW MEL
1988 01 28 1327 134.000 -19.800 0.0 3.5 MW BMR
1988 01 28 1459 134.000 -19.800 0.0 3.7 MW BMR
1988 01 28 2316 134.000 -19.800 0.0 3.7 MW BMR
1988 01 29 0604 134.056 -19.857 3.9 3.8 MW MEL
1988 01 29 0628 134.000 -19.800 0.0 3.7 MW BMR
1988 01 29 1019 133.956 -19.771 6.8 5.4 MW MEL
1988 01 29 2036 134.152 -19.882 6.0 3.8 MW BMR
1988 01 29 2042 134.000 -19.800 0.0 3.5 MW BMR
1988 01 29 2323 134.000 -19.800 0.0 3.5 MW BMR
1988 01 29 2358 133.866 -19.823 5.1 3.7 MW MEL
1988 01 30 0143 134.032 -19.878 4.0 3.9 MW BMR
1988 01 30 0537 133.997 -19.884 5.0 3.8 MW BMR
1988 01 30 0639 134.000 -19.800 0.0 3.9 MW BMR
1988 01 30 0839 134.019 -19.829 3.0 3.9 MW BMR
1988 01 30 1637 134.000 -19.800 0.0 3.5 MW BMR
1988 01 30 2050 134.000 -19.800 0.0 3.5 MW BMR
1988 01 31 0134 134.000 -19.800 0.0 3.5 MW BMR
1988 01 31 0604 134.000 -19.800 0.0 3.5 MW BMR
1988 01 31 0754 133.995 -19.904 6.8 3.7 MW MEL
1988 01 31 1252 134.014 -19.883 4.0 3.7 MW BMR
1988 01 31 1710 134.000 -19.800 0.0 3.5 MW BMR
1988 02 01 0248 134.032 -19.914 5.2 3.5 MW MEL
1988 02 01 0254 134.028 -19.885 5.6 3.5 MW MEL
1988 02 01 1002 133.914 -19.808 2.4 3.7 MW MEL
1988 02 01 1006 134.000 -19.800 0.0 3.7 MW BMR
1988 02 01 1016 133.899 -19.797 3.8 3.9 MW MEL
1988 02 01 1300 134.000 -19.800 0.0 4.1 MW BMR
1988 02 01 2209 134.004 -19.845 2.8 3.6 MW MEL
1988 02 02 0258 134.000 -19.829 1.8 3.9 MW MEL
1988 02 02 0804 134.000 -19.800 0.0 3.5 MW BMR
1988 02 02 1457 133.918 -19.806 5.3 3.5 MW MEL
1988 02 02 1532 133.896 -19.819 3.8 3.5 MW MEL
1988 02 02 2036 134.001 -19.908 7.2 4.2 MW MEL
1988 02 03 1226 133.650 -19.907 10.0 4.4 MW USGS
1988 02 04 0556 134.000 -19.800 0.0 3.8 MW BMR
1988 02 04 0658 134.000 -19.800 0.0 3.7 MW BMR
1988 02 04 0827 134.000 -19.800 0.0 3.9 MW BMR
1988 02 04 1143 134.000 -19.800 0.0 4.1 MW BMR
1988 02 04 1211 134.000 -19.800 0.0 3.5 MW BMR
1988 02 04 1330 133.740 -19.900 10.0 4.4 MW ISC
1988 02 04 1351 133.960 -19.720 12.0 4.1 MW ISC
1988 02 04 1553 134.000 -19.800 0.0 3.9 MW BMR
1988 02 04 1606 134.000 -19.800 0.0 3.5 MW BMR
1988 02 04 1818 134.000 -19.800 0.0 3.6 MW BMR
1988 02 05 1127 134.000 -19.800 0.0 3.7 MW BMR
1988 02 05 1246 134.000 -19.800 0.0 3.5 MW BMR
1988 02 05 1622 134.000 -19.800 0.0 3.5 MW BMR
1988 02 05 1951 134.000 -19.800 0.0 3.8 MW BMR
1988 02 05 1955 134.000 -19.800 0.0 3.8 MW BMR
1988 02 05 2211 134.000 -19.800 0.0 3.7 MW BMR
1988 02 06 0059 133.790 -19.670 10.0 3.9 MW ISC
1988 02 06 0102 134.000 -19.800 0.0 3.7 MW BMR
1988 02 06 0354 134.000 -19.800 0.0 3.5 MW BMR
1988 02 06 0524 124.730 -16.601 15.0 5.1 MW EHB
1988 02 06 0618 134.000 -19.800 0.0 3.6 MW BMR
1988 02 06 0922 134.000 -19.800 0.0 3.5 MW BMR
1988 02 06 1043 133.810 -19.750 3.0 4.1 MW ISC
1988 02 06 1230 134.000 -19.800 0.0 3.8 MW BMR
1988 02 06 1251 134.000 -19.800 0.0 3.8 MW BMR
1988 02 06 1316 134.000 -19.800 0.0 3.6 MW BMR
1988 02 06 1707 133.920 -19.710 7.0 4.0 MW ISC
1988 02 06 1908 133.810 -20.080 10.0 4.4 MW ISC
1988 02 06 2049 134.000 -19.800 0.0 4.0 MW BMR
1988 02 07 0415 134.000 -19.800 0.0 3.6 MW BMR
1988 02 07 0513 134.000 -19.800 0.0 4.2 MW BMR
1988 02 07 1225 134.000 -19.800 0.0 3.7 MW BMR
1988 02 07 1516 134.000 -19.800 0.0 3.5 MW BMR
1988 02 07 1525 134.000 -19.800 0.0 3.5 MW BMR
1988 02 07 1953 134.000 -19.800 0.0 3.8 MW BMR
1988 02 08 0956 133.770 -19.880 10.0 4.3 MW ISC
1988 02 09 0052 134.000 -19.800 0.0 3.6 MW BMR
1988 02 09 1606 134.000 -19.800 0.0 3.9 MW BMR
1988 02 09 1930 134.000 -19.800 0.0 3.5 MW BMR
1988 02 10 0154 134.000 -19.800 0.0 3.8 MW BMR
1988 02 10 0533 133.850 -19.700 6.0 4.4 MW ISC
1988 02 11 0330 134.000 -19.800 0.0 3.9 MW BMR
1988 02 11 0613 133.820 -19.690 10.0 3.9 MW ISC
1988 02 11 2139 134.000 -19.800 0.0 3.5 MW BMR
1988 02 12 0443 134.000 -19.800 0.0 4.0 MW BMR
1988 02 12 1057 134.000 -19.800 0.0 3.5 MW BMR
1988 02 12 1139 133.670 -19.960 5.0 4.0 MW ISC
1988 02 12 1242 134.000 -19.800 0.0 3.7 MW BMR
1988 02 12 1308 134.000 -19.800 0.0 3.8 MW BMR
1988 02 12 1447 134.000 -19.800 0.0 3.6 MW BMR
1988 02 12 1605 133.810 -19.890 10.0 4.5 MW ISC
1988 02 12 2048 133.930 -19.980 5.0 4.4 MW ISC
1988 02 13 1709 134.000 -19.800 0.0 3.7 MW BMR
1988 02 13 1910 134.000 -19.800 0.0 3.9 MW BMR
1988 02 14 1436 133.820 -19.770 5.0 3.8 MW ISC
1988 02 14 1548 134.000 -19.800 0.0 3.5 MW BMR
1988 02 14 1619 134.000 -19.800 0.0 3.7 MW BMR
1988 02 15 0930 134.000 -19.800 0.0 3.5 MW BMR
1988 02 15 1813 134.000 -19.800 0.0 3.6 MW BMR
1988 02 16 0411 133.810 -19.660 5.0 4.2 MW ISC
1988 02 16 1505 134.000 -19.800 0.0 3.8 MW BMR
1988 02 17 0628 134.000 -19.800 0.0 3.9 MW BMR
1988 02 17 0901 134.000 -19.800 0.0 3.7 MW BMR
1988 02 17 1323 134.000 -19.800 0.0 3.5 MW BMR
1988 02 18 0255 134.000 -19.800 0.0 3.6 MW BMR
1988 02 20 0438 134.000 -19.800 0.0 3.5 MW BMR
1988 02 20 0946 134.000 -19.800 0.0 3.5 MW BMR
1988 02 21 0450 134.000 -19.800 0.0 3.5 MW BMR
1988 02 21 0611 134.000 -19.800 0.0 3.8 MW BMR
1988 02 21 0836 134.000 -19.800 0.0 3.7 MW BMR
1988 02 21 0854 133.720 -19.790 5.0 4.1 MW ISC
1988 02 21 1615 134.000 -19.800 0.0 3.6 MW BMR
1988 02 21 2337 133.780 -19.720 5.0 4.1 MW ISC
1988 02 22 0035 134.000 -19.800 0.0 3.5 MW BMR
1988 02 23 0103 133.920 -19.760 5.0 4.1 MW ISC
1988 02 25 0835 134.000 -19.800 0.0 4.1 MW BMR
1988 02 25 1646 134.000 -19.800 0.0 3.6 MW BMR
1988 02 27 0320 133.944 -19.780 6.0 4.5 MW MEL
1988 02 27 0940 134.000 -19.800 0.0 3.7 MW BMR
1988 02 27 1024 134.000 -19.800 0.0 3.6 MW BMR
1988 02 28 0442 134.000 -19.800 0.0 3.7 MW BMR
1988 02 28 0634 134.000 -19.800 0.0 3.9 MW BMR
1988 02 28 1130 134.000 -19.800 0.0 3.8 MW BMR
1988 02 28 1646 134.000 -19.800 0.0 3.7 MW BMR
1988 02 28 1750 134.000 -19.800 0.0 3.5 MW BMR
1988 02 28 2357 134.000 -19.800 0.0 3.5 MW BMR
1988 02 29 0250 134.000 -19.800 0.0 3.5 MW BMR
1988 03 03 0633 134.000 -19.800 0.0 3.5 MW BMR
1988 03 03 2010 134.000 -19.800 0.0 3.7 MW BMR
1988 03 04 1732 134.000 -19.800 0.0 3.6 MW BMR
1988 03 06 0656 134.000 -19.800 0.0 3.6 MW BMR
1988 03 06 0940 134.000 -19.800 0.0 3.5 MW BMR
1988 03 06 2232 134.000 -19.800 0.0 3.7 MW BMR
1988 03 07 0146 133.966 -19.764 0.0 3.9 MW ISC
1988 03 07 0314 134.000 -19.800 0.0 3.5 MW BMR
1988 03 07 0810 134.000 -19.800 0.0 3.6 MW BMR
1988 03 07 2137 134.000 -19.800 0.0 3.5 MW BMR
1988 03 08 0031 134.000 -19.800 0.0 3.5 MW BMR
1988 03 09 1120 133.950 -19.370 0.0 3.9 MW ISC
1988 03 09 2016 134.000 -19.800 0.0 3.5 MW BMR
1988 03 09 2116 134.000 -19.800 0.0 3.5 MW BMR
1988 03 10 1044 133.996 -19.915 9.3 3.9 MW MEL
1988 03 10 1415 130.650 -14.630 10.0 4.1 MW ISC
1988 03 11 1934 134.000 -19.800 0.0 3.6 MW BMR
1988 03 12 0550 133.898 -19.805 3.4 3.9 MW MEL
1988 03 12 0618 134.028 -19.918 6.3 3.6 MW MEL
1988 03 12 0735 134.070 -19.740 4.0 3.9 MW ISC
1988 03 14 0748 116.800 -30.540 4.0 3.6 MW MGO
1988 03 14 1015 134.000 -19.800 0.0 3.5 MW BMR
1988 03 15 1038 134.000 -19.800 0.0 3.7 MW BMR
1988 03 15 1116 134.000 -19.800 0.0 3.9 MW BMR
1988 03 15 1723 134.000 -19.800 0.0 3.5 MW BMR
1988 03 16 0115 134.000 -19.800 0.0 3.5 MW BMR
1988 03 16 1056 133.933 -19.808 2.9 4.2 MW MEL
1988 03 16 1527 134.000 -19.800 0.0 3.5 MW BMR
1988 03 16 1846 134.055 -19.922 2.0 4.0 MW BMR
1988 03 17 1530 134.000 -19.800 0.0 3.5 MW BMR
1988 03 18 2001 133.936 -19.779 5.6 3.7 MW MEL
1988 03 19 0554 134.000 -19.800 0.0 3.5 MW BMR
1988 03 21 0543 134.000 -19.800 0.0 3.7 MW BMR
1988 03 22 1230 134.000 -19.800 0.0 3.7 MW BMR
1988 03 22 1353 133.640 -20.030 5.0 4.2 MW ISC
1988 03 23 1606 133.905 -19.808 5.2 3.9 MW MEL
1988 03 24 1214 134.000 -19.800 0.0 3.5 MW BMR
1988 03 25 0642 133.922 -19.838 4.1 3.9 MW MEL
1988 03 26 1151 134.000 -19.800 0.0 3.5 MW BMR
1988 03 26 1304 134.000 -19.800 0.0 3.5 MW BMR
1988 03 26 2222 134.000 -19.800 0.0 3.8 MW BMR
1988 03 27 0027 134.000 -19.800 0.0 4.7 MW BMR
1988 03 28 0027 134.030 -19.908 6.8 4.7 MW MEL
1988 03 28 0058 134.000 -19.800 0.0 3.5 MW BMR
1988 03 28 0206 134.000 -19.800 0.0 4.0 MW BMR
1988 03 30 2230 134.000 -19.800 0.0 4.1 MW BMR
1988 04 01 2228 133.770 -19.810 10.0 3.8 MW ISC
1988 04 06 0013 133.800 -19.900 2.0 4.4 MW BMR
1988 04 06 0605 134.000 -19.800 0.0 3.7 MW BMR
1988 04 06 1336 134.000 -19.800 0.0 3.5 MW BMR
1988 04 06 1424 133.800 -19.900 2.0 3.8 MW BMR
1988 04 06 1731 134.000 -19.800 0.0 3.5 MW BMR
1988 04 08 1816 134.000 -19.800 0.0 3.5 MW BMR
1988 04 10 0053 134.000 -19.800 0.0 3.5 MW BMR
1988 04 10 2000 133.800 -19.900 2.0 3.8 MW BMR
1988 04 12 0809 133.800 -19.900 2.0 3.7 MW BMR
1988 04 13 0321 133.800 -19.900 2.0 3.7 MW BMR
1988 04 13 0716 134.000 -19.800 0.0 3.5 MW BMR
1988 04 14 0423 133.800 -19.900 2.0 4.0 MW BMR
1988 04 14 2255 133.929 -19.818 2.0 3.5 MW MEL
1988 04 15 0117 134.000 -19.800 0.0 3.5 MW BMR
1988 04 19 1751 134.000 -19.800 0.0 3.7 MW BMR
1988 04 19 2207 133.800 -19.900 2.0 3.8 MW BMR
1988 04 20 1026 133.908 -19.865 7.4 3.7 MW MEL
1988 04 20 1101 133.993 -19.838 2.4 4.1 MW MEL
1988 04 20 1102 134.000 -19.800 0.0 4.4 MW BMR
1988 04 23 0247 134.000 -19.800 0.0 3.6 MW BMR
1988 04 23 2338 126.628 -21.817 5.0 3.7 MW BMR
1988 04 24 0141 134.057 -19.909 9.5 3.8 MW MEL
1988 04 27 1510 134.000 -19.800 0.0 3.6 MW BMR
1988 04 29 1315 134.000 -19.800 0.0 3.7 MW BMR
1988 04 29 1654 134.047 -19.911 6.9 4.6 MW MEL
1988 05 02 0240 134.000 -19.800 0.0 3.5 MW BMR
1988 05 07 0522 134.000 -19.800 0.0 3.6 MW BMR
1988 05 07 2041 134.000 -19.800 0.0 3.5 MW BMR
1988 05 07 2246 134.000 -19.800 0.0 3.5 MW BMR
1988 05 08 1553 124.730 -22.830 5.0 3.5 MW MGO
1988 05 09 0619 134.000 -19.800 0.0 4.1 MW BMR
1988 05 09 1027 134.000 -19.800 0.0 3.5 MW BMR
1988 05 09 1148 134.000 -19.800 0.0 3.7 MW BMR
1988 05 09 1924 126.430 -21.920 5.0 3.7 MW MGO
1988 05 12 1848 133.990 -19.810 8.0 4.0 MW ISC
1988 05 13 0341 134.000 -19.800 0.0 3.5 MW BMR
1988 05 13 2340 134.000 -19.800 0.0 3.5 MW BMR
1988 05 14 0820 134.000 -19.800 0.0 3.7 MW BMR
1988 05 15 1944 134.000 -19.800 0.0 3.6 MW BMR
1988 05 16 0259 134.000 -19.800 0.0 3.5 MW BMR
1988 05 16 0409 134.000 -19.800 0.0 3.6 MW BMR
1988 05 18 0903 122.280 -18.960 5.0 3.5 MW MGO
1988 05 19 0657 134.000 -19.800 0.0 3.6 MW BMR
1988 05 20 0135 134.000 -19.800 0.0 3.7 MW BMR
1988 05 23 0441 133.890 -19.700 0.0 4.1 MW ISC
1988 05 26 0413 134.000 -19.800 0.0 3.7 MW BMR
1988 05 28 2144 134.000 -19.800 0.0 3.5 MW BMR
1988 05 31 0629 134.000 -19.800 0.0 3.7 MW BMR
1988 06 06 2319 134.000 -19.800 0.0 3.5 MW BMR
1988 06 09 2221 133.930 -19.750 10.0 3.8 MW ISC
1988 06 13 0501 134.000 -19.800 0.0 3.5 MW BMR
1988 06 15 0913 126.500 -31.720 5.0 4.7 MW MGO
1988 06 16 0547 133.987 -19.860 2.3 3.5 MW MEL
1988 06 16 1310 133.877 -19.805 4.0 3.5 MW MEL
1988 06 16 2008 134.026 -19.886 4.7 3.7 MW MEL
1988 06 16 2251 134.000 -19.800 0.0 4.0 MW BMR
1988 06 16 2258 122.230 -32.570 5.0 3.5 MW MGO
1988 06 19 1405 134.000 -19.800 0.0 3.5 MW BMR
1988 06 20 1227 134.000 -19.800 0.0 3.6 MW BMR
1988 06 21 1618 133.906 -19.858 6.5 3.7 MW MEL
1988 06 23 1131 128.606 -16.814 10.0 4.0 MW ISC
1988 06 24 0001 134.003 -19.884 5.5 3.6 MW MEL
1988 06 24 2222 134.141 -19.873 0.8 4.6 MW MEL
1988 06 26 0541 133.896 -19.837 4.1 3.7 MW MEL
1988 06 26 1853 133.958 -19.890 7.3 3.5 MW MEL
1988 06 27 0641 133.964 -19.847 5.1 3.5 MW MEL
1988 07 06 0645 134.000 -19.800 0.0 3.5 MW BMR
1988 07 07 1818 134.000 -19.800 0.0 3.8 MW BMR
1988 07 11 1449 134.000 -19.800 0.0 3.9 MW BMR
1988 07 12 1126 133.940 -19.740 16.0 4.0 MW ISC
1988 07 13 0322 134.000 -19.800 0.0 3.7 MW BMR
1988 07 14 2236 128.783 -16.862 33.0 3.9 MW BMR
1988 07 16 2050 122.180 -32.480 5.0 3.6 MW MGO
1988 07 20 0707 134.110 -20.020 21.0 3.9 MW ISC
1988 07 24 1944 133.980 -19.830 9.0 3.6 MW ISC
1988 07 27 1006 134.000 -19.800 0.0 3.5 MW BMR
1988 07 28 0526 134.000 -19.800 0.0 3.5 MW BMR
1988 07 28 0656 134.000 -19.800 0.0 3.5 MW BMR
1988 07 29 1816 133.600 -20.060 5.0 4.1 MW ISC
1988 07 30 0414 123.540 -18.410 5.0 3.6 MW MGO
1988 08 01 0035 134.000 -19.800 0.0 3.5 MW BMR
1988 08 02 0543 134.000 -19.800 0.0 3.5 MW BMR
1988 08 03 0504 134.000 -19.800 0.0 3.7 MW BMR
1988 08 06 1908 134.000 -19.800 0.0 3.5 MW BMR
1988 08 08 1813 126.573 -27.243 5.0 4.4 MW BMR
1988 08 10 0714 134.000 -19.800 0.0 3.5 MW BMR
1988 08 11 1418 134.000 -19.800 0.0 3.7 MW BMR
1988 08 15 0413 122.220 -32.510 5.0 3.7 MW MGO
1988 08 15 2235 133.870 -19.690 5.0 3.9 MW ISC
1988 08 22 1313 121.660 -16.420 5.0 3.9 MW MGO
1988 08 23 1556 134.000 -19.800 0.0 3.7 MW BMR
1988 08 28 0446 134.000 -19.800 0.0 3.5 MW BMR
1988 08 28 1758 134.000 -19.800 0.0 3.9 MW BMR
1988 08 31 0403 134.000 -19.800 0.0 3.6 MW BMR
1988 09 03 2131 134.000 -19.800 0.0 3.7 MW BMR
1988 09 06 0500 133.820 -19.730 10.0 4.0 MW ISC
1988 09 07 1341 133.970 -19.640 33.0 3.8 MW ISC
1988 09 08 1049 134.000 -19.800 0.0 3.7 MW BMR
1988 09 08 1054 134.000 -19.800 0.0 3.5 MW BMR
1988 09 11 0024 133.970 -19.760 5.0 4.0 MW ISC
1988 09 13 0854 133.620 -19.950 5.0 4.3 MW ISC
1988 09 14 1805 134.000 -19.800 0.0 3.5 MW BMR
1988 09 14 2209 133.964 -19.819 5.0 4.4 MW BMR
1988 09 15 2131 134.000 -19.800 0.0 3.7 MW BMR
1988 09 18 0241 133.680 -19.630 5.0 4.1 MW ISC
1988 09 21 0228 128.130 -17.380 5.0 3.5 MW MGO
1988 09 23 1143 134.000 -19.800 0.0 3.5 MW BMR
1988 09 25 0541 134.000 -19.800 0.0 3.7 MW BMR
1988 09 25 0628 132.342 -31.226 15.3 3.7 MW ADE
1988 09 30 2043 134.038 -19.890 6.6 5.5 MW MEL
1988 09 30 2116 134.045 -19.899 5.6 4.5 MW MEL
1988 09 30 2338 134.045 -19.891 6.1 4.3 MW MEL
1988 10 01 0038 134.039 -19.891 4.0 4.1 MW MEL
1988 10 02 0826 134.000 -19.800 0.0 3.9 MW BMR
1988 10 03 0909 134.000 -19.800 0.0 3.9 MW BMR
1988 10 04 0436 134.000 -19.800 0.0 3.7 MW BMR
1988 10 12 0625 133.926 -19.864 5.4 3.6 MW MEL
1988 10 19 1549 115.310 -22.840 5.0 3.7 MW MGO
1988 10 19 1755 134.000 -19.800 0.0 3.5 MW BMR
1988 10 20 2152 133.934 -19.860 6.4 3.9 MW MEL
1988 10 23 0701 134.000 -19.800 0.0 3.5 MW BMR
1988 10 25 0037 134.000 -19.800 0.0 3.6 MW BMR
1988 10 27 1503 134.000 -19.800 0.0 3.8 MW BMR
1988 10 29 1308 134.000 -19.800 0.0 3.7 MW BMR
1988 11 01 0425 129.540 -25.090 5.0 3.5 MW AUST
1988 11 02 1848 140.122 -15.114 10.0 3.5 MW BMR
1988 11 04 0239 134.020 -19.814 2.0 4.1 MW MEL
1988 11 09 1041 134.000 -19.800 0.0 3.9 MW BMR
1988 11 10 1556 134.000 -19.800 0.0 3.5 MW BMR
1988 11 15 1705 134.000 -19.800 0.0 3.5 MW BMR
1988 11 19 1241 134.000 -19.800 0.0 3.5 MW BMR
1988 11 19 2243 133.880 -20.020 5.0 4.6 MW ISC
1988 11 23 2007 122.990 -27.433 5.0 3.6 MW BMR
1988 11 26 0303 133.700 -19.520 5.0 3.8 MW ISC
1988 12 07 1708 133.780 -19.920 7.0 3.7 MW ISC
1988 12 12 0536 134.000 -19.800 0.0 3.7 MW BMR
1988 12 13 1533 133.852 -19.959 5.0 4.0 MW ISC
1988 12 15 1856 124.583 -19.164 5.0 4.1 MW BMR
1988 12 16 1304 133.952 -19.929 11.0 3.9 MW ISC
1988 12 23 0424 126.510 -22.000 5.0 3.5 MW MGO
1988 12 23 0426 134.000 -19.800 0.0 3.5 MW BMR
1989 01 01 1726 133.800 -19.900 2.0 4.0 MW BMR
1989 01 03 2120 134.000 -19.900 0.0 3.6 MW BMR
1989 01 07 1141 116.060 -25.390 5.0 3.9 MW MGO
1989 01 09 2229 134.000 -19.900 0.0 3.5 MW BMR
1989 01 14 0719 134.000 -19.900 0.0 3.5 MW BMR
1989 01 24 1658 134.000 -19.900 0.0 3.5 MW BMR
1989 02 08 0454 133.614 -19.881 10.0 4.5 MW ISC
1989 02 19 0218 133.800 -19.900 2.0 3.5 MW AUST
1989 03 03 0922 123.905 -28.863 10.0 4.5 MW ISC
1989 03 03 1409 123.745 -29.071 10.0 3.5 MW ISC
1989 03 06 0656 133.800 -19.900 0.0 3.5 MW BMR
1989 03 19 2246 133.800 -19.900 0.0 3.5 MW BMR
1989 03 22 1616 133.800 -19.900 0.0 3.5 MW BMR
1989 03 24 2156 133.800 -19.900 0.0 3.6 MW BMR
1989 03 27 1339 133.800 -19.900 0.0 3.7 MW BMR
1989 03 30 1246 133.640 -19.925 3.0 3.9 MW ISC
1989 04 01 0517 127.770 -19.280 10.0 3.9 MW ISC
1989 04 09 2150 133.800 -19.900 2.0 3.5 MW BMR
1989 04 10 0737 126.618 -17.124 5.0 3.5 MW MGO
1989 04 14 1823 133.620 -19.920 2.0 3.6 MW ISC
1989 04 17 0349 123.760 -28.746 5.0 3.5 MW MGO
1989 05 03 0922 134.000 -19.900 0.0 3.5 MW BMR
1989 05 05 0616 131.399 -17.995 10.0 3.5 MW ISC
1989 05 09 1027 133.960 -20.070 6.0 4.1 MW ISC
1989 05 15 2151 134.000 -19.900 0.0 3.7 MW BMR
1989 05 23 1303 133.918 -19.747 5.0 4.0 MW BMR
1989 05 28 0255 130.745 -25.137 28.6 5.4 MW EHB
1989 06 11 1452 133.939 -19.858 4.0 4.7 MW BMR
1989 06 12 0650 134.000 -19.900 0.0 3.7 MW BMR
1989 06 26 0004 134.000 -19.900 0.0 3.5 MW BMR
1989 06 26 1813 133.860 -19.910 5.0 3.7 MW MGO
1989 06 30 1254 134.000 -19.900 0.0 3.5 MW BMR
1989 07 13 2216 133.855 -19.755 2.0 4.0 MW ISC
1989 07 27 2044 133.800 -19.900 0.0 3.7 MW BMR
1989 08 23 2207 133.670 -20.000 5.0 4.2 MW ISC
1989 08 27 0149 133.880 -20.040 5.0 4.0 MW ISC
1989 08 31 0233 134.000 -19.900 0.0 3.5 MW BMR
1989 09 11 2217 133.730 -19.720 5.0 3.7 MW ISC
1989 09 13 2152 129.969 -21.517 5.0 3.5 MW BMR
1989 09 14 0830 133.931 -19.788 5.0 3.7 MW BMR
1989 10 01 2109 133.905 -19.554 5.0 3.7 MW BMR
1989 10 07 0416 133.800 -19.900 2.0 3.5 MW BMR
1989 10 07 0417 133.800 -19.900 2.0 3.9 MW BMR
1989 10 07 1139 133.800 -19.900 2.0 3.8 MW BMR
1989 10 07 1538 133.800 -19.900 2.0 3.5 MW BMR
1989 10 08 1223 133.800 -19.900 2.0 3.8 MW BMR
1989 10 11 0704 134.470 -11.350 5.0 3.8 MW AUST
1989 10 12 0403 122.916 -27.686 5.0 3.5 MW MGO
1989 10 13 0959 122.407 -17.666 31.0 5.5 MW EHB
1989 10 19 1202 133.774 -19.854 2.0 3.9 MW BMR
1989 10 23 0938 133.740 -19.840 5.0 3.9 MW ISC
1989 10 23 1159 133.910 -19.680 21.0 3.9 MW ISC
1989 10 23 1433 134.140 -19.900 18.0 3.9 MW ISC
1989 10 23 1911 134.090 -19.810 6.0 3.8 MW ISC
1989 10 27 1924 133.800 -19.900 2.0 3.5 MW BMR
1989 10 29 1924 133.800 -19.900 2.0 3.5 MW BMR
1989 10 31 0137 133.800 -19.900 2.0 3.5 MW BMR
1989 10 31 0157 133.800 -19.900 2.0 3.7 MW BMR
1989 11 04 0057 127.798 -17.236 5.0 3.5 MW MGO
1989 11 10 1658 117.135 -30.746 2.0 3.6 MW MGO
1989 11 11 0128 133.710 -19.450 0.0 3.9 MW ISC
1989 11 23 1822 133.720 -19.470 0.0 3.6 MW ISC
1989 11 26 1619 133.760 -19.700 0.0 3.7 MW ISC
1989 12 05 2249 118.942 -21.318 10.0 3.6 MW ISC
1989 12 08 1652 133.710 -19.920 10.0 4.6 MW ISC
1989 12 09 2105 122.338 -17.664 10.0 4.0 MW ISC
1989 12 10 0057 122.427 -17.613 10.0 3.5 MW ISC
1989 12 21 1905 122.368 -17.671 10.0 3.9 MW ISC
1990 01 12 0549 131.570 -25.620 5.0 3.5 MW BMR
1990 01 12 0950 131.239 -23.053 5.0 4.1 MW AUST
1990 01 17 0638 116.990 -31.720 6.0 5.3 MW MGO
1990 01 21 1627 133.800 -19.900 2.0 3.5 MW BMR
1990 01 23 0331 134.031 -20.164 5.0 3.9 MW BMR
1990 02 03 1300 121.535 -16.860 5.0 3.5 MW MGO
1990 02 08 0823 137.342 -27.891 9.0 4.2 MW ADE
1990 02 11 1905 133.800 -19.900 2.0 3.5 MW AUST
1990 02 14 0135 137.600 -25.760 5.0 3.6 MW AUST
1990 02 19 2237 133.800 -19.900 2.0 3.7 MW AUST
1990 03 03 0914 133.800 -19.900 5.0 3.5 MW AUST
1990 03 10 1201 133.810 -19.716 10.0 4.0 MW ISC
1990 03 16 1407 133.807 -19.637 6.0 4.1 MW ISC
1990 03 17 0652 133.927 -19.540 9.0 3.9 MW ISC
1990 03 20 2109 124.310 -18.506 5.0 3.5 MW ISC
1990 03 21 1337 129.510 -25.430 10.0 4.2 MW AUST
1990 03 31 1127 133.800 -19.900 5.0 3.7 MW AUST
1990 04 25 0316 134.100 -19.540 2.0 3.5 MW AUST
1990 04 28 1301 133.820 -19.690 2.0 3.7 MW AUST
1990 05 06 1235 133.800 -19.930 2.0 3.6 MW ISC
1990 05 08 1840 117.102 -30.779 3.0 4.2 MW MGO
1990 05 22 2144 133.980 -19.910 8.0 3.5 MW ISC
1990 06 09 1342 143.269 -11.898 0.0 3.7 MW ISC
1990 07 28 1339 134.900 -12.400 5.0 3.7 MW AUST
1990 08 07 0042 134.180 -19.760 5.0 3.6 MW AUST
1990 08 09 1042 133.790 -19.670 5.0 3.7 MW ISC
1990 08 11 0053 133.860 -19.800 9.0 3.7 MW ISC
1990 08 11 1754 130.270 -23.120 10.0 4.2 MW ISC
1990 08 17 1214 122.631 -17.849 10.0 4.0 MW ISC
1990 08 26 1547 134.230 -20.020 5.0 3.6 MW AUST
1990 09 13 1456 133.650 -19.600 5.0 3.7 MW AUST
1990 09 27 1241 137.510 -25.910 10.0 3.7 MW ISC
1990 10 23 1430 133.730 -19.730 2.0 3.9 MW ISC
1990 10 28 2140 133.580 -19.960 5.0 4.1 MW ISC
1990 10 31 0600 134.166 -20.061 2.0 4.2 MW AUST
1990 11 08 0003 133.780 -19.920 2.0 3.5 MW AUST
1990 12 01 2235 131.325 -26.582 21.6 3.9 MW ADE
1990 12 28 1414 133.800 -19.900 2.0 3.5 MW AUST
1991 01 01 0303 133.757 -19.179 10.0 3.8 MW ISC
1991 01 03 0940 133.804 -20.070 2.0 4.1 MW ISC
1991 01 09 1022 123.921 -17.534 10.0 3.7 MW ISC
1991 01 13 1252 133.800 -19.900 0.0 3.5 MW AUST
1991 01 22 0044 133.880 -19.980 5.0 3.9 MW ISC
1991 01 24 1456 133.890 -19.980 5.0 3.6 MW ISC
1991 01 24 1458 133.800 -19.900 0.0 3.7 MW AUST
1991 03 07 0128 133.950 -20.110 2.0 4.5 MW ISC
1991 03 09 0136 121.423 -30.761 11.0 4.0 MW MGO
1991 04 09 1400 116.993 -20.647 5.0 3.5 MW MGO
1991 05 07 1656 133.800 -19.900 2.0 3.8 MW AUST
1991 05 26 1004 133.800 -19.900 2.0 3.7 MW AUST
1991 06 14 1222 122.318 -32.603 5.0 3.6 MW MGO
1991 06 19 1138 133.965 -19.977 10.0 4.8 MW EHB
1991 07 08 1045 133.927 -20.156 5.0 4.7 MW MEL
1991 07 25 0922 133.870 -19.930 12.0 3.7 MW ISC
1991 08 04 2328 134.223 -19.880 12.0 4.1 MW AUST
1991 08 06 1411 143.247 -17.915 5.0 3.8 MW ISC
1991 08 18 1156 128.607 -16.770 10.0 3.8 MW ISC
1991 09 23 2119 120.786 -21.171 10.0 3.9 MW ISC
1991 10 06 2259 129.087 -16.877 5.0 3.6 MW MGO
1991 10 09 1646 128.663 -16.706 5.0 3.7 MW ISC
1991 10 14 1257 133.850 -19.740 6.0 3.7 MW ISC
1991 11 05 0926 122.097 -32.836 5.0 3.7 MW MGO
1991 11 18 0449 119.420 -20.398 5.0 3.5 MW MGO
1991 11 20 2203 133.800 -19.900 2.0 3.5 MW AUST
1991 12 13 0448 117.360 -34.389 1.0 4.1 MW MGO
1992 02 25 1846 133.882 -20.090 5.0 4.1 MW ISC
1992 04 17 1208 133.753 -20.024 10.0 4.0 MW ISC
1992 04 18 2040 123.250 -17.322 10.0 3.5 MW ISC
1992 06 13 1805 130.100 -23.860 16.0 4.2 MW ISC
1992 07 14 0342 126.573 -22.088 5.0 3.7 MW AUST
1992 07 14 0519 129.220 -22.160 10.0 3.5 MW ISC
1992 07 15 0017 126.433 -22.064 5.0 4.5 MW AUST
1992 07 15 0156 126.506 -21.934 5.0 4.1 MW MGO
1992 07 27 1159 122.139 -17.616 5.0 3.9 MW MGO
1992 08 21 2053 130.136 -16.818 5.0 3.8 MW AUST
1992 08 22 1054 128.791 -27.452 5.0 3.9 MW ADE
1992 09 30 1118 134.530 -11.350 38.0 4.8 MW ISC
1992 10 31 1225 126.518 -22.015 5.0 3.8 MW MGO
1992 12 03 1737 131.395 -25.931 10.0 3.6 MW ISC
1992 12 29 2020 129.870 -25.404 0.0 3.9 MW AUST
1993 01 20 1533 117.044 -31.649 4.0 3.5 MW MGO
1993 02 21 0839 133.733 -20.131 1.0 4.3 MW ISC
1993 02 24 1613 133.904 -19.787 3.0 3.9 MW AUST
1993 02 25 1027 133.883 -19.782 0.0 3.5 MW AUST
1993 02 27 2208 122.317 -32.625 5.0 3.5 MW MGO
1993 03 05 2222 133.825 -19.755 1.0 3.6 MW AUST
1993 03 08 1142 120.793 -21.108 5.0 3.5 MW MGO
1993 05 23 1103 120.784 -17.549 5.0 3.5 MW MGO
1993 05 28 1503 121.806 -28.218 1.0 3.6 MW MGO
1993 06 30 1530 134.000 -19.857 5.0 3.7 MW AUST
1993 07 09 1006 115.713 -24.458 5.0 3.6 MW MGO
1993 08 11 1914 126.841 -19.514 10.0 3.5 MW ISC
1993 09 10 1106 133.716 -19.984 5.1 3.6 MW ISC
1993 10 21 0527 133.689 -20.034 6.0 4.5 MW ISC
1993 11 05 0639 133.968 -19.910 13.0 3.6 MW AUST
1993 12 07 0612 134.110 -19.908 11.0 3.5 MW AUST
1993 12 18 1927 133.860 -11.830 19.0 4.0 MW ISC
1994 02 08 0408 133.945 -19.853 7.0 3.7 MW AUST
1994 02 08 1531 133.525 -19.999 10.0 4.1 MW ISC
1994 02 23 1913 133.840 -19.862 5.0 3.6 MW AUST
1994 02 27 0445 134.071 -19.904 5.0 3.6 MW AUST
1994 03 23 1150 117.714 -20.292 5.0 3.7 MW MGO
1994 04 19 1125 126.548 -21.917 5.0 3.5 MW MGO
1994 04 19 1525 133.730 -19.640 10.0 3.9 MW ISC
1994 04 26 1549 118.481 -30.605 5.0 3.9 MW MGO
1994 06 23 0340 133.946 -19.863 5.0 3.8 MW AUST
1994 07 04 0910 141.530 -19.580 5.0 3.6 MW AGSO
1994 07 05 1907 141.589 -20.055 5.0 3.9 MW AGSO
1994 07 07 1351 134.142 -19.889 1.0 3.9 MW AGSO
1994 07 22 0049 133.799 -19.783 5.0 4.0 MW AGSO
1994 08 22 0331 126.315 -21.986 5.0 3.5 MW AUST
1994 08 31 2048 133.321 -19.859 5.0 4.2 MW AGSO
1994 09 04 1301 124.253 -30.688 5.0 4.1 MW AGSO
1994 09 12 1203 136.427 -22.512 5.0 3.8 MW AGSO
1994 09 23 1406 134.185 -19.820 1.0 3.6 MW AGSO
1994 10 09 1501 128.070 -16.652 5.0 3.6 MW MGO
1994 10 11 1034 121.307 -33.294 3.0 3.8 MW AGSO
1994 10 11 1448 134.173 -19.819 0.0 3.8 MW AGSO
1994 10 17 1741 134.000 -20.000 3.0 3.5 MW AGSO
1994 12 02 1942 130.133 -23.587 0.0 4.0 MW AGSO
1994 12 22 1024 134.041 -19.910 2.0 3.7 MW AGSO
1994 12 24 1628 133.997 -19.828 15.0 3.6 MW AGSO
1995 01 02 2308 133.810 -19.960 8.0 4.0 MW AGSO
1995 01 09 0533 120.526 -20.936 5.0 3.5 MW MGO
1995 01 27 1914 123.229 -18.859 5.0 3.5 MW MGO
1995 04 05 2338 126.953 -32.672 5.0 3.9 MW MGO
1995 05 14 0206 134.020 -19.770 5.0 3.5 MW AGSO
1995 06 04 2036 125.796 -24.119 5.0 3.7 MW MGO
1995 06 14 1641 133.716 -20.034 1.2 4.6 MW EHB
1995 07 02 1928 135.383 -28.016 0.0 3.6 MW ISC
1995 07 31 1548 117.103 -30.786 5.0 3.5 MW MGO
1995 10 01 1139 134.483 -19.832 24.0 3.6 MW ISC
1995 10 19 1943 120.699 -23.549 5.0 3.5 MW ISC
1995 10 27 1028 137.017 -35.239 15.5 4.0 MW ADE
1995 11 20 0101 134.074 -19.912 16.0 3.7 MW AUST
1995 11 20 1116 131.450 -25.991 10.0 3.7 MW ISC
1995 12 16 0156 127.454 -21.081 5.0 3.5 MW MGO
1996 01 13 0958 134.017 -19.897 0.0 3.9 MW AGSO
1996 02 04 1755 120.897 -18.863 5.0 3.5 MW MGO
1996 03 11 2324 127.149 -16.578 5.0 3.6 MW MGO
1996 03 25 0745 134.015 -19.734 2.0 4.1 MW AGSO
1996 04 19 0426 134.007 -19.830 10.0 3.5 MW AGSO
1996 04 22 0958 126.595 -22.082 5.0 3.6 MW MGO
1996 05 10 1248 120.163 -20.856 14.6 3.5 MW MGO
1996 05 15 0326 133.760 -19.580 5.0 3.5 MW AGSO
1996 06 09 0143 135.927 -34.171 9.6 3.5 MW ADE
1996 06 18 1331 117.055 -31.707 6.0 3.7 MW MGO
1996 06 21 1456 117.057 -31.560 6.0 3.9 MW MGO
1996 07 08 2204 134.098 -19.833 5.0 3.5 MW AGSO
1996 07 17 2134 133.908 -19.822 0.0 3.6 MW AGSO
1996 07 22 0006 120.459 -17.163 5.0 3.5 MW MGO
1996 08 29 1214 120.132 -21.034 5.0 3.7 MW MGO
1996 10 23 1823 128.650 -16.598 5.0 3.6 MW MGO
1996 10 26 0854 117.909 -33.900 1.0 3.7 MW MGO
1996 11 30 1723 117.480 -25.230 10.0 3.6 MW USGS
1996 12 01 0450 132.988 -26.695 5.0 3.5 MW MGO
1996 12 08 2129 124.630 -15.197 33.0 3.6 MW ISC
1996 12 10 0602 128.448 -26.251 5.0 3.5 MW MGO
1997 01 23 2345 133.990 -19.910 5.0 3.5 MW AGSO
1997 02 05 0015 139.241 -28.710 11.5 3.8 MW ADE
1997 02 22 0848 126.327 -21.757 12.0 3.7 MW MGO
1997 06 23 2044 131.870 -23.110 19.0 4.0 MW AGSO
1997 07 21 1510 137.769 -32.725 14.0 3.5 MW ADE
1997 07 23 1829 126.541 -22.114 5.0 3.6 MW MGO
1997 07 29 0542 130.150 -12.790 0.0 4.0 MW EIDC
1997 07 29 0742 125.807 -28.360 10.0 4.0 MW MEL
1997 08 06 2259 134.010 -19.790 5.0 3.5 MW AGSO
1997 08 10 0920 124.333 -16.159 20.0 6.2 MW EHB
1997 08 10 1231 124.251 -15.867 11.0 3.8 MW MGO
1997 08 11 1412 124.151 -15.709 20.0 3.7 MW MGO
1997 08 31 1523 117.684 -31.449 5.0 4.3 MW MGO
1997 08 31 1550 117.679 -31.453 5.0 3.6 MW MGO
1997 09 01 0948 123.138 -18.116 5.0 4.2 MW MGO
1997 09 03 0512 117.672 -31.450 5.0 4.0 MW MGO
1997 09 12 0008 117.669 -31.446 5.0 3.7 MW MGO
1997 11 11 1226 128.168 -16.504 5.0 3.5 MW AGSO
1997 12 23 1011 115.064 -21.884 5.0 3.5 MW MGO
1998 01 31 1322 120.399 -21.214 5.0 3.7 MW MGO
1998 02 11 1417 134.050 -19.880 12.0 3.5 MW AGSO
1998 02 26 1413 136.621 -33.347 27.7 3.9 MW ADE
1998 03 13 0657 122.182 -31.465 5.0 3.7 MW MGO
1998 03 22 1753 122.164 -31.516 5.0 3.9 MW MGO
1998 03 29 0350 139.168 -12.360 35.0 4.6 MW EHB
1998 04 10 0346 122.343 -32.589 5.0 4.1 MW MGO
1998 05 06 0529 136.867 -34.151 15.2 3.6 MW ADE
1998 05 15 2354 130.940 -26.090 5.0 3.5 MW AGSO
1998 06 07 2242 117.683 -31.464 5.0 3.6 MW MGO
1998 06 09 0100 135.769 -28.037 27.1 4.0 MW ADE
1998 06 12 1228 117.673 -31.459 2.0 3.5 MW MGO
1998 06 18 1321 131.030 -12.210 0.0 3.6 MW EIDC
1998 06 22 0946 119.947 -21.886 5.0 3.9 MW ISC
1998 06 25 0739 133.880 -19.820 1.0 3.9 MW AGSO
1998 06 27 0701 121.605 -30.815 5.0 3.5 MW MGO
1998 07 17 1846 127.845 -26.502 11.0 3.5 MW MGO
1998 08 03 1341 134.020 -19.900 2.0 3.5 MW AGSO
1998 08 04 0145 132.530 -13.210 0.0 3.5 MW AUST
1998 08 08 0736 123.997 -15.634 0.0 3.5 MW EIDC
1998 08 17 0457 135.246 -28.994 8.3 3.5 MW ADE
1998 09 27 0520 133.940 -19.820 7.0 3.7 MW AGSO
1998 10 14 2226 121.320 -31.033 5.0 3.6 MW MGO
1998 11 13 1154 124.887 -19.132 7.0 3.7 MW ISC
1999 01 12 0308 126.402 -27.780 10.0 3.7 MW ISC
1999 01 18 1450 126.410 -27.788 10.0 4.0 MW ISC
1999 01 23 2256 115.553 -21.464 5.0 3.5 MW MGO
1999 03 01 0128 137.590 -25.800 0.0 3.5 MW AGSO
1999 03 06 1530 118.213 -23.589 10.0 3.6 MW ISC
1999 03 06 2354 139.137 -28.565 6.9 3.8 MW ADE
1999 03 22 0122 127.312 -16.692 5.0 3.5 MW MGO
1999 04 15 0455 134.040 -19.790 6.0 4.8 MW AGSO
1999 05 01 1811 134.050 -19.830 0.0 3.9 MW AGSO
1999 05 10 1002 133.880 -20.003 2.4 4.3 MW EHB
1999 05 29 1939 133.857 -19.808 0.0 3.7 MW AGSO
1999 06 18 1004 133.800 -19.790 0.0 3.5 MW AGSO
1999 07 22 1921 133.800 -19.710 3.0 3.5 MW AGSO
1999 08 14 1245 131.044 -26.170 10.0 3.7 MW ADE
1999 11 09 0505 121.390 -28.820 5.0 3.6 MW MGO
1999 11 21 2140 133.640 -19.840 0.0 3.6 MW AGSO
2000 01 13 0224 123.806 -16.478 5.0 3.9 MW ISC
2000 02 15 1744 127.654 -14.118 0.0 3.5 MW AGSO
2000 04 13 0314 128.635 -16.421 15.0 3.7 MW AGSO
2000 06 19 1804 131.404 -22.832 5.0 3.5 MW ISC
2000 08 08 2310 142.309 -10.647 4.0 3.7 MW ISC
2000 09 09 1731 124.086 -16.678 10.0 3.7 MW ISC
2000 09 22 0604 117.058 -30.526 1.1 3.6 MW AUST
2000 09 25 1550 117.102 -30.626 0.6 3.5 MW AUST
2000 11 18 1837 134.123 -19.795 0.0 3.5 MW AGSO
2000 12 02 1135 134.046 -19.886 1.0 3.7 MW AGSO
2000 12 28 0528 130.763 -12.544 0.0 3.6 MW AGSO
2001 01 04 2123 123.887 -28.940 10.0 3.5 MW ISC
2001 02 06 1732 133.953 -19.839 5.1 3.5 MW AGSO
2001 04 04 0519 133.788 -20.063 4.0 3.5 MW ISC
2001 04 12 1822 137.544 -25.729 0.0 3.5 MW AUST
2001 04 12 2012 134.010 -19.914 7.0 3.7 MW AUST
2001 04 12 2237 137.447 -25.945 7.0 3.5 MW AUST
2001 04 18 0440 134.200 -19.840 7.0 3.7 MW AGSO
2001 04 21 0856 127.323 -19.826 14.0 3.5 MW AUST
2001 07 27 0423 124.366 -18.384 0.0 3.5 MW AGSO
2001 08 14 0803 127.580 -22.940 0.0 3.7 MW AGSO
2001 08 25 0338 120.940 -18.870 5.0 3.5 MW AGSO
2001 09 14 1518 133.739 -19.951 11.0 4.6 MW EHB
2001 09 28 0254 117.319 -30.399 2.0 4.7 MW ISC
2001 09 28 0300 117.009 -30.488 0.0 3.5 MW AUST
2001 09 30 0402 117.014 -30.501 2.0 3.5 MW AUST
2001 10 01 0452 117.049 -30.525 0.4 3.7 MW AUST
2001 10 05 1455 117.056 -30.506 0.8 3.8 MW AUST
2001 10 06 1631 120.046 -17.656 0.0 3.5 MW AUST
2001 10 19 0418 129.547 -23.601 1.0 3.9 MW AUST
2001 10 19 1743 120.628 -33.712 10.0 5.0 MW ISC
2001 10 19 2233 120.600 -33.508 10.0 3.5 MW ISC
2001 10 19 2344 120.664 -33.624 10.0 3.7 MW ISC
2001 12 25 0056 117.079 -30.526 2.0 4.1 MW AUST
2001 12 25 0506 117.032 -30.546 0.0 3.7 MW AUST
2001 12 25 0510 117.055 -30.534 1.0 3.7 MW AUST
2001 12 26 1858 117.039 -30.524 0.0 3.5 MW AUST
2001 12 28 1631 117.068 -30.533 2.4 4.2 MW AUST
2001 12 28 2203 117.051 -30.542 0.0 3.7 MW AUST
2002 02 05 1751 122.320 -17.457 0.0 3.5 MW AUST
2002 02 06 0448 120.413 -22.785 10.0 3.7 MW AUST
2002 02 25 1737 117.072 -30.504 1.5 3.5 MW AUST
2002 03 05 0147 117.084 -30.479 0.5 4.5 MW AUST
2002 03 05 0329 117.075 -30.495 0.4 4.2 MW AUST
2002 03 22 0324 117.070 -30.506 1.3 3.5 MW AUST
2002 03 23 1316 117.065 -30.521 1.7 4.4 MW AUST
2002 03 23 1420 117.062 -30.520 1.0 3.5 MW AUST
2002 03 25 0544 117.074 -30.525 4.0 3.8 MW AUST
2002 03 30 2115 117.217 -30.482 17.9 4.6 MW ISC
2002 04 15 2244 130.040 -23.151 3.0 3.5 MW AUST
2002 04 16 1601 129.965 -23.024 2.0 3.5 MW AUST
2002 04 18 1802 117.069 -30.529 3.0 3.6 MW AUST
2002 04 25 1747 117.058 -30.511 3.0 3.5 MW AUST
2002 04 26 0643 117.119 -30.584 3.0 3.5 MW AUST
2002 06 20 0354 117.090 -30.528 2.0 3.7 MW AUST
2002 06 23 1121 117.117 -30.549 9.0 3.6 MW AUST
2002 07 18 0423 119.872 -32.195 10.0 3.8 MW MEL
2002 08 02 1343 121.207 -30.917 3.0 3.7 MW AUST
2002 08 16 0947 117.113 -30.552 11.0 3.6 MW AUST
2002 09 09 0657 126.709 -31.527 6.0 3.8 MW AUST
2002 10 06 1457 129.274 -22.186 1.0 3.7 MW AUST
2002 10 15 0359 118.581 -19.717 10.0 3.9 MW ISC
2002 10 25 0425 126.813 -32.415 5.0 3.5 MW AUST
2002 11 01 0855 129.900 -11.930 10.0 4.0 MW ISC
2003 01 01 1747 133.978 -19.843 9.0 3.9 MW AUST
2003 02 04 0753 116.974 -20.752 5.0 3.5 MW AUST
2003 03 18 1906 123.629 -17.086 5.0 3.7 MW ISC
2003 03 24 1150 117.087 -31.702 5.0 3.9 MW AUST
2003 03 27 1440 133.274 -33.780 24.1 3.6 MW ADE
2003 05 11 0305 135.095 -27.857 2.4 3.7 MW ADE
2003 05 31 0316 115.589 -26.122 10.0 3.7 MW AUST
2003 07 03 0536 120.149 -25.795 21.8 3.6 MW AUST
2003 12 05 2226 126.745 -18.225 0.0 4.5 MW AUST
2004 01 17 1608 122.396 -18.783 10.0 3.9 MW AUST
2004 01 23 1531 123.549 -31.672 14.9 4.1 MW AUST
2004 02 11 0917 129.871 -22.738 12.8 4.7 MW AUST
2004 02 11 0930 129.823 -22.680 12.5 4.9 MW AUST
2004 02 23 1723 125.571 -20.832 5.0 3.7 MW AUST
2004 03 05 0008 127.019 -32.504 0.0 3.5 MW AUST
2004 03 05 0011 127.084 -32.346 10.0 4.1 MW ISC
2004 05 21 2153 133.974 -19.728 5.0 3.5 MW AUST
2004 05 24 2155 134.063 -19.835 0.0 3.6 MW AUST
2004 05 31 2232 121.760 -31.326 0.0 3.7 MW AUST
2004 06 07 1340 125.483 -27.695 6.8 3.7 MW AUST
2004 07 15 0554 133.965 -19.708 10.0 3.5 MW AUST
2004 08 14 1537 130.950 -26.090 0.8 3.5 MW AUST
2004 09 25 1510 129.152 -16.776 10.0 3.9 MW AUST
2004 11 01 1315 124.844 -19.111 8.9 3.8 MW AUST
2004 11 23 1050 127.153 -16.937 10.0 3.9 MW AUST
2004 11 24 0242 117.726 -30.548 10.0 4.2 MW ISC
2004 12 16 0955 125.120 -17.597 11.8 3.6 MW AUST
2005 01 03 0040 117.479 -30.652 1.5 3.5 MW AUST
2005 01 24 0943 122.587 -17.530 10.0 3.7 MW AUST
2005 01 27 1717 119.236 -31.416 5.4 3.5 MW AUST
2005 02 27 0617 118.282 -33.606 0.0 3.6 MW AUST
2005 03 13 0209 131.649 -26.265 18.6 4.5 MW ADE
2005 03 16 0127 117.464 -30.639 2.6 3.5 MW AUST
2005 03 19 0729 130.868 -26.091 10.0 3.9 MW AUST
2005 03 22 1951 119.610 -21.004 10.0 4.1 MW AUST
2005 03 29 1615 126.605 -22.144 5.0 3.5 MW AUST
2005 04 12 1159 117.005 -30.588 2.0 3.5 MW AUST
2005 04 12 1200 117.005 -30.564 0.0 3.9 MW AUST
2005 05 01 0943 117.912 -30.194 2.7 3.9 MW AUST
2005 05 01 1538 117.887 -30.198 0.0 3.6 MW AUST
2005 05 14 1333 136.741 -28.687 26.1 3.7 MW ADE
2005 05 18 2339 119.374 -20.108 26.0 4.3 MW AUST
2005 06 09 1644 115.068 -23.093 14.5 3.5 MW AUST
2005 06 12 1051 117.108 -30.802 2.3 4.1 MW AUST
2005 06 12 2036 117.030 -30.558 7.6 4.2 MW AUST
2005 06 16 0429 135.561 -34.138 9.3 3.5 MW ADE
2005 08 03 0502 133.875 -19.905 0.0 3.7 MW AUST
2005 09 21 2259 117.167 -30.151 0.5 3.7 MW AUST
2005 09 22 0352 117.173 -30.126 3.0 4.0 MW AUST
2005 09 22 1834 117.159 -30.142 4.5 3.8 MW AUST
2005 10 18 1613 134.101 -19.868 0.0 3.5 MW AUST
2005 11 25 2032 117.195 -30.134 2.2 3.6 MW AUST
2005 11 28 0457 133.860 -20.074 14.0 3.5 MW AUST
2006 01 25 1158 135.562 -34.157 4.4 3.6 MW ADE
2006 03 07 0106 117.142 -30.146 2.2 3.6 MW AUST
2006 04 01 0109 130.972 -26.046 10.0 3.7 MW ISC
2006 05 02 0247 137.341 -25.877 10.0 3.6 MW ISC
2006 05 13 0104 135.595 -27.709 10.0 4.8 MW ISC
2006 06 06 1534 117.838 -25.119 10.0 4.2 MW ISC
2006 06 12 2243 117.668 -25.028 10.0 3.8 MW ISC
2006 09 02 1547 116.609 -24.482 2.0 3.5 MW ISC
2006 12 24 2323 133.955 -19.765 12.0 3.7 MW AUST
2007 02 28 2022 123.232 -18.723 16.0 3.5 MW AUST
2007 03 06 0407 124.341 -29.933 1.0 3.8 MW AUST
2007 06 30 1406 117.157 -30.770 8.4 3.7 MW AUST
2007 08 05 0712 117.648 -33.185 17.0 3.5 MW AUST
2007 10 09 2358 117.505 -33.946 0.0 4.7 MW AUST
2007 11 05 0641 129.666 -22.390 0.0 3.5 MW AUST
2007 11 19 2001 143.735 -12.336 24.0 4.5 MW AUST
2007 11 27 0248 115.047 -23.219 10.0 3.7 MW AUST
2007 12 01 2058 129.657 -22.291 10.0 3.5 MW AUST
2008 03 17 0656 137.427 -25.975 10.0 3.7 MW AUST
2008 03 19 0717 134.047 -19.654 15.0 3.7 MW AUST
2008 05 03 2214 117.365 -31.168 5.0 3.7 MW AUST
2008 05 07 0727 117.352 -31.149 6.0 3.5 MW AUST
2008 05 17 0036 116.975 -30.117 0.0 3.5 MW AUST
2008 05 20 0825 129.609 -23.363 0.0 3.6 MW AUST
2008 05 28 0430 122.323 -18.596 0.0 4.4 MW AUST
2008 07 09 2345 125.223 -26.034 1.4 4.6 MW AUST
2008 07 10 0005 125.316 -26.029 9.2 3.6 MW AUST
2009 01 18 1413 134.110 -19.908 12.8 4.1 MW AUST
2009 01 30 0550 117.663 -30.293 0.0 3.5 MW AUST
2009 01 30 1725 117.784 -30.214 0.0 3.7 MW AUST
2009 01 30 1733 117.774 -30.212 0.0 3.7 MW AUST
2009 01 30 2150 117.759 -30.218 0.0 3.5 MW AUST
2009 01 31 0847 117.784 -30.230 2.1 3.8 MW AUST
2009 01 31 1155 117.798 -30.215 0.0 3.8 MW AUST
2009 01 31 1302 117.752 -30.211 0.0 3.5 MW AUST
2009 01 31 1618 117.781 -30.202 0.0 3.7 MW AUST
2009 02 01 0042 117.819 -30.209 0.0 4.1 MW AUST
2009 02 01 0425 117.767 -30.233 1.0 3.5 MW AUST
2009 02 01 1859 117.761 -30.233 0.0 3.7 MW AUST
2009 02 01 2157 117.795 -30.214 0.0 3.6 MW AUST
2009 02 10 1224 117.759 -30.231 0.0 3.5 MW AUST
2009 02 11 1513 117.778 -30.232 3.0 3.5 MW AUST
2009 02 19 2228 117.795 -30.233 2.0 3.7 MW AUST
2009 02 24 1703 117.774 -30.229 0.0 3.5 MW AUST
2009 03 05 1253 117.774 -30.208 0.0 4.0 MW AUST
2009 03 05 1302 117.767 -30.209 0.0 3.5 MW AUST
2009 03 05 1331 117.745 -30.211 0.0 3.7 MW AUST
2009 03 05 1855 117.769 -30.199 0.0 3.5 MW AUST
2009 03 06 0135 121.252 -16.314 0.0 4.8 MW AUST
2009 04 04 1240 133.943 -33.593 8.7 3.7 MW ADE
2009 04 08 0531 116.881 -34.148 0.0 3.9 MW AUST
2009 04 14 0140 135.762 -27.990 10.3 3.6 MW ADE
2009 06 25 1516 117.468 -30.619 0.0 3.8 MW AUST
2009 09 05 0300 133.908 -19.804 12.5 4.0 MW AUST
2009 10 16 0224 133.119 -34.419 32.3 3.9 MW ADE
2009 10 24 1626 120.659 -33.468 10.0 3.9 MW AUST
2009 11 03 0654 125.792 -27.579 9.5 3.5 MW AUST
2010 01 26 1825 115.510 -26.080 4.0 3.7 MW AUST
2010 02 03 0502 138.160 -28.096 0.0 3.6 MW ADE
2010 04 20 0017 121.489 -30.787 1.8 4.2 MW AUST
2010 06 05 2147 136.714 -33.559 15.0 4.5 MW AUST
2010 06 21 0404 129.752 -21.524 5.4 3.6 MW AUST
