1965 03 02 1518 138.380 -30.570 33.0 5.00 MW ISC
1965 03 14 1247 138.540 -31.950 26.0 4.80 MW ISC
1965 06 03 2159 150.220 -28.080 10.0 5.10 MW BMR
1966 05 03 1907 147.168 -37.042 15.0 5.70 MW Denham
1968 12 31 1608 149.260 -31.040 0.0 5.00 MW CAN
1970 08 08 1605 148.350 -29.080 0.0 4.80 MW CAN
1971 07 26 0750 138.756 -31.375 18.6 5.00 MW ADE
1972 04 18 2220 138.619 -31.578 11.9 5.50 MW ADE
1973 03 09 1909 150.340 -34.187 28.9 5.50 MW MEL
1975 01 03 0218 138.716 -31.243 6.4 3.70 MW ADE
1975 01 05 1146 144.213 -36.036 30.7 2.90 MW MEL
1975 01 26 1632 146.070 -36.260 4.0 3.10 MW CAN
1975 02 03 0255 144.221 -36.039 28.6 3.00 MW MEL
1975 02 08 1734 147.870 -34.660 8.0 2.90 MW CAN
1975 02 08 2327 147.460 -36.740 3.0 2.60 MW CAN
1975 03 07 1131 144.510 -36.840 10.0 3.00 MW BMR
1975 03 15 1620 139.692 -33.055 0.0 3.30 MW ADE
1975 03 26 1013 146.695 -37.909 14.3 2.70 MW MEL
1975 04 04 2241 143.280 -36.090 32.0 2.80 MW BMR
1975 04 06 1101 137.989 -35.693 20.9 3.80 MW ADE
1975 04 17 0829 148.366 -36.146 2.0 3.20 MW CAN
1975 04 28 1618 138.577 -30.972 12.0 2.80 MW ADE
1975 04 29 2207 138.943 -32.164 0.0 3.60 MW ADE
1975 05 05 1728 144.200 -36.070 10.0 3.30 MW BMR
1975 05 05 1834 143.470 -35.660 10.0 2.60 MW BMR
1975 05 08 0742 140.800 -36.700 10.0 2.70 MW BMR
1975 05 11 0943 139.031 -33.110 5.3 2.90 MW ADE
1975 05 23 1407 137.698 -29.533 13.8 3.40 MW ADE
1975 05 29 0841 148.150 -34.350 3.0 2.80 MW CAN
1975 05 31 0419 139.026 -31.233 13.5 2.70 MW ADE
1975 05 31 1436 147.280 -33.840 9.0 3.00 MW CAN
1975 06 05 0700 150.161 -36.251 4.0 2.70 MW CAN
1975 06 23 0027 138.987 -32.790 14.8 3.20 MW ADE
1975 07 14 1802 138.579 -35.250 23.6 3.70 MW ADE
1975 07 23 0346 145.520 -36.830 0.0 2.70 MW CAN
1975 08 02 1938 149.120 -34.200 7.0 2.70 MW CAN
1975 08 04 1717 149.194 -34.784 1.0 3.10 MW BMR
1975 08 21 2043 147.240 -36.820 3.0 3.50 MW CAN
1975 08 29 1649 138.503 -31.663 16.2 2.80 MW ADE
1975 09 06 0213 144.480 -35.750 10.0 2.90 MW BMR
1975 09 11 1238 138.362 -33.292 9.8 3.00 MW ADE
1975 09 15 1834 147.300 -30.200 32.0 3.50 MW BMR
1975 09 24 2232 138.878 -31.126 10.5 2.80 MW ADE
1975 09 30 0448 138.462 -30.696 4.5 2.80 MW ADE
1975 10 26 2011 138.714 -31.900 12.9 3.00 MW ADE
1975 11 12 1029 151.900 -25.600 10.0 2.90 MW BRS
1975 11 21 0532 147.750 -36.540 14.0 2.70 MW CAN
1975 11 26 0127 147.400 -35.750 0.0 2.70 MW CAN
1975 12 03 0050 144.440 -35.930 10.0 2.70 MW BMR
1975 12 18 0152 149.000 -35.010 68.0 2.60 MW CAN
1976 01 09 0430 150.630 -34.210 7.0 3.00 MW CAN
1976 01 10 0127 149.030 -35.610 13.0 2.80 MW CAN
1976 01 10 1700 138.857 -31.529 15.0 2.90 MW ISC
1976 01 16 0437 149.000 -35.010 0.0 2.80 MW CAN
1976 01 18 0447 142.111 -37.349 3.8 2.60 MW MEL
1976 01 29 0950 138.680 -30.700 10.0 2.70 MW ADE
1976 02 27 1144 138.454 -33.296 7.9 3.00 MW ADE
1976 02 27 1144 144.600 -33.500 0.0 3.40 MW BMR
1976 03 08 0825 146.187 -36.896 4.1 2.70 MW MEL
1976 03 28 1816 150.140 -36.480 9.0 3.00 MW CAN
1976 03 31 0126 138.678 -31.293 7.6 2.80 MW ADE
1976 03 31 1112 149.050 -34.320 3.0 2.60 MW CAN
1976 04 01 0028 137.409 -36.286 2.8 3.80 MW ADE
1976 04 14 0736 138.596 -31.576 16.0 3.30 MW ADE
1976 04 21 1329 150.220 -33.590 18.0 2.60 MW CAN
1976 05 01 1516 149.340 -36.070 27.0 4.00 MW CAN
1976 05 11 1002 146.454 -36.405 8.7 2.70 MW MEL
1976 05 13 1902 141.600 -24.590 10.0 3.40 MW ADE
1976 05 30 1714 138.732 -31.402 13.6 2.70 MW ADE
1976 06 01 0316 148.220 -34.370 8.0 2.80 MW CAN
1976 06 09 0658 145.600 -36.400 0.0 2.60 MW CAN
1976 06 11 0952 145.530 -34.620 0.0 3.30 MW CAN
1976 06 20 1642 150.810 -33.620 8.0 3.10 MW CAN
1976 07 08 0804 149.209 -34.445 1.0 2.80 MW BMR
1976 07 18 1755 148.790 -35.870 0.0 2.90 MW CAN
1976 08 20 0100 144.210 -36.031 12.5 3.00 MW MEL
1976 08 23 1914 146.470 -35.300 4.0 3.50 MW BMR
1976 09 02 0608 148.230 -36.720 0.0 2.60 MW CAN
1976 09 03 2223 148.940 -34.290 13.0 2.80 MW CAN
1976 09 08 0421 148.265 -36.493 8.0 3.80 MW MEL
1976 09 08 2146 144.830 -35.778 15.0 3.40 MW MEL
1976 09 13 0447 138.289 -32.818 11.4 2.90 MW ADE
1976 09 15 0439 147.450 -34.250 0.0 3.60 MW CAN
1976 09 17 1449 147.190 -35.310 14.0 2.70 MW CAN
1976 10 01 0046 150.700 -24.600 10.0 3.50 MW BRS
1976 10 16 1552 148.150 -33.980 10.0 3.10 MW CAN
1976 10 27 0443 148.330 -34.300 15.0 3.00 MW CAN
1976 10 27 0555 138.478 -33.193 8.6 2.70 MW ADE
1976 11 04 0130 138.803 -32.383 10.6 3.40 MW ADE
1976 11 23 0619 149.186 -34.780 1.0 3.10 MW BMR
1976 11 28 1923 147.600 -34.230 24.0 2.80 MW CAN
1976 12 13 1655 138.103 -32.211 10.3 2.60 MW ADE
1976 12 15 1603 151.030 -32.800 0.0 2.60 MW CAN
1976 12 20 2041 138.497 -31.084 14.3 2.70 MW ADE
1976 12 25 0212 148.833 -36.192 2.0 2.60 MW CAN
1977 01 11 2020 147.370 -35.810 17.0 3.20 MW CAN
1977 01 17 0559 148.290 -33.500 15.0 2.60 MW CAN
1977 01 29 1041 148.810 -34.630 12.0 2.90 MW CAN
1977 02 11 2334 141.310 -32.473 13.8 3.60 MW ADE
1977 03 01 1345 148.770 -34.760 14.0 3.10 MW CAN
1977 03 04 1821 138.206 -32.846 13.0 2.70 MW ADE
1977 03 05 0604 150.350 -28.136 33.0 4.50 MW ISC
1977 03 20 0400 138.239 -32.779 0.8 2.80 MW ADE
1977 04 05 1031 149.185 -34.743 1.0 3.20 MW BMR
1977 04 13 2157 150.170 -33.510 20.0 3.40 MW CAN
1977 04 16 1819 138.010 -32.433 0.0 3.80 MW ADE
1977 04 29 2017 148.272 -35.454 6.0 2.80 MW MEL
1977 05 02 0400 149.190 -34.440 10.0 2.80 MW CAN
1977 05 18 2330 150.180 -33.240 12.0 2.60 MW CAN
1977 05 25 1711 148.000 -36.470 13.0 2.80 MW CAN
1977 05 29 1332 149.590 -34.590 10.0 2.80 MW CAN
1977 06 09 1817 139.256 -32.322 4.0 2.60 MW ADE
1977 06 20 0609 150.920 -34.120 10.0 2.60 MW CAN
1977 07 04 2005 148.889 -34.654 13.0 4.80 MW BMR
1977 07 19 0448 148.850 -33.570 15.0 3.50 MW CAN
1977 07 23 0604 138.016 -32.454 10.6 2.80 MW ADE
1977 07 31 0013 146.480 -36.450 11.0 2.80 MW CAN
1977 07 31 0016 146.730 -36.480 17.0 2.90 MW CAN
1977 08 16 1128 142.498 -36.522 17.2 3.20 MW MEL
1977 08 20 0940 149.100 -34.220 17.0 2.60 MW CAN
1977 08 20 2155 138.886 -34.909 21.8 3.10 MW ADE
1977 08 27 1306 150.687 -29.875 8.0 3.50 MW GSQ
1977 08 30 1413 138.474 -31.057 12.7 3.80 MW ADE
1977 09 13 1418 146.456 -37.933 13.7 2.60 MW MEL
1977 09 14 0937 144.192 -36.040 5.6 3.00 MW MEL
1977 09 17 1334 138.867 -34.462 2.3 2.70 MW ADE
1977 09 28 1918 139.309 -32.273 9.7 3.60 MW ADE
1977 10 06 0401 153.358 -29.489 1.0 2.70 MW GSQ
1977 10 14 0755 138.349 -33.346 15.8 3.30 MW ADE
1977 10 25 2354 148.340 -34.340 14.0 3.00 MW CAN
1977 11 04 1237 138.632 -33.145 4.9 2.80 MW ADE
1977 11 13 1439 151.442 -24.824 9.0 2.60 MW GSQ
1977 11 13 1836 151.500 -33.850 0.0 2.80 MW CAN
1977 11 18 1630 138.391 -33.090 13.4 2.60 MW ADE
1977 12 02 1332 144.192 -37.855 13.7 4.70 MW MEL
1977 12 06 0441 148.390 -34.180 23.0 3.10 MW CAN
1977 12 18 1006 147.160 -34.130 15.0 2.70 MW CAN
1977 12 18 1548 146.810 -34.010 1.0 2.60 MW CAN
1978 01 08 2029 149.660 -35.800 29.0 2.80 MW CAN
1978 01 13 0042 138.960 -30.473 0.0 2.90 MW ADE
1978 01 15 2149 149.120 -34.210 0.0 2.70 MW CAN
1978 01 17 0145 138.960 -32.025 0.0 2.80 MW ADE
1978 01 19 0144 149.510 -33.410 11.0 2.60 MW CAN
1978 01 23 0712 151.420 -34.150 0.0 4.00 MW CAN
1978 02 02 0206 149.540 -34.640 9.0 2.70 MW CAN
1978 02 08 1626 148.830 -34.120 13.0 2.70 MW CAN
1978 03 01 0359 149.420 -33.290 25.0 2.70 MW CAN
1978 03 09 0215 150.250 -36.200 0.0 2.70 MW CAN
1978 03 09 1415 139.099 -34.389 19.0 3.20 MW ADE
1978 03 22 0300 151.530 -33.970 0.0 2.60 MW CAN
1978 03 24 0427 150.769 -26.037 8.0 3.10 MW GSQ
1978 03 26 2236 138.923 -32.389 16.4 4.10 MW ADE
1978 04 02 0144 138.391 -31.553 13.9 2.70 MW ADE
1978 04 25 2302 149.140 -33.190 16.0 3.20 MW CAN
1978 04 26 0916 138.254 -30.694 7.7 2.70 MW ADE
1978 04 26 1153 152.390 -27.220 22.0 3.00 MW BRS
1978 05 08 0222 138.619 -30.774 31.3 3.70 MW ADE
1978 05 24 1737 146.600 -20.700 10.0 3.20 MW BRS
1978 06 02 2233 148.870 -34.270 14.0 2.80 MW CAN
1978 06 11 1552 147.700 -34.300 0.0 2.80 MW CAN
1978 07 29 1950 150.280 -36.240 24.0 3.20 MW CAN
1978 07 30 1826 149.620 -34.260 13.0 3.50 MW CAN
1978 08 03 1209 138.906 -31.127 13.3 2.90 MW ADE
1978 08 10 1204 148.250 -33.470 15.0 2.70 MW CAN
1978 08 22 1037 151.420 -32.870 20.0 3.40 MW CAN
1978 08 25 1512 136.659 -35.943 0.8 2.90 MW ADE
1978 09 15 0109 139.019 -31.455 14.1 2.70 MW ADE
1978 09 25 1621 144.377 -35.210 14.4 2.90 MW MEL
1978 10 14 0652 151.430 -33.170 0.0 2.60 MW CAN
1978 11 10 1355 151.341 -24.140 1.0 3.30 MW GSQ
1978 11 25 0829 144.981 -36.494 17.2 3.60 MW MEL
1978 11 25 1346 152.128 -30.686 11.1 3.00 MW GSQ
1978 12 10 1658 150.448 -24.450 0.0 3.30 MW BRS
1978 12 11 0231 151.690 -33.890 21.0 3.30 MW CAN
1978 12 12 0142 151.000 -25.000 10.0 3.30 MW BRS
1978 12 17 0211 145.220 -34.770 0.0 3.20 MW CAN
1979 01 05 2245 148.710 -34.840 0.0 2.70 MW CAN
1979 01 07 1533 138.221 -32.744 9.5 2.90 MW ADE
1979 01 10 1501 138.512 -33.093 10.8 2.60 MW ADE
1979 01 15 1631 150.340 -34.140 24.0 2.80 MW CAN
1979 01 18 0508 149.230 -34.740 14.0 3.00 MW CAN
1979 01 29 2245 148.900 -34.680 0.0 2.70 MW CAN
1979 02 03 1633 149.170 -34.780 14.0 3.00 MW CAN
1979 02 04 0254 146.910 -36.110 0.0 2.60 MW CAN
1979 02 04 1326 151.400 -33.000 29.0 3.20 MW CAN
1979 02 12 1253 148.708 -36.249 1.0 2.60 MW CAN
1979 03 02 1805 151.410 -32.990 13.0 3.00 MW CAN
1979 03 05 0316 148.720 -34.770 13.0 2.80 MW CAN
1979 03 09 0003 138.430 -31.042 8.5 3.20 MW ADE
1979 03 13 1937 145.670 -34.720 0.0 3.30 MW CAN
1979 03 15 2004 138.645 -32.414 6.3 3.40 MW ADE
1979 04 13 1524 149.850 -32.990 7.0 3.00 MW CAN
1979 04 16 0134 150.530 -33.940 18.0 3.00 MW CAN
1979 04 23 1807 147.510 -34.230 15.0 2.90 MW CAN
1979 04 25 0926 148.890 -34.680 16.0 2.80 MW CAN
1979 04 29 0117 147.270 -34.250 14.0 3.10 MW CAN
1979 05 06 1309 149.830 -32.100 0.0 3.30 MW CAN
1979 05 09 0532 146.920 -35.720 0.0 2.70 MW CAN
1979 05 19 0458 150.050 -33.390 29.0 2.70 MW CAN
1979 05 22 0459 150.900 -34.660 17.0 2.60 MW CAN
1979 05 25 2032 148.579 -35.066 11.2 2.90 MW MEL
1979 06 10 0033 140.265 -28.306 15.3 3.10 MW ADE
1979 06 10 2225 138.774 -34.294 19.5 2.70 MW ADE
1979 06 13 1744 138.706 -33.375 5.9 2.80 MW ADE
1979 06 17 0853 148.850 -34.380 0.0 2.70 MW CAN
1979 06 19 1036 151.140 -24.484 9.0 2.90 MW GSQ
1979 06 22 1621 137.143 -29.231 1.5 2.60 MW ADE
1979 07 04 0918 139.185 -34.388 4.2 3.40 MW ADE
1979 07 11 0308 146.970 -35.700 14.0 2.60 MW CAN
1979 07 12 0406 149.171 -34.779 4.3 4.00 MW MEL
1979 07 19 0324 139.249 -31.512 5.9 2.70 MW ADE
1979 07 27 1435 148.140 -34.840 9.0 2.60 MW CAN
1979 08 01 0911 148.330 -34.280 0.0 2.60 MW CAN
1979 08 03 0019 138.631 -33.163 6.2 3.40 MW ADE
1979 08 13 1944 148.718 -36.373 2.0 2.80 MW CAN
1979 08 16 0527 151.270 -33.680 21.0 2.70 MW CAN
1979 08 31 0941 148.744 -36.363 2.0 2.70 MW CAN
1979 09 06 1307 152.980 -30.870 10.0 3.10 MW BMR
1979 09 07 0617 146.870 -35.720 0.0 2.60 MW CAN
1979 09 11 1043 139.161 -31.400 20.1 3.10 MW ADE
1979 09 12 0642 148.780 -35.200 23.0 3.10 MW CAN
1979 09 30 2255 145.849 -36.851 17.1 2.60 MW MEL
1979 10 01 0822 151.420 -32.830 0.0 2.80 MW CAN
1979 10 02 0216 139.221 -33.910 6.3 2.70 MW ADE
1979 10 19 1218 146.218 -34.608 16.6 3.10 MW MEL
1979 10 19 1420 150.220 -34.150 0.0 2.60 MW CAN
1979 10 23 1854 138.919 -32.381 0.0 2.70 MW ADE
1979 11 10 1610 143.654 -35.591 6.9 2.60 MW MEL
1979 11 12 2227 138.772 -31.633 16.8 3.00 MW ADE
1979 11 14 1608 147.240 -37.571 14.3 2.70 MW MEL
1979 11 16 0943 139.370 -31.782 3.5 2.70 MW ADE
1979 11 25 1953 147.994 -37.249 2.6 2.70 MW MEL
1979 11 30 2140 147.580 -33.390 48.0 2.70 MW CAN
1979 12 15 0951 148.690 -33.860 20.0 2.80 MW CAN
1979 12 18 2351 147.950 -35.770 12.0 2.70 MW CAN
1979 12 24 0733 146.255 -37.162 16.8 2.70 MW MEL
1980 01 01 0238 153.399 -25.680 0.0 2.80 MW GSQ
1980 01 03 1146 148.220 -34.010 20.0 2.70 MW CAN
1980 01 06 1803 139.211 -33.209 1.3 2.70 MW ADE
1980 01 13 1838 148.370 -33.930 13.0 2.80 MW CAN
1980 01 14 1058 147.050 -34.450 17.0 2.60 MW CAN
1980 01 18 2029 138.538 -33.437 16.7 2.60 MW ADE
1980 01 19 2015 150.464 -31.115 10.0 3.20 MW BRS
1980 02 04 2334 148.380 -33.470 15.0 2.70 MW CAN
1980 02 08 0442 150.537 -21.794 9.0 4.30 MW GSQ
1980 02 08 1940 141.620 -24.710 0.0 4.00 MW BMR
1980 02 15 2351 138.259 -31.488 12.0 3.40 MW ADE
1980 02 17 1639 145.510 -34.890 12.0 3.10 MW CAN
1980 02 24 0552 149.200 -34.780 16.0 2.90 MW CAN
1980 02 29 2228 138.323 -33.221 13.8 2.80 MW ADE
1980 03 04 2333 149.530 -33.380 20.0 2.80 MW CAN
1980 03 10 0431 147.480 -34.250 16.0 3.10 MW CAN
1980 03 16 0040 138.643 -31.807 1.9 2.80 MW ADE
1980 03 23 0213 137.427 -29.182 16.5 2.70 MW ADE
1980 03 27 1237 146.055 -38.000 14.4 2.70 MW MEL
1980 04 04 1142 144.177 -36.011 6.2 2.60 MW MEL
1980 04 06 0051 149.316 -28.788 0.0 3.50 MW GSQ
1980 04 22 0124 138.722 -32.027 12.1 3.70 MW ADE
1980 04 24 0417 150.090 -33.760 19.0 3.00 MW CAN
1980 04 26 2054 146.319 -34.773 2.0 2.90 MW MEL
1980 05 01 1816 141.489 -29.589 17.1 2.70 MW ADE
1980 05 01 2110 149.750 -32.890 13.0 3.70 MW CAN
1980 05 02 2225 149.240 -34.580 13.0 2.80 MW CAN
1980 05 12 0011 137.545 -29.208 10.2 2.60 MW ADE
1980 05 13 0149 139.137 -30.761 34.7 2.60 MW ADE
1980 05 13 2145 138.434 -31.309 18.2 2.90 MW ADE
1980 05 16 0941 148.390 -33.380 15.0 3.30 MW CAN
1980 05 21 0448 146.516 -37.945 14.9 4.00 MW MEL
1980 05 23 1746 149.130 -34.210 14.0 3.00 MW CAN
1980 05 27 0558 151.130 -33.250 10.0 2.60 MW CAN
1980 06 07 0700 149.190 -34.160 0.0 2.90 MW CAN
1980 06 27 1951 145.615 -37.876 14.2 2.60 MW MEL
1980 07 02 0313 149.226 -36.191 16.6 4.00 MW MEL
1980 07 07 1230 148.950 -34.510 19.0 3.50 MW CAN
1980 07 07 1509 148.670 -33.300 5.0 2.80 MW CAN
1980 07 14 0530 150.240 -34.530 22.0 2.90 MW CAN
1980 07 19 0051 148.810 -34.580 16.0 3.30 MW CAN
1980 07 22 0005 148.330 -35.750 15.0 2.60 MW CAN
1980 08 13 0605 151.490 -30.130 0.0 3.10 MW BRS
1980 08 19 1007 147.370 -35.820 20.0 2.70 MW CAN
1980 08 27 0302 149.230 -34.580 15.0 2.70 MW CAN
1980 08 30 1423 139.361 -31.761 8.0 4.10 MW ADE
1980 08 31 0430 149.210 -34.580 13.0 2.70 MW CAN
1980 09 04 2105 150.937 -29.126 1.0 4.30 MW BMR
1980 09 07 0955 150.810 -34.330 18.0 3.30 MW CAN
1980 09 11 2306 151.140 -33.170 62.0 2.70 MW CAN
1980 09 14 0219 149.230 -34.590 14.0 2.60 MW CAN
1980 09 15 0017 149.150 -34.520 20.0 3.00 MW CAN
1980 09 15 1913 148.330 -34.350 16.0 2.80 MW CAN
1980 09 17 0827 141.316 -32.196 7.1 2.60 MW ADE
1980 10 02 0234 149.240 -34.590 0.0 2.60 MW CAN
1980 10 02 0651 138.267 -32.317 19.8 2.60 MW ADE
1980 10 05 2011 141.929 -37.069 12.1 2.60 MW MEL
1980 10 17 0202 151.100 -33.370 24.0 2.70 MW CAN
1980 11 08 0317 138.595 -32.176 18.4 3.00 MW ADE
1980 11 12 0747 138.705 -33.171 0.0 2.60 MW ADE
1980 11 13 0856 138.825 -33.739 18.4 4.10 MW ADE
1980 12 02 0052 149.212 -28.370 9.0 3.60 MW GSQ
1980 12 10 0624 138.702 -31.308 22.9 3.10 MW ADE
1980 12 12 0734 148.602 -36.602 1.0 2.60 MW CAN
1980 12 15 1506 151.410 -32.760 16.0 3.40 MW CAN
1980 12 20 1753 138.129 -30.073 1.5 2.60 MW ADE
1980 12 22 0424 139.363 -31.787 9.3 2.80 MW ADE
1980 12 23 0003 149.240 -34.590 8.0 3.00 MW CAN
1980 12 27 0440 143.693 -35.537 17.2 3.40 MW MEL
1981 01 01 0900 149.200 -32.420 0.0 3.20 MW CAN
1981 01 03 2117 150.350 -30.530 0.0 3.10 MW BRS
1981 01 07 1714 145.949 -37.123 3.6 2.90 MW MEL
1981 01 11 1813 149.240 -34.590 16.0 3.00 MW CAN
1981 01 15 0629 139.459 -31.777 5.9 2.90 MW ADE
1981 01 18 1002 148.900 -34.280 11.0 2.60 MW CAN
1981 01 23 1600 147.229 -37.361 2.6 3.30 MW MEL
1981 01 27 1306 147.034 -36.103 2.6 3.20 MW MEL
1981 01 29 1630 138.267 -32.750 14.2 2.90 MW ADE
1981 01 30 1119 149.230 -34.580 10.0 2.90 MW CAN
1981 02 03 0512 151.970 -30.280 0.0 2.60 MW BRS
1981 02 25 1855 148.640 -34.520 13.0 2.60 MW CAN
1981 03 03 1811 144.495 -35.849 5.0 2.60 MW MEL
1981 03 07 0236 150.250 -32.470 15.0 2.70 MW CAN
1981 03 18 1126 149.000 -34.210 15.0 2.60 MW CAN
1981 03 24 1834 152.263 -27.655 19.7 2.60 MW GSQ
1981 04 05 1452 143.267 -35.860 12.3 2.70 MW MEL
1981 04 08 1730 138.761 -31.724 20.4 3.20 MW ADE
1981 04 15 0703 139.317 -30.821 11.0 2.60 MW ADE
1981 04 15 0753 139.317 -30.821 10.8 2.60 MW ADE
1981 05 10 1439 150.730 -26.330 19.0 3.80 MW BRS
1981 05 15 1707 148.760 -33.440 0.0 3.00 MW CAN
1981 06 20 1308 150.340 -34.160 21.0 3.50 MW CAN
1981 06 22 0617 138.569 -33.534 11.1 3.10 MW ADE
1981 06 27 2233 137.767 -29.747 4.4 2.60 MW ADE
1981 06 27 2323 148.540 -33.250 19.0 2.70 MW CAN
1981 07 01 1218 144.925 -36.470 0.0 2.80 MW MEL
1981 07 08 1143 148.730 -32.550 0.0 3.00 MW CAN
1981 07 15 0209 138.639 -31.366 23.6 3.70 MW ADE
1981 07 26 1705 148.820 -34.590 15.0 3.00 MW CAN
1981 07 27 0622 150.670 -34.690 13.0 2.60 MW CAN
1981 07 30 1510 151.240 -30.580 0.0 2.90 MW BRS
1981 08 01 1506 139.216 -33.965 8.4 2.80 MW ADE
1981 08 01 2016 138.749 -31.630 14.4 2.90 MW ADE
1981 08 20 0215 142.400 -30.574 32.2 2.60 MW ADE
1981 08 27 1919 138.125 -32.685 18.1 3.00 MW ADE
1981 08 27 1933 138.281 -32.760 14.9 3.00 MW ADE
1981 08 31 1935 138.923 -34.709 24.7 2.80 MW ADE
1981 09 05 0700 148.980 -34.210 12.0 2.90 MW CAN
1981 09 06 1927 149.407 -30.777 0.0 4.00 MW BMR
1981 09 21 1526 144.473 -35.759 8.0 3.40 MW MEL
1981 10 01 1717 138.703 -30.196 0.0 2.60 MW ADE
1981 10 02 1755 138.878 -32.476 6.8 3.90 MW ADE
1981 10 11 0926 151.750 -29.640 7.0 3.20 MW BRS
1981 10 15 0142 138.235 -32.736 14.1 2.90 MW ADE
1981 10 23 0046 151.300 -29.320 0.0 3.60 MW BRS
1981 11 05 0356 148.810 -36.239 0.0 2.80 MW CAN
1981 11 08 1039 149.220 -34.600 11.0 2.70 MW CAN
1981 11 11 1749 151.020 -30.260 7.0 3.60 MW BMR
1981 11 15 1658 150.847 -34.210 18.0 4.10 MW MEL
1981 11 25 1310 149.350 -31.340 0.0 3.60 MW CAN
1981 11 30 0209 148.312 -36.695 9.9 3.70 MW MEL
1981 12 07 1755 150.650 -32.650 29.0 3.40 MW CAN
1981 12 11 0517 137.963 -32.200 20.5 3.60 MW ADE
1981 12 15 0548 149.010 -35.030 15.0 3.00 MW CAN
1981 12 21 1151 147.780 -34.380 22.0 2.90 MW CAN
1981 12 22 1534 146.335 -17.572 8.7 3.20 MW GSQ
1981 12 26 1351 139.009 -32.284 0.0 3.10 MW ADE
1982 01 13 0657 138.972 -32.331 3.1 2.60 MW ADE
1982 01 16 1524 148.720 -34.340 16.0 2.80 MW CAN
1982 01 22 0726 148.768 -36.235 1.0 3.10 MW CAN
1982 01 25 1126 149.200 -28.470 10.0 3.00 MW BRS
1982 01 27 0641 145.700 -35.600 0.0 2.70 MW CAN
1982 02 06 0352 138.796 -34.542 30.4 2.70 MW ADE
1982 02 08 0138 139.082 -32.069 22.3 2.80 MW ADE
1982 02 13 0722 148.223 -36.371 0.0 3.30 MW CAN
1982 03 04 1001 151.280 -29.820 12.0 3.70 MW BRS
1982 03 06 1313 149.400 -28.300 10.0 2.80 MW BRS
1982 03 09 0009 147.904 -36.224 14.4 3.50 MW MEL
1982 03 13 2128 146.650 -33.900 0.0 3.30 MW CAN
1982 03 18 0630 151.150 -29.180 0.0 2.80 MW BRS
1982 03 21 0313 138.653 -31.715 20.1 2.90 MW ADE
1982 04 06 1241 145.161 -35.422 1.4 2.60 MW MEL
1982 04 09 2033 138.275 -30.509 7.0 2.60 MW ADE
1982 04 19 1558 138.610 -32.354 13.2 3.40 MW ADE
1982 04 19 2014 148.880 -33.110 15.0 3.40 MW CAN
1982 05 02 0956 148.250 -34.110 16.0 3.00 MW CAN
1982 05 02 1156 144.204 -35.981 6.7 3.10 MW MEL
1982 05 15 0118 145.870 -35.129 16.9 2.60 MW MEL
1982 05 16 0418 148.750 -34.160 11.0 2.80 MW CAN
1982 05 20 0736 147.237 -33.965 2.0 3.60 MW BMR
1982 05 30 0329 148.900 -34.700 0.0 2.60 MW CAN
1982 06 09 0432 151.570 -29.660 2.0 3.60 MW BRS
1982 06 13 1839 146.837 -36.894 6.0 2.60 MW MEL
1982 06 15 0925 146.983 -35.733 20.0 2.60 MW CAN
1982 06 18 1337 150.610 -33.500 20.0 2.80 MW CAN
1982 06 24 0314 149.180 -34.770 16.0 2.70 MW CAN
1982 06 26 0649 149.750 -32.450 0.0 2.80 MW CAN
1982 07 08 1432 138.628 -32.809 3.9 3.20 MW ADE
1982 07 15 0144 138.339 -31.048 17.7 3.80 MW ADE
1982 07 30 2317 149.370 -34.920 15.0 2.60 MW CAN
1982 08 09 0231 138.359 -33.131 23.1 2.60 MW ADE
1982 08 13 1226 149.210 -34.750 17.0 2.60 MW CAN
1982 09 02 0749 138.536 -29.956 30.5 3.10 MW ADE
1982 09 15 0433 150.870 -34.750 26.0 3.30 MW CAN
1982 09 18 1745 147.966 -37.015 3.0 2.70 MW MEL
1982 09 25 1611 147.210 -33.950 12.0 3.30 MW CAN
1982 09 29 1321 149.250 -34.570 16.0 3.00 MW CAN
1982 09 30 2221 146.522 -36.828 14.1 3.40 MW MEL
1982 10 09 1759 150.340 -33.640 12.0 2.70 MW CAN
1982 10 12 1326 148.740 -34.650 14.0 2.60 MW CAN
1982 10 27 0848 147.706 -34.908 17.2 3.20 MW MEL
1982 11 04 1837 148.900 -34.280 19.0 2.70 MW CAN
1982 11 05 0133 148.963 -34.901 6.5 3.00 MW MEL
1982 11 05 1033 148.840 -34.950 8.0 3.00 MW CAN
1982 11 07 0337 138.618 -31.265 21.0 3.30 MW ADE
1982 11 08 0132 149.080 -34.180 15.0 2.60 MW CAN
1982 11 21 1134 146.972 -37.211 14.5 5.40 MW MEL
1982 11 26 0011 147.338 -34.006 14.1 4.60 MW MEL
1982 12 16 0607 151.920 -28.800 10.0 2.80 MW BRS
1982 12 22 2102 146.363 -37.047 14.1 2.60 MW MEL
1982 12 24 0512 151.550 -29.650 10.0 3.10 MW BRS
1982 12 25 1648 151.900 -33.000 0.0 3.50 MW CAN
1983 01 11 2132 150.320 -36.160 19.0 2.70 MW CAN
1983 01 15 1645 148.580 -36.630 17.0 3.60 MW CAN
1983 01 28 2232 146.190 -34.720 34.0 3.10 MW CAN
1983 01 30 2118 151.356 -25.914 0.0 3.40 MW GSQ
1983 02 06 2313 151.330 -31.080 25.0 4.60 MW CAN
1983 02 08 1538 137.960 -32.501 7.5 2.60 MW ADE
1983 02 09 0429 151.760 -33.830 0.0 3.00 MW CAN
1983 02 20 2258 147.450 -34.180 0.0 2.70 MW CAN
1983 02 25 1955 139.271 -34.188 9.1 3.50 MW ADE
1983 02 26 0557 150.190 -36.390 15.0 2.90 MW CAN
1983 03 07 2326 148.984 -34.651 17.2 3.90 MW MEL
1983 03 08 0643 142.001 -29.982 5.7 3.10 MW ADE
1983 03 09 0751 148.810 -34.620 10.0 2.80 MW CAN
1983 03 19 0500 149.240 -32.880 0.0 4.10 MW CAN
1983 03 22 1339 150.400 -34.350 19.0 3.50 MW CAN
1983 03 23 2114 142.230 -37.533 14.2 3.20 MW MEL
1983 03 24 0653 149.220 -34.770 13.0 3.60 MW CAN
1983 03 25 1400 148.800 -36.280 12.0 2.60 MW CAN
1983 04 03 1631 148.876 -34.589 16.8 2.70 MW MEL
1983 04 08 1001 146.960 -34.360 19.0 3.00 MW CAN
1983 04 08 1933 142.068 -29.786 45.0 5.00 MW ISC
1983 04 12 0656 148.890 -34.330 10.0 3.00 MW CAN
1983 04 14 1516 150.600 -33.460 29.0 3.00 MW CAN
1983 04 15 0604 147.170 -33.970 12.0 3.20 MW CAN
1983 04 16 0320 151.050 -33.360 3.0 2.60 MW CAN
1983 04 17 1824 147.530 -34.250 21.0 2.70 MW CAN
1983 04 26 0905 146.800 -33.060 0.0 3.20 MW CAN
1983 04 29 0755 149.190 -34.740 17.0 2.80 MW CAN
1983 04 29 1651 151.390 -32.560 10.0 3.60 MW CAN
1983 05 08 1217 143.519 -34.451 17.2 3.70 MW MEL
1983 05 10 0923 146.000 -34.650 0.0 3.10 MW CAN
1983 05 11 1613 148.540 -33.630 15.0 2.90 MW CAN
1983 05 18 0842 150.650 -33.980 22.0 3.50 MW CAN
1983 05 19 2136 148.630 -34.580 16.0 2.60 MW CAN
1983 05 22 2106 144.500 -35.729 0.0 2.70 MW MEL
1983 05 30 1724 148.960 -34.550 0.0 2.70 MW CAN
1983 06 01 1857 150.450 -34.030 19.0 2.90 MW CAN
1983 06 07 0704 148.840 -34.510 14.0 2.60 MW CAN
1983 06 13 1927 148.400 -36.190 12.0 2.80 MW CAN
1983 06 15 1644 149.230 -34.200 15.0 2.60 MW CAN
1983 06 17 1545 149.230 -34.600 15.0 3.10 MW CAN
1983 06 20 1732 141.885 -30.453 16.6 4.00 MW MEL
1983 06 21 1956 137.116 -29.121 20.3 2.70 MW ADE
1983 06 28 1317 147.610 -34.320 20.0 2.90 MW CAN
1983 07 14 1702 150.380 -35.470 38.0 3.00 MW CAN
1983 07 29 1714 138.284 -33.039 15.6 3.10 MW ADE
1983 08 01 0336 146.290 -34.590 0.0 2.90 MW CAN
1983 08 05 1627 148.220 -34.360 11.0 2.70 MW CAN
1983 08 06 0831 148.540 -34.550 16.0 3.00 MW CAN
1983 08 12 0742 147.500 -32.300 0.0 3.30 MW CAN
1983 08 14 1043 148.930 -34.770 14.0 3.10 MW CAN
1983 08 18 1134 150.230 -33.420 19.0 2.90 MW CAN
1983 08 27 0832 148.760 -36.240 14.0 2.60 MW CAN
1983 08 30 0918 146.840 -34.340 0.0 2.60 MW CAN
1983 08 30 1638 138.652 -32.230 5.4 2.70 MW ADE
1983 08 31 0906 149.740 -35.290 20.0 2.60 MW CAN
1983 09 18 2026 138.408 -32.017 7.2 2.60 MW ADE
1983 09 21 2338 138.000 -29.827 1.5 2.70 MW ADE
1983 09 24 0725 150.130 -33.600 16.0 3.60 MW CAN
1983 09 27 0449 149.180 -34.770 0.0 2.80 MW CAN
1983 10 03 0754 139.512 -34.114 24.1 2.60 MW ADE
1983 10 05 2349 151.190 -30.360 0.0 4.00 MW BMR
1983 10 13 0542 144.196 -35.986 6.0 2.90 MW MEL
1983 10 14 0200 148.810 -34.470 0.0 2.60 MW CAN
1983 10 26 1159 147.340 -33.940 18.0 2.90 MW CAN
1983 10 29 1548 138.620 -31.386 16.1 2.80 MW ADE
1983 11 01 0050 150.450 -33.900 0.0 3.10 MW CAN
1983 11 11 0232 138.669 -31.479 18.5 3.70 MW ADE
1983 11 13 0642 146.799 -21.035 4.5 3.00 MW GSQ
1983 11 29 0949 149.240 -34.600 14.0 3.10 MW CAN
1983 12 07 2249 144.225 -36.004 6.2 2.60 MW MEL
1983 12 17 2050 139.354 -34.603 22.6 2.80 MW ADE
1983 12 19 0618 148.580 -34.736 12.3 3.80 MW MEL
1983 12 29 0453 149.150 -34.320 10.0 2.80 MW CAN
1983 12 29 1741 138.289 -30.755 20.0 4.30 MW ISC
1984 01 11 1048 138.715 -26.758 30.3 3.70 MW ADE
1984 01 14 0414 151.853 -26.508 0.3 2.70 MW GSQ
1984 01 15 0632 148.640 -33.690 16.0 3.20 MW CAN
1984 01 17 1509 151.440 -30.457 18.2 3.40 MW GSQ
1984 01 20 1527 149.170 -34.820 13.0 3.70 MW CAN
1984 01 30 0101 139.307 -31.743 30.9 2.80 MW ADE
1984 02 06 1443 147.436 -35.386 2.6 3.10 MW MEL
1984 02 08 1956 149.290 -34.910 12.0 3.00 MW CAN
1984 02 10 0303 148.310 -34.420 18.0 2.70 MW CAN
1984 02 25 1350 137.561 -29.797 10.4 3.00 MW ADE
1984 02 28 1659 148.642 -35.567 15.4 3.00 MW MEL
1984 02 29 0318 147.420 -35.380 14.0 2.80 MW CAN
1984 03 05 1447 149.260 -36.410 18.0 3.00 MW CAN
1984 03 14 0453 149.290 -34.690 14.0 3.00 MW CAN
1984 03 17 0423 139.158 -33.287 10.0 3.50 MW ADE
1984 03 23 0840 138.419 -32.009 7.7 2.90 MW ADE
1984 04 12 2333 149.520 -35.400 17.0 2.90 MW CAN
1984 04 14 1638 151.400 -32.800 0.0 2.70 MW CAN
1984 04 15 0410 148.830 -33.570 19.0 3.00 MW CAN
1984 04 19 0650 146.521 -21.766 13.5 2.80 MW GSQ
1984 06 03 0325 138.490 -30.450 0.0 3.40 MW BMR
1984 06 04 1948 149.169 -34.798 8.1 3.30 MW MEL
1984 06 22 1348 148.680 -34.350 16.0 2.90 MW CAN
1984 07 03 1950 148.870 -34.900 16.0 2.80 MW CAN
1984 07 10 1413 138.918 -32.331 4.4 2.70 MW ADE
1984 07 15 2302 149.700 -33.890 21.0 2.80 MW CAN
1984 07 17 1418 151.233 -30.508 1.0 2.90 MW GSQ
1984 07 20 2118 149.330 -34.600 0.0 2.60 MW CAN
1984 07 20 2156 151.340 -32.590 0.0 3.40 MW BMR
1984 07 26 0339 138.546 -31.929 19.6 2.60 MW ADE
1984 07 28 0518 148.900 -35.100 10.0 3.40 MW CAN
1984 07 29 1806 144.232 -36.023 9.3 3.00 MW MEL
1984 08 09 0630 149.129 -34.797 15.6 4.30 MW MEL
1984 08 21 1345 138.669 -30.484 30.3 3.00 MW ADE
1984 09 08 1853 147.320 -33.740 18.0 2.90 MW CAN
1984 09 22 0052 139.250 -30.153 1.1 2.60 MW ADE
1984 10 06 1158 137.917 -29.974 6.3 2.60 MW ADE
1984 10 11 0658 148.630 -32.930 0.0 2.80 MW CAN
1984 10 30 0629 151.965 -26.313 6.5 4.20 MW BRS
1984 11 04 0950 149.500 -31.800 0.0 2.90 MW CAN
1984 11 07 1819 149.120 -34.775 13.6 3.70 MW MEL
1984 11 24 2248 150.703 -24.698 30.0 3.70 MW GSQ
1984 11 27 0632 139.220 -31.215 19.3 3.10 MW ADE
1984 12 08 0535 148.600 -36.370 21.0 2.70 MW CAN
1984 12 30 0413 138.218 -30.994 14.7 2.80 MW ADE
1985 01 11 0031 148.570 -34.300 15.0 2.60 MW CAN
1985 01 27 0403 152.292 -24.507 8.3 3.10 MW GSQ
1985 01 30 2041 140.940 -26.583 0.0 3.10 MW BMR
1985 02 04 2051 148.416 -35.883 12.0 2.90 MW CAN
1985 02 13 0801 150.204 -33.448 14.6 4.30 MW MEL
1985 02 21 0917 149.160 -34.800 0.0 2.60 MW CAN
1985 02 25 1443 149.170 -34.780 0.0 2.60 MW CAN
1985 03 09 1214 149.170 -34.780 8.0 3.10 MW CAN
1985 03 24 0316 149.190 -34.770 14.0 3.00 MW CAN
1985 04 05 0815 149.180 -34.770 14.0 3.20 MW CAN
1985 04 07 1015 149.160 -34.230 12.0 2.80 MW CAN
1985 04 11 1823 139.497 -34.741 15.7 2.90 MW ADE
1985 04 24 0112 148.350 -34.380 14.0 3.00 MW CAN
1985 04 26 0841 147.380 -33.970 16.0 2.80 MW CAN
1985 04 27 0415 148.910 -34.290 12.0 2.80 MW CAN
1985 05 06 0602 150.240 -34.550 25.0 2.60 MW CAN
1985 05 07 1310 148.330 -35.750 15.0 2.60 MW CAN
1985 05 10 1802 148.630 -36.380 18.0 2.80 MW CAN
1985 05 12 0055 149.240 -34.860 16.0 2.80 MW CAN
1985 05 23 1114 144.587 -36.937 6.8 2.70 MW MEL
1985 05 26 0458 149.350 -34.940 9.0 3.00 MW CAN
1985 05 28 0400 139.372 -31.792 6.8 3.60 MW ADE
1985 06 05 2107 149.372 -27.979 3.0 3.90 MW GSQ
1985 06 18 2256 145.860 -37.553 15.3 3.10 MW MEL
1985 06 25 2155 142.284 -36.982 13.8 3.40 MW MEL
1985 07 01 0039 138.339 -31.981 10.6 3.30 MW ADE
1985 07 04 2111 138.751 -31.430 0.5 3.00 MW ADE
1985 07 14 2353 149.840 -34.760 19.0 2.90 MW CAN
1985 07 21 1517 149.230 -34.600 9.0 2.70 MW CAN
1985 07 27 1643 148.483 -19.281 5.0 3.50 MW GSQ
1985 07 28 0313 151.711 -24.336 9.0 3.00 MW GSQ
1985 07 29 1434 151.040 -34.800 18.0 2.60 MW CAN
1985 08 02 1216 149.203 -19.443 9.8 4.70 MW GSQ
1985 08 05 0838 147.586 -36.703 14.5 3.70 MW MEL
1985 08 09 0444 139.334 -31.795 7.3 4.00 MW ADE
1985 08 12 0702 149.259 -28.709 0.0 4.50 MW ISC
1985 08 18 0503 148.740 -34.250 17.0 3.00 MW CAN
1985 08 20 0655 150.592 -30.258 10.0 3.40 MW GSQ
1985 08 20 1540 139.369 -33.831 9.5 3.00 MW ADE
1985 08 21 1654 148.730 -34.370 16.0 2.70 MW CAN
1985 08 22 1416 152.727 -32.489 12.0 3.50 MW GSQ
1985 08 25 0101 149.120 -34.800 18.0 2.80 MW CAN
1985 08 26 2259 141.932 -30.644 38.0 3.00 MW ADE
1985 09 18 0605 147.270 -33.900 15.0 3.20 MW CAN
1985 09 22 0947 141.518 -30.337 30.0 3.30 MW BMR
1985 10 02 1231 149.280 -32.280 0.0 3.00 MW CAN
1985 10 04 0819 150.210 -34.510 33.0 2.60 MW CAN
1985 10 09 1829 146.740 -33.070 0.0 2.70 MW CAN
1985 10 14 0746 148.915 -28.572 10.0 2.80 MW GSQ
1985 10 27 2037 149.690 -34.620 15.0 2.70 MW CAN
1985 11 06 2138 149.220 -34.780 1.0 2.80 MW CAN
1985 11 10 2208 138.386 -32.740 20.4 3.70 MW ADE
1985 11 19 0439 139.062 -32.703 6.0 2.90 MW ADE
1985 11 21 0735 138.648 -33.169 4.6 2.70 MW ADE
1985 11 25 2210 149.080 -34.470 21.0 2.70 MW CAN
1985 12 02 0619 151.725 -25.392 10.0 3.20 MW GSQ
1985 12 08 1203 148.780 -36.270 23.0 2.60 MW CAN
1985 12 17 1359 149.140 -34.220 17.0 2.80 MW CAN
1985 12 20 1922 150.909 -30.478 9.9 3.20 MW GSQ
1985 12 27 2315 148.720 -36.340 17.0 2.60 MW CAN
1986 01 04 0626 138.718 -31.542 6.0 3.40 MW ISC
1986 01 07 1006 149.190 -34.790 15.0 3.10 MW CAN
1986 01 08 0955 152.526 -27.076 8.7 3.20 MW GSQ
1986 01 09 0319 137.732 -30.012 25.4 2.60 MW ADE
1986 01 14 1411 138.600 -31.613 16.8 3.20 MW ADE
1986 02 03 1705 138.597 -31.633 19.3 2.80 MW ADE
1986 02 08 0055 148.606 -36.363 4.0 2.70 MW BMR
1986 02 20 2143 150.580 -33.296 11.8 4.00 MW MEL
1986 02 28 0935 148.790 -34.260 18.0 2.70 MW CAN
1986 03 13 0950 146.833 -36.598 6.3 3.10 MW MEL
1986 04 10 1853 144.851 -35.798 5.4 4.20 MW MEL
1986 04 14 2005 146.686 -36.627 3.6 2.70 MW MEL
1986 04 16 0505 148.570 -34.420 14.0 2.80 MW CAN
1986 04 24 0443 143.379 -36.147 0.8 3.10 MW MEL
1986 04 26 2308 151.288 -30.364 10.0 2.80 MW GSQ
1986 05 05 1642 149.620 -33.520 8.0 2.60 MW CAN
1986 05 08 0818 138.229 -32.724 15.2 3.20 MW ADE
1986 05 15 2354 148.830 -34.100 15.0 2.80 MW CAN
1986 05 19 0046 152.816 -27.276 10.5 2.60 MW GSQ
1986 05 20 1358 138.555 -32.610 9.4 2.90 MW ADE
1986 05 28 0634 138.885 -34.090 27.2 2.70 MW ADE
1986 05 31 1458 139.096 -35.145 15.1 2.70 MW ADE
1986 06 23 0629 149.858 -34.922 15.0 2.80 MW BMR
1986 06 27 0130 140.195 -25.515 4.8 3.30 MW ADE
1986 07 07 0627 151.188 -29.914 0.0 3.10 MW GSQ
1986 07 14 1036 144.210 -35.990 10.9 3.10 MW MEL
1986 07 29 1442 149.162 -34.780 4.0 2.60 MW BMR
1986 08 01 0757 149.993 -36.426 14.0 2.60 MW BMR
1986 08 03 0547 143.543 -34.366 17.2 2.80 MW MEL
1986 08 24 0819 146.578 -37.982 15.6 3.10 MW MEL
1986 08 25 1719 138.116 -32.462 11.1 2.60 MW ADE
1986 08 26 1953 139.413 -33.840 9.3 2.60 MW ADE
1986 08 30 1059 150.970 -34.440 18.0 2.70 MW CAN
1986 08 31 1753 151.240 -30.260 9.0 3.30 MW GSQ
1986 09 09 1752 138.545 -30.357 3.2 2.60 MW ADE
1986 09 09 1754 138.724 -30.293 34.4 2.70 MW ADE
1986 09 20 1605 146.555 -37.971 13.7 2.60 MW MEL
1986 09 22 1421 145.566 -34.264 17.2 4.00 MW MEL
1986 09 25 1422 143.858 -22.626 0.2 3.10 MW GSQ
1986 10 16 1053 147.370 -33.000 0.0 2.80 MW CAN
1986 10 19 1552 150.156 -33.531 0.0 2.70 MW BMR
1986 12 05 1410 148.200 -32.060 0.0 2.90 MW CAN
1986 12 07 1216 149.320 -35.940 18.0 2.70 MW CAN
1986 12 12 1502 149.010 -34.350 7.0 2.90 MW CAN
1986 12 16 0428 136.652 -35.969 1.0 4.60 MW ISC
1987 01 16 1308 148.280 -36.270 12.0 3.00 MW CAN
1987 02 08 0049 152.543 -29.083 6.7 2.90 MW GSQ
1987 03 13 0452 137.881 -29.736 32.6 2.70 MW ADE
1987 04 01 0726 151.271 -25.934 0.0 2.80 MW GSQ
1987 04 02 0512 150.370 -34.160 22.0 2.70 MW CAN
1987 04 03 0358 150.140 -33.270 1.0 2.80 MW CAN
1987 04 09 1038 151.017 -30.867 10.0 3.40 MW GSQ
1987 05 15 1930 146.393 -37.806 2.2 2.70 MW MEL
1987 05 28 2318 146.250 -38.054 14.4 2.90 MW MEL
1987 05 30 1444 146.554 -37.947 17.0 4.00 MW MEL
1987 06 13 0434 149.696 -36.605 15.9 2.60 MW MEL
1987 06 24 1504 150.105 -33.401 5.1 5.00 MW MEL
1987 06 26 2328 149.197 -34.755 4.0 3.10 MW BMR
1987 07 03 0742 150.190 -34.500 5.0 2.60 MW CAN
1987 08 11 1045 149.210 -34.370 11.0 2.80 MW CAN
1987 08 19 0325 138.515 -30.239 11.0 3.20 MW BMR
1987 08 26 0138 151.168 -32.732 0.0 3.30 MW BMR
1987 09 04 0715 152.585 -32.088 0.0 3.40 MW BMR
1987 09 15 0237 145.929 -37.496 5.5 2.90 MW MEL
1987 09 27 1601 147.825 -19.304 9.0 4.60 MW BMR
1987 09 28 1937 150.641 -29.394 0.0 3.40 MW GSQ
1987 10 01 0013 139.196 -33.457 15.8 3.00 MW ADE
1987 10 19 0629 149.340 -34.900 5.0 2.60 MW CAN
1987 11 04 1933 150.611 -24.708 9.5 2.90 MW GSQ
1987 11 10 1147 150.978 -29.739 10.0 2.60 MW GSQ
1987 11 11 0052 149.211 -37.622 11.2 3.10 MW MEL
1987 11 30 1954 138.982 -31.219 24.8 2.60 MW ADE
1987 12 16 0455 142.801 -24.864 10.0 4.10 MW ISC
1987 12 22 1202 138.073 -32.706 12.5 3.00 MW ADE
1987 12 22 1506 141.479 -36.158 15.7 4.90 MW GG
1987 12 23 0205 148.540 -35.850 21.0 2.70 MW CAN
1987 12 25 1701 138.749 -31.767 21.2 2.70 MW ADE
1988 01 06 0129 138.029 -32.696 15.6 2.90 MW ADE
1988 01 07 0113 138.757 -33.701 21.6 3.00 MW ADE
1988 01 15 1025 148.912 -29.723 5.0 3.20 MW BMR
1988 02 13 1038 148.780 -34.330 12.0 2.70 MW CAN
1988 02 23 2156 145.605 -31.472 8.0 2.90 MW BMR
1988 02 26 1346 149.071 -19.490 4.0 3.30 MW GSQ
1988 03 14 1847 149.430 -33.040 0.0 2.60 MW CAN
1988 03 31 1757 142.083 -29.080 4.0 2.70 MW BMR
1988 04 07 2257 145.925 -37.036 13.4 3.00 MW MEL
1988 04 09 0122 149.667 -32.239 10.0 3.90 MW USGS
1988 04 09 2002 150.060 -33.670 17.0 2.80 MW CAN
1988 04 19 0623 149.321 -37.610 3.6 3.20 MW MEL
1988 04 20 0719 147.770 -34.760 20.0 2.60 MW CAN
1988 04 21 1645 144.463 -35.670 7.5 3.20 MW MEL
1988 04 30 1700 149.906 -33.528 10.0 3.20 MW MEL
1988 05 10 0640 149.343 -37.785 11.6 3.20 MW MEL
1988 05 16 1152 149.140 -34.190 12.0 2.60 MW CAN
1988 05 22 1700 149.297 -36.368 8.0 2.60 MW BMR
1988 06 22 0631 140.128 -26.514 0.0 3.20 MW BMR
1988 06 23 1218 138.521 -30.792 9.6 2.60 MW ADE
1988 07 03 0823 144.496 -35.672 3.6 4.00 MW MEL
1988 08 03 0739 138.921 -29.832 12.9 2.80 MW ADE
1988 08 06 2015 144.516 -35.724 3.3 2.70 MW MEL
1988 08 14 2323 152.333 -27.561 9.6 4.00 MW BRS
1988 08 22 0054 141.751 -29.964 4.6 2.90 MW ADE
1988 08 23 1807 151.483 -32.901 5.0 2.80 MW BMR
1988 08 25 0139 138.592 -31.660 14.2 3.00 MW ADE
1988 09 07 0707 141.640 -31.427 26.0 3.50 MW BMR
1988 09 11 0328 138.827 -31.631 8.3 2.80 MW ADE
1988 10 24 1155 138.686 -31.474 15.9 3.20 MW ADE
1988 10 29 2052 151.291 -24.913 10.0 3.20 MW GSQ
1988 11 06 1136 142.913 -36.499 3.6 2.90 MW MEL
1988 12 06 0724 152.393 -26.432 5.0 2.60 MW BMR
1988 12 20 1144 149.207 -33.613 14.0 2.80 MW BMR
1988 12 25 0527 144.147 -35.986 9.9 2.70 MW MEL
1989 01 05 2048 147.171 -33.842 5.4 3.90 MW MEL
1989 01 11 0551 138.985 -33.281 11.8 2.70 MW ADE
1989 01 20 1741 144.411 -35.637 11.2 2.90 MW MEL
1989 01 23 1656 148.790 -33.260 0.0 2.70 MW CAN
1989 02 13 0747 149.090 -33.360 0.0 2.70 MW CAN
1989 03 03 1210 137.972 -29.540 23.0 2.60 MW ADE
1989 03 26 1418 151.205 -21.390 19.0 3.50 MW GSQ
1989 04 18 0351 148.586 -36.416 11.0 3.70 MW MEL
1989 04 18 1651 147.270 -33.830 0.0 2.80 MW CAN
1989 05 03 0432 138.398 -32.720 20.8 2.60 MW ADE
1989 05 03 0606 139.014 -31.520 16.8 3.20 MW ADE
1989 05 13 0217 147.000 -30.362 15.0 3.00 MW BMR
1989 05 23 1208 143.978 -28.843 5.0 4.00 MW BMR
1989 05 24 1938 144.441 -35.684 5.5 2.80 MW MEL
1989 06 01 2353 139.678 -33.849 12.9 2.80 MW ADE
1989 06 19 1814 138.196 -29.861 16.0 2.60 MW ADE
1989 06 20 1927 151.308 -30.321 10.0 2.60 MW GSQ
1989 06 26 1118 138.546 -31.438 14.5 3.70 MW ADE
1989 07 08 1201 148.890 -34.160 10.0 2.90 MW CAN
1989 07 12 0830 150.292 -24.805 0.0 2.90 MW GSQ
1989 07 15 0306 144.501 -35.730 8.6 3.20 MW MEL
1989 07 26 2349 139.711 -29.376 23.3 3.10 MW ADE
1989 08 08 0654 141.152 -27.923 6.7 3.20 MW ADE
1989 08 25 1509 144.588 -36.184 21.4 3.20 MW MEL
1989 09 21 0709 147.133 -33.674 8.2 2.70 MW MEL
1989 09 28 2030 149.540 -32.930 0.0 2.60 MW CAN
1989 10 07 0045 145.573 -36.815 8.5 2.80 MW MEL
1989 10 14 0146 147.239 -33.932 0.0 3.10 MW BMR
1989 10 15 1135 138.668 -32.272 15.0 3.00 MW ADE
1989 11 08 2102 150.478 -29.824 10.0 3.00 MW BRS
1989 11 14 0830 149.176 -34.750 5.0 3.20 MW BMR
1989 11 16 1043 146.349 -17.463 18.9 4.50 MW GSQ
1989 11 19 1200 148.763 -19.358 10.3 2.90 MW GSQ
1989 11 19 1237 148.991 -19.790 3.9 2.90 MW GSQ
1989 12 16 0028 150.670 -34.700 23.0 3.30 MW AGSO
1989 12 27 2326 151.610 -32.952 10.5 5.42 MW MEL
1989 12 31 1835 147.112 -33.708 11.4 2.80 MW MEL
1990 01 13 1555 149.176 -34.752 0.0 3.50 MW MEL
1990 01 19 1621 139.361 -33.802 7.5 2.80 MW ADE
1990 01 23 0731 152.613 -24.676 7.9 2.80 MW GSQ
1990 02 11 0912 142.664 -31.214 6.2 2.70 MW ADE
1990 02 16 0316 142.668 -37.320 16.2 2.60 MW MEL
1990 03 04 0237 147.430 -33.960 0.0 2.70 MW CAN
1990 03 05 0655 139.047 -33.047 6.6 3.00 MW ADE
1990 03 12 0117 150.923 -20.142 5.0 3.00 MW GSQ
1990 03 30 1133 150.830 -34.250 0.0 3.00 MW CAN
1990 03 31 2018 138.927 -32.223 2.0 2.60 MW ADE
1990 04 01 1204 149.738 -36.662 5.6 2.90 MW MEL
1990 04 05 1002 138.511 -31.108 15.8 2.90 MW ADE
1990 04 10 0627 138.130 -29.300 9.3 2.60 MW ADE
1990 04 15 1743 149.197 -34.761 3.6 2.90 MW MEL
1990 04 27 1602 147.247 -27.499 10.0 3.00 MW GSQ
1990 05 06 1003 139.346 -33.895 8.2 3.10 MW ADE
1990 05 11 0222 146.368 -37.759 2.7 3.00 MW MEL
1990 05 13 0535 146.144 -17.292 7.6 4.30 MW GSQ
1990 05 28 0336 152.350 -25.670 5.0 3.40 MW AGSO
1990 06 02 0549 138.055 -34.600 10.9 2.60 MW ADE
1990 06 09 0406 147.822 -23.364 19.0 2.90 MW GSQ
1990 06 11 1508 138.446 -33.699 18.4 2.70 MW ADE
1990 06 11 2028 144.551 -34.932 10.0 2.80 MW MEL
1990 06 13 2023 138.318 -33.160 14.6 3.00 MW ADE
1990 08 03 1206 149.262 -28.580 10.0 2.80 MW GSQ
1990 08 20 1356 138.706 -31.115 10.9 2.80 MW ADE
1990 08 21 1049 138.691 -32.016 6.1 2.60 MW ADE
1990 08 23 0740 138.276 -31.892 1.8 2.60 MW ADE
1990 09 13 1749 148.780 -34.060 5.0 3.00 MW AUST
1990 09 13 1928 149.320 -32.670 0.0 3.30 MW CAN
1990 11 03 1949 149.160 -23.402 8.0 2.70 MW GSQ
1990 11 03 2001 147.091 -18.479 10.7 2.60 MW GSQ
1990 11 14 1856 150.808 -30.430 10.0 3.70 MW GSQ
1990 11 18 1642 138.208 -30.522 18.0 2.60 MW ADE
1990 11 26 0832 148.752 -34.071 8.5 2.70 MW MEL
1990 12 03 1318 139.260 -31.565 4.5 4.20 MW ADE
1990 12 13 0628 138.987 -33.017 6.0 2.90 MW ADE
1991 01 04 0247 146.732 -28.930 10.0 3.60 MW GSQ
1991 01 10 0407 138.185 -32.335 26.9 3.10 MW ADE
1991 01 14 1443 151.550 -30.630 10.0 3.10 MW BMR
1991 01 23 0426 149.067 -34.183 1.4 3.20 MW MEL
1991 02 23 1249 148.933 -34.418 22.1 2.70 MW MEL
1991 04 06 0144 149.814 -20.499 8.0 3.20 MW GSQ
1991 04 13 0328 150.264 -20.429 8.0 2.70 MW GSQ
1991 05 03 1728 144.086 -36.898 1.4 3.50 MW MEL
1991 05 05 1426 139.203 -31.028 2.7 3.10 MW ADE
1991 05 11 0904 140.053 -36.427 9.9 3.00 MW ADE
1991 05 16 1443 139.005 -32.342 10.0 2.60 MW ADE
1991 05 20 1336 148.850 -34.055 11.8 3.50 MW MEL
1991 05 21 0324 151.431 -30.183 2.7 2.70 MW BRS
1991 06 10 1200 150.658 -23.609 0.5 2.90 MW GSQ
1991 06 23 0830 147.560 -36.556 15.9 2.70 MW MEL
1991 08 13 0051 137.993 -36.668 9.7 2.70 MW ADE
1991 08 17 0628 139.085 -34.365 12.9 3.70 MW ADE
1991 08 22 1705 141.594 -35.018 9.2 2.60 MW MEL
1991 08 27 0243 151.500 -32.500 0.0 2.90 MW MEL
1991 09 02 2213 138.998 -32.724 2.8 3.70 MW ADE
1991 09 11 0536 148.895 -19.712 8.8 3.20 MW GSQ
1991 09 24 0436 149.051 -27.890 7.6 4.10 MW GSQ
1991 10 01 0333 150.543 -25.702 10.0 2.60 MW BRS
1991 10 07 2310 140.557 -32.541 10.4 2.80 MW ADE
1991 11 03 1155 138.712 -33.169 13.0 2.80 MW ADE
1991 11 22 0711 146.144 -36.618 10.1 3.20 MW MEL
1991 11 22 1739 151.698 -26.127 3.0 2.90 MW GSQ
1991 11 24 0801 149.148 -34.730 10.0 3.00 MW MEL
1991 11 29 0945 138.359 -31.527 8.5 3.50 MW ADE
1991 12 01 1813 152.502 -26.527 2.4 3.60 MW BRS
1991 12 14 1346 151.833 -22.378 8.0 2.60 MW GSQ
1991 12 26 0006 138.824 -31.360 6.4 2.60 MW ADE
1991 12 28 1805 142.734 -37.693 0.6 2.60 MW MEL
1992 01 21 1100 148.584 -33.071 3.9 2.80 MW MEL
1992 01 23 0733 138.358 -31.566 4.2 2.60 MW ADE
1992 02 09 1043 146.527 -37.158 9.8 2.60 MW MEL
1992 03 20 1554 148.417 -33.950 10.0 2.60 MW MEL
1992 03 28 1122 147.387 -37.570 8.5 2.60 MW MEL
1992 05 10 0159 148.284 -34.377 3.8 2.80 MW MEL
1992 05 27 1017 138.487 -33.076 2.2 2.90 MW ADE
1992 06 05 0020 148.340 -34.398 5.7 2.70 MW MEL
1992 06 11 1914 138.267 -33.167 5.0 3.10 MW ADE
1992 07 02 1845 149.231 -34.753 5.1 3.00 MW MEL
1992 07 24 0204 149.702 -32.145 2.0 2.60 MW MEL
1992 07 28 0933 138.783 -31.221 13.2 3.80 MW ADE
1992 07 30 0823 149.609 -19.444 4.6 3.10 MW GSQ
1992 08 04 0454 148.971 -34.538 3.6 2.80 MW MEL
1992 08 04 0953 151.716 -21.429 8.0 2.60 MW GSQ
1992 08 17 2001 138.556 -33.905 11.4 3.20 MW ADE
1992 08 19 1118 151.366 -30.243 0.0 3.10 MW GSQ
1992 08 22 0250 149.995 -37.788 15.2 3.80 MW MEL
1992 09 01 1104 138.659 -31.758 10.2 2.60 MW ADE
1992 09 02 0439 150.594 -32.095 10.0 2.70 MW MEL
1992 09 02 1051 150.034 -33.772 9.6 2.80 MW MEL
1992 09 08 0710 138.365 -36.786 10.0 2.70 MW ADE
1992 10 10 1919 138.431 -30.839 14.4 2.90 MW ADE
1992 10 11 0203 147.508 -34.367 17.2 3.70 MW MEL
1992 10 14 2100 149.378 -36.459 7.0 2.60 MW MEL
1992 11 25 2127 151.563 -25.707 1.2 2.60 MW GSQ
1992 11 30 0336 151.408 -30.261 8.0 3.20 MW BRS
1992 12 12 0502 148.704 -34.376 2.1 3.50 MW MEL
1992 12 15 0135 138.347 -31.534 7.9 3.20 MW ADE
1992 12 17 1803 138.996 -33.030 6.5 3.80 MW ADE
1992 12 21 2218 151.436 -30.264 8.0 3.00 MW BRS
1993 01 17 1023 138.564 -35.553 11.6 2.80 MW ADE
1993 02 09 1435 147.402 -35.502 12.6 2.80 MW MEL
1993 02 09 1534 139.016 -30.985 11.5 2.80 MW ADE
1993 02 23 2112 149.773 -19.755 8.0 2.60 MW BRS
1993 03 08 0404 139.149 -33.672 12.3 2.70 MW ADE
1993 03 10 2033 148.280 -36.156 10.0 2.60 MW MEL
1993 03 19 1315 138.649 -31.386 12.5 2.60 MW ADE
1993 03 21 0703 150.670 -29.870 0.0 2.80 MW AGSO
1993 04 20 1446 138.909 -33.035 8.4 3.30 MW ADE
1993 05 08 1119 138.158 -31.896 7.9 2.90 MW ADE
1993 05 10 0821 138.261 -32.865 18.1 3.10 MW ADE
1993 05 22 0005 151.320 -32.863 0.0 3.10 MW MEL
1993 06 12 2111 148.682 -34.260 2.0 2.60 MW MEL
1993 06 24 0659 139.145 -31.597 11.0 2.90 MW ADE
1993 07 17 0415 148.643 -34.471 0.2 2.60 MW MEL
1993 08 03 0237 139.293 -34.615 16.6 2.60 MW ADE
1993 08 03 0744 149.193 -34.538 15.2 2.70 MW MEL
1993 08 13 0036 139.025 -33.073 2.9 2.80 MW ADE
1993 08 18 1110 149.299 -34.632 3.6 2.60 MW MEL
1993 09 05 1018 139.010 -31.414 16.1 2.70 MW ADE
1993 09 23 1151 147.402 -34.186 10.0 2.80 MW MEL
1993 09 24 1819 138.357 -32.437 1.7 2.80 MW ADE
1993 09 29 1749 140.448 -26.115 5.0 2.70 MW AUST
1993 10 11 0423 146.888 -37.317 15.3 2.90 MW MEL
1993 10 19 1551 150.516 -30.552 0.0 2.90 MW BRS
1993 10 23 0150 149.061 -33.050 4.8 2.80 MW MEL
1993 10 28 1658 138.960 -33.725 8.3 2.90 MW ADE
1993 11 04 0356 149.404 -32.669 3.6 2.90 MW MEL
1993 11 07 1920 137.726 -29.710 9.9 2.60 MW ADE
1993 12 17 1918 145.993 -36.405 3.6 2.90 MW MEL
1993 12 18 2116 148.649 -36.313 9.1 2.90 MW MEL
1994 03 06 0736 149.236 -28.605 7.4 2.60 MW BRS
1994 03 27 0130 149.587 -24.524 8.0 2.80 MW BRS
1994 04 03 1924 146.372 -17.186 17.8 3.40 MW BRS
1994 04 17 1258 138.973 -33.035 8.3 3.00 MW ADE
1994 05 21 0859 146.962 -36.034 3.0 3.17 MW MEL
1994 06 09 1408 141.986 -32.131 12.3 2.90 MW ADE
1994 06 17 1152 148.867 -20.208 4.1 3.40 MW BRS
1994 06 19 0224 138.363 -33.168 11.4 3.20 MW ADE
1994 06 24 0559 138.640 -30.647 12.6 2.90 MW ADE
1994 06 24 1653 139.572 -28.280 12.5 2.70 MW ADE
1994 07 04 1829 147.173 -37.417 13.9 2.80 MW MEL
1994 07 08 1840 138.913 -30.556 13.7 3.30 MW ADE
1994 07 09 1430 144.997 -31.996 6.3 4.20 MW MEL
1994 07 17 1135 151.444 -29.992 8.0 3.00 MW BRS
1994 07 20 1505 138.872 -33.829 15.2 2.80 MW ADE
1994 08 06 1103 151.292 -32.917 0.6 4.71 MW MEL
1994 08 10 2037 139.150 -34.161 17.7 3.20 MW ADE
1994 08 21 0553 148.361 -33.423 0.7 4.10 MW MEL
1994 09 01 0820 148.315 -35.348 5.6 2.70 MW MEL
1994 09 04 0108 144.502 -16.987 0.0 4.00 MW AGSO
1994 09 04 2144 137.987 -30.302 7.5 3.00 MW ADE
1994 09 12 2123 138.969 -33.032 5.0 2.60 MW ADE
1994 09 18 0408 148.199 -33.834 1.6 2.80 MW MEL
1994 09 27 0758 148.646 -36.219 9.5 3.10 MW MEL
1994 10 07 0049 150.691 -34.423 2.0 2.80 MW MEL
1994 11 06 2330 138.097 -32.248 15.4 2.60 MW ADE
1994 11 18 1210 146.004 -37.278 9.1 2.80 MW MEL
1994 11 30 1953 138.157 -30.402 5.1 4.20 MW ADE
1995 01 02 1620 148.693 -35.297 0.8 2.60 MW MEL
1995 01 05 0222 148.764 -34.314 1.2 2.60 MW MEL
1995 01 12 1250 151.078 -30.083 2.4 3.10 MW BRS
1995 01 14 0223 145.980 -30.815 10.0 3.60 MW MEL
1995 01 18 1824 150.755 -30.125 8.0 2.70 MW BRS
1995 01 31 2120 148.271 -34.391 0.0 2.80 MW MEL
1995 02 09 0410 139.499 -34.515 15.3 3.20 MW ADE
1995 03 01 1710 149.535 -31.874 5.2 2.60 MW MEL
1995 03 02 1932 148.355 -33.422 1.5 2.70 MW MEL
1995 03 12 1136 138.354 -32.623 10.4 2.90 MW ADE
1995 03 16 1231 148.242 -36.279 0.7 3.10 MW MEL
1995 03 17 0803 146.463 -17.982 10.0 3.60 MW BRS
1995 03 26 0653 147.233 -35.958 3.7 3.19 MW MEL
1995 04 11 1549 138.905 -31.251 5.4 3.00 MW ADE
1995 04 13 0532 147.348 -35.727 4.5 2.60 MW MEL
1995 04 26 0740 138.475 -33.433 6.1 2.60 MW ADE
1995 05 03 0424 150.249 -33.186 10.7 3.23 MW MEL
1995 05 20 1129 150.083 -33.868 13.8 3.49 MW MEL
1995 05 20 2352 138.631 -31.591 9.5 2.60 MW ADE
1995 05 28 2312 151.549 -32.543 13.7 3.50 MW MEL
1995 06 03 1820 143.374 -36.109 5.6 3.10 MW MEL
1995 07 14 1948 137.020 -36.319 5.5 2.60 MW ADE
1995 07 17 1809 143.366 -36.145 7.5 2.70 MW MEL
1995 07 21 1426 148.859 -36.031 4.8 3.31 MW MEL
1995 07 29 1343 148.735 -34.283 2.8 2.94 MW MEL
1995 07 30 0441 147.658 -36.761 11.3 3.52 MW MEL
1995 08 13 0355 148.772 -34.104 1.0 2.70 MW MEL
1995 08 16 1821 138.328 -32.797 9.4 2.60 MW ADE
1995 08 19 0901 148.741 -34.312 1.3 3.14 MW MEL
1995 09 12 1023 148.720 -34.310 0.0 3.16 MW MEL
1995 09 30 2250 143.347 -35.959 3.7 2.80 MW MEL
1995 10 10 0414 138.510 -32.601 5.0 2.60 MW ADE
1995 10 14 0411 148.761 -34.317 3.0 3.23 MW MEL
1995 11 13 0400 138.466 -32.584 7.8 4.00 MW ADE
1995 11 17 1243 144.571 -36.196 3.9 3.00 MW MEL
1995 11 17 1301 145.133 -33.126 10.0 3.50 MW MEL
1995 11 18 0932 144.764 -37.114 13.5 3.55 MW MEL
1995 11 18 1325 138.757 -31.196 19.1 2.90 MW ADE
1995 12 24 0804 147.946 -34.781 2.0 2.80 MW MEL
1995 12 24 1712 138.444 -35.205 19.4 2.60 MW ADE
1996 01 06 0208 140.282 -25.688 0.0 2.90 MW ISC
1996 02 15 2254 144.244 -36.144 0.2 2.60 MW MEL
1996 02 18 1934 148.666 -36.152 12.8 3.50 MW MEL
1996 03 05 0027 143.286 -36.102 2.3 3.00 MW MEL
1996 03 23 1610 138.709 -31.335 9.0 3.00 MW ADE
1996 04 05 1715 148.246 -19.475 33.0 3.50 MW ISC
1996 04 25 2344 138.969 -31.628 13.6 2.60 MW ADE
1996 05 10 0548 146.145 -37.733 10.6 2.96 MW MEL
1996 05 13 1403 148.763 -34.321 3.6 2.60 MW MEL
1996 06 04 0827 144.257 -29.037 8.5 3.40 MW BRS
1996 07 18 0540 153.040 -27.597 10.0 2.70 MW BRS
1996 07 22 1009 138.872 -31.190 6.8 3.50 MW ADE
1996 07 23 1554 149.859 -37.812 5.0 3.10 MW MEL
1996 08 12 0647 145.832 -35.524 2.5 2.60 MW MEL
1996 08 13 0430 143.613 -30.141 8.1 5.10 MW MEL
1996 08 13 1233 149.214 -34.749 0.0 2.99 MW MEL
1996 08 31 0855 138.625 -31.223 3.7 2.90 MW ADE
1996 09 07 1105 141.742 -37.394 11.2 3.20 MW MEL
1996 09 10 1835 141.998 -37.575 17.2 3.00 MW MEL
1996 09 12 1453 146.529 -28.354 10.0 3.80 MW BRS
1996 09 20 0056 148.857 -34.409 1.2 2.60 MW MEL
1996 09 25 0749 146.421 -37.863 11.4 4.44 MW MEL
1996 10 01 2142 150.393 -33.830 8.7 3.17 MW MEL
1996 10 05 0341 151.547 -23.177 10.0 2.80 MW BRS
1996 11 09 1126 139.140 -30.130 0.0 2.80 MW EIDC
1996 11 21 0606 139.183 -31.732 16.8 2.70 MW ADE
1996 12 03 1734 137.973 -29.396 8.1 2.60 MW ADE
1996 12 10 1254 150.501 -34.153 12.3 3.10 MW MEL
1996 12 16 2302 138.983 -33.530 11.1 2.80 MW ADE
1996 12 26 0320 151.648 -25.112 18.3 2.60 MW BRS
1996 12 27 1628 151.256 -29.841 2.7 3.50 MW MEL
1997 01 02 0711 148.778 -28.454 17.2 3.20 MW MEL
1997 01 13 0050 147.454 -36.867 15.7 2.70 MW MEL
1997 01 21 2057 148.557 -35.715 1.3 2.90 MW MEL
1997 02 15 1328 146.553 -20.440 10.0 3.50 MW BRS
1997 03 05 0615 138.979 -33.817 21.7 5.00 MW ADE
1997 04 03 1556 138.598 -31.044 14.1 2.90 MW ADE
1997 04 21 1727 151.009 -20.334 33.0 3.90 MW ISC
1997 05 03 2254 138.616 -33.735 5.0 3.30 MW ADE
1997 05 14 1954 143.323 -36.125 0.5 2.60 MW MEL
1997 05 28 1755 152.816 -24.449 8.1 3.00 MW BRS
1997 06 27 0320 146.094 -36.781 8.5 3.85 MW MEL
1997 07 08 1001 152.985 -31.591 5.9 3.70 MW MEL
1997 07 26 0633 141.430 -31.990 0.0 3.10 MW AUST
1997 07 30 1530 142.600 -28.090 11.0 3.20 MW AGSO
1997 08 23 0012 148.197 -34.627 3.6 3.17 MW MEL
1997 09 04 2108 149.178 -34.767 10.5 2.60 MW MEL
1997 09 04 2110 149.191 -34.752 2.0 2.60 MW MEL
1997 09 08 1528 138.544 -32.906 10.3 2.60 MW ADE
1997 10 03 0108 147.164 -22.789 10.0 3.50 MW ISC
1997 10 12 1451 149.563 -32.046 3.6 3.10 MW MEL
1997 10 22 0401 146.640 -22.430 33.0 3.30 MW ISC
1997 10 24 1831 147.098 -20.400 19.1 3.00 MW BRS
1997 11 25 0550 148.582 -35.269 1.2 2.80 MW MEL
1997 11 29 0519 139.341 -33.856 8.1 2.70 MW ADE
1997 12 04 0330 147.641 -22.833 0.0 3.20 MW EIDC
1997 12 13 2310 138.793 -32.380 8.7 2.70 MW ADE
1998 01 11 0132 148.081 -36.412 10.4 2.80 MW MEL
1998 01 22 1202 148.695 -20.662 0.0 2.60 MW RC
1998 01 28 0845 138.598 -32.885 4.6 3.30 MW ADE
1998 01 30 1336 140.351 -35.272 7.5 2.90 MW ADE
1998 02 13 2320 150.650 -25.707 3.6 4.00 MW GG
1998 02 14 1823 148.702 -35.375 8.5 3.79 MW MEL
1998 03 09 1240 150.055 -32.171 3.7 3.34 MW MEL
1998 03 28 0902 152.323 -32.828 8.0 3.00 MW MEL
1998 05 12 1546 152.817 -31.649 3.6 2.90 MW MEL
1998 05 22 1901 147.928 -34.610 11.7 3.80 MW MEL
1998 05 25 0053 147.227 -36.462 9.5 2.70 MW MEL
1998 06 30 0258 152.650 -21.253 3.0 4.10 MW AGSO
1998 07 09 0558 138.253 -33.519 10.2 2.60 MW ADE
1998 07 16 2143 139.778 -35.103 10.5 3.10 MW ADE
1998 07 17 0122 148.007 -36.439 19.0 3.93 MW MEL
1998 07 19 0831 149.177 -34.736 3.2 2.70 MW MEL
1998 08 11 1825 144.432 -32.258 16.2 3.80 MW MEL
1998 08 19 1112 148.911 -35.631 3.6 3.20 MW MEL
1998 09 21 0906 137.438 -29.330 15.8 3.10 MW ADE
1998 09 25 0707 149.590 -33.976 7.0 2.60 MW MEL
1998 09 27 0147 147.437 -34.218 3.6 3.00 MW MEL
1998 09 29 1348 141.356 -31.700 11.0 2.80 MW ADE
1998 10 16 1346 147.457 -34.751 15.6 3.90 MW MEL
1998 10 21 0000 147.111 -34.048 3.6 3.10 MW MEL
1998 11 02 1709 151.146 -22.808 0.0 4.70 MW AGSO
1998 11 05 1458 146.011 -35.954 7.2 2.60 MW MEL
1998 11 06 1912 151.446 -34.270 16.0 2.80 MW MEL
1998 11 06 2247 147.089 -34.344 10.0 2.70 MW MEL
1998 11 07 2242 148.893 -35.144 6.7 3.04 MW MEL
1998 11 12 1408 138.931 -35.020 21.8 2.80 MW ADE
1998 11 15 0939 139.400 -34.126 10.0 2.80 MW ADE
1998 11 22 1337 137.667 -29.506 15.9 2.80 MW ADE
1998 12 17 0617 138.206 -32.917 11.2 2.80 MW ADE
1998 12 17 2354 138.371 -32.382 8.4 3.00 MW ADE
1998 12 31 0611 149.154 -35.783 4.4 3.21 MW MEL
1999 01 22 1515 139.078 -33.795 20.7 3.50 MW ADE
1999 01 26 0536 139.329 -33.928 23.0 3.20 MW ADE
1999 02 02 2359 140.080 -26.288 10.0 3.20 MW MEL
1999 02 07 0745 138.996 -33.793 0.2 2.60 MW ADE
1999 02 11 1245 144.797 -17.181 0.0 3.40 MW RC
1999 02 21 0651 142.960 -28.770 0.0 3.30 MW AGSO
1999 03 10 0006 148.184 -33.958 4.5 3.10 MW MEL
1999 03 14 0013 147.070 -34.009 12.2 3.87 MW MEL
1999 03 15 0315 151.400 -25.200 0.0 3.00 MW SEQW
1999 03 17 0158 150.748 -34.253 5.3 4.34 MW MEL
1999 03 17 0721 138.845 -30.969 2.4 3.10 MW ADE
1999 03 22 2336 149.116 -34.171 16.9 2.70 MW MEL
1999 03 25 1226 146.755 -20.359 0.0 3.40 MW AGSO
1999 03 29 1041 138.849 -32.623 3.2 2.80 MW ADE
1999 04 16 1051 145.984 -37.413 3.6 3.20 MW MEL
1999 04 20 0146 138.766 -33.128 9.2 2.90 MW ADE
1999 04 24 2148 146.966 -20.159 0.0 2.70 MW AGSO
1999 04 26 2114 151.278 -29.750 3.6 3.00 MW MEL
1999 05 10 0351 138.576 -31.730 14.7 2.60 MW ADE
1999 05 25 0044 150.179 -30.262 8.6 3.00 MW MEL
1999 05 31 1915 140.140 -25.850 10.0 3.10 MW AGSO
1999 06 03 0149 147.101 -34.071 11.1 2.70 MW MEL
1999 06 03 1553 140.800 -27.130 0.0 2.60 MW AGSO
1999 06 21 1359 149.176 -35.205 3.6 2.70 MW MEL
1999 06 23 0550 143.739 -35.079 16.0 3.10 MW MEL
1999 07 13 0142 148.976 -34.286 3.6 3.21 MW MEL
1999 08 06 0033 138.325 -31.860 18.8 3.10 MW ADE
1999 08 06 0821 138.276 -32.836 16.9 3.00 MW ADE
1999 08 16 0920 147.111 -33.979 10.0 2.60 MW MEL
1999 08 18 1101 138.464 -33.274 19.5 4.30 MW ADE
1999 08 28 1502 147.074 -34.020 13.3 2.60 MW MEL
1999 09 02 0016 138.326 -32.313 12.7 3.20 MW ADE
1999 09 06 0837 138.400 -31.875 11.1 3.20 MW ADE
1999 09 24 2058 139.341 -34.354 9.2 2.70 MW ADE
1999 09 26 0530 144.140 -27.990 0.0 2.70 MW AGSO
1999 09 27 0929 149.163 -34.753 3.6 2.81 MW MEL
1999 10 17 1311 139.075 -30.445 12.4 2.60 MW ADE
1999 10 31 1236 138.572 -32.407 5.2 3.50 MW ADE
1999 12 31 0848 139.366 -33.163 6.0 2.70 MW ADE
2000 01 01 1155 147.827 -37.348 14.4 2.90 MW MEL
2000 01 13 1931 149.795 -34.664 7.7 2.70 MW MEL
2000 01 19 0511 148.624 -36.414 8.4 2.60 MW MEL
2000 01 23 0851 152.966 -30.830 0.0 2.60 MW AGSO
2000 01 26 0834 137.188 -29.139 6.5 2.80 MW ADE
2000 02 18 0102 150.126 -30.690 0.0 2.80 MW AGSO
2000 02 27 1749 148.392 -34.472 3.6 2.90 MW MEL
2000 03 09 2118 149.526 -34.395 11.7 2.70 MW MEL
2000 03 11 0329 138.443 -33.727 21.8 2.90 MW ADE
2000 03 11 1501 144.713 -36.308 23.3 2.60 MW MEL
2000 03 16 1326 146.103 -37.496 8.4 3.54 MW MEL
2000 03 20 1738 145.684 -17.190 10.0 3.10 MW RC
2000 03 27 0548 137.455 -29.344 12.0 3.70 MW ADE
2000 04 01 0801 138.391 -31.851 7.6 2.80 MW ADE
2000 04 25 0324 149.016 -35.009 3.6 2.60 MW MEL
2000 05 09 1612 148.486 -35.757 10.0 2.80 MW MEL
2000 06 11 1906 150.167 -29.492 3.6 3.50 MW MEL
2000 06 13 0058 147.468 -37.015 11.3 2.90 MW MEL
2000 06 22 1813 144.864 -36.815 5.7 3.27 MW MEL
2000 07 12 2121 138.534 -32.596 13.8 2.90 MW ADE
2000 07 16 0042 147.080 -34.408 10.0 2.70 MW MEL
2000 07 21 0611 137.200 -29.105 10.0 2.60 MW ADE
2000 07 24 0337 139.320 -29.445 16.2 2.70 MW ADE
2000 07 24 0747 145.272 -37.958 19.5 3.13 MW MEL
2000 07 25 0829 151.313 -34.310 15.6 2.60 MW MEL
2000 08 03 0931 143.302 -28.676 0.0 3.20 MW AGSO
2000 09 18 0005 153.204 -29.732 10.0 2.60 MW MEL
2000 09 27 1628 142.617 -36.079 10.0 2.60 MW MEL
2000 09 28 0546 150.100 -30.000 0.0 2.60 MW AGSO
2000 10 01 0623 137.683 -29.782 12.1 3.50 MW ADE
2000 10 12 2322 138.777 -31.641 23.8 2.70 MW ADE
2000 10 23 0120 148.835 -35.451 3.6 2.90 MW MEL
2000 10 23 2138 141.755 -34.464 11.9 3.60 MW MEL
2000 11 13 2051 146.209 -37.286 12.8 2.60 MW MEL
2001 01 09 2145 148.970 -35.049 11.2 2.60 MW MEL
2001 01 29 0831 138.444 -30.972 11.6 2.90 MW ADE
2001 02 23 0715 150.264 -29.178 17.0 2.90 MW MEL
2001 02 24 0640 152.730 -30.583 0.0 2.70 MW AUST
2001 02 27 0102 141.888 -28.470 10.0 3.30 MW USGS
2001 03 09 1609 141.970 -28.528 10.0 3.20 MW USGS
2001 03 13 1235 147.173 -33.923 3.6 3.20 MW MEL
2001 03 24 1338 149.062 -34.988 3.6 2.60 MW MEL
2001 03 29 0600 138.757 -29.607 33.0 2.80 MW ISC
2001 04 01 0530 147.397 -33.917 8.5 2.80 MW MEL
2001 04 04 1417 138.949 -33.149 7.6 2.80 MW ADE
2001 04 11 0358 149.748 -30.371 10.0 2.70 MW MEL
2001 04 12 0727 138.271 -33.210 15.9 3.20 MW ADE
2001 05 02 0135 144.442 -37.174 17.8 3.00 MW MEL
2001 05 09 0218 138.618 -33.669 22.7 2.80 MW ADE
2001 05 12 2211 148.870 -27.780 18.0 2.60 MW SEQW
2001 05 18 1837 148.780 -34.290 2.0 3.20 MW AGSO
2001 05 20 1147 146.500 -32.190 10.0 2.90 MW AGSO
2001 06 07 1538 147.440 -35.930 2.0 2.80 MW AGSO
2001 06 13 2027 149.480 -34.890 17.0 3.20 MW AGSO
2001 06 14 1205 138.130 -31.837 18.0 4.00 MW ADE
2001 07 15 0825 148.405 -34.405 10.0 2.70 MW MEL
2001 08 10 1251 147.380 -34.000 11.0 2.70 MW AGSO
2001 08 10 1335 148.660 -34.440 10.0 2.60 MW AGSO
2001 08 28 0451 148.810 -36.290 10.0 2.90 MW AGSO
2001 09 04 1829 141.811 -26.462 0.0 2.90 MW IDC
2001 10 09 0138 148.690 -36.266 7.1 2.60 MW MEL
2001 10 13 0442 147.675 -36.833 8.2 3.42 MW MEL
2001 10 24 1546 150.736 -32.196 0.0 2.80 MW MEL
2001 10 25 1856 148.296 -35.254 10.0 2.90 MW USGS
2001 10 27 0758 143.643 -35.356 14.1 4.19 MW MEL
2001 10 27 1856 146.409 -32.425 2.7 2.70 MW AUST
2001 11 01 1611 144.314 -29.830 10.0 2.80 MW USGS
2001 11 08 1050 138.172 -34.846 22.1 2.90 MW ADE
2001 11 11 1158 144.180 -29.320 6.0 3.20 MW AUST
2001 11 22 1629 138.702 -31.453 19.5 3.50 MW ADE
2001 11 23 0333 148.310 -33.901 4.2 3.58 MW MEL
2001 11 27 1529 146.620 -32.540 3.0 2.80 MW AUST
2001 12 06 1731 138.448 -31.921 13.9 3.10 MW ADE
2001 12 06 2010 148.898 -28.689 10.0 2.90 MW USGS
2001 12 16 2038 147.155 -37.119 15.0 3.40 MW AUST
2001 12 18 0616 149.488 -33.199 33.0 3.20 MW ISC
2001 12 31 0748 144.914 -37.390 10.0 2.70 MW MEL
2002 01 22 0918 144.701 -36.443 13.3 3.30 MW MEL
2002 02 14 1327 150.659 -34.425 14.3 3.50 MW MEL
2002 02 24 1829 138.570 -31.499 10.5 2.60 MW ADE
2002 02 27 1147 148.684 -34.340 5.0 2.70 MW MEL
2002 03 01 0559 146.980 -32.290 0.0 3.20 MW IDC
2002 03 04 0750 147.296 -33.862 3.6 3.10 MW MEL
2002 03 17 0750 148.744 -33.869 5.0 2.90 MW AUST
2002 03 19 0307 138.105 -37.142 14.0 3.00 MW ADE
2002 04 08 2140 148.516 -35.443 10.0 2.80 MW AUST
2002 04 19 0002 143.103 -36.179 6.4 2.90 MW MEL
2002 04 20 0213 149.628 -34.777 5.2 2.60 MW AUST
2002 05 02 2148 150.975 -25.413 5.0 3.00 MW AUST
2002 05 04 1847 138.745 -31.751 17.4 2.80 MW ADE
2002 06 02 0012 148.126 -34.613 7.4 3.10 MW MEL
2002 06 20 1220 148.669 -34.320 1.1 2.90 MW MEL
2002 07 05 0414 148.693 -32.361 10.0 2.80 MW MEL
2002 07 19 1609 150.138 -19.823 10.0 2.90 MW ISC
2002 07 23 1838 145.586 -31.633 5.0 2.70 MW AUST
2002 07 30 0643 148.665 -36.335 6.2 2.70 MW MEL
2002 08 01 1858 138.730 -32.289 11.8 2.90 MW ADE
2002 08 09 1650 145.309 -36.419 4.0 2.60 MW MEL
2002 08 10 1208 148.772 -33.798 5.0 2.70 MW AUST
2002 08 19 1112 149.159 -34.571 10.0 2.60 MW MEL
2002 08 21 1322 138.696 -33.741 8.9 2.80 MW ADE
2002 08 22 0658 149.069 -28.443 0.0 3.00 MW AUST
2002 08 22 2123 148.245 -33.897 4.1 3.65 MW MEL
2002 08 26 0733 138.143 -31.885 10.3 2.60 MW ADE
2002 09 23 1400 141.724 -26.446 10.0 3.00 MW ISC
2002 09 29 0613 138.161 -32.528 18.4 2.60 MW ADE
2002 10 03 1815 138.452 -31.935 13.8 3.20 MW ADE
2002 10 11 0709 140.762 -27.960 13.6 2.90 MW ADE
2002 10 23 1128 148.211 -35.645 10.0 2.70 MW MEL
2002 10 24 2203 142.250 -35.666 10.0 3.10 MW MEL
2002 10 29 1525 142.026 -30.583 16.3 3.50 MW ADE
2002 11 04 1934 144.106 -35.043 2.7 3.40 MW MEL
2002 11 09 1227 148.866 -36.254 0.2 2.90 MW AUST
2002 11 23 1326 138.374 -30.747 9.0 2.90 MW ADE
2002 12 01 0038 145.830 -18.533 0.0 3.00 MW RC
2002 12 09 1128 138.166 -31.846 11.2 2.80 MW ADE
2002 12 14 1338 152.983 -27.384 5.0 2.80 MW AUST
2002 12 26 2107 151.288 -30.258 3.0 3.00 MW AUST
2002 12 30 1801 138.613 -33.101 8.7 2.70 MW ADE
2003 01 08 1641 152.562 -24.886 1.0 2.70 MW RC
2003 01 14 1343 149.012 -35.019 1.0 3.10 MW AUST
2003 01 25 0303 147.070 -35.990 6.4 2.60 MW MEL
2003 02 08 2231 138.417 -32.571 14.6 2.60 MW ADE
2003 03 10 1228 144.089 -35.077 14.9 3.30 MW MEL
2003 04 17 2150 149.143 -21.237 2.0 3.90 MW RC
2003 04 25 0338 138.113 -32.091 9.2 2.60 MW ADE
2003 05 09 0638 145.804 -36.971 9.6 2.80 MW MEL
2003 05 17 0452 139.037 -32.982 1.4 2.70 MW ADE
2003 05 17 0651 148.416 -36.208 2.0 3.00 MW AUST
2003 05 28 1250 148.252 -34.405 2.0 2.60 MW AUST
2003 06 05 0742 148.857 -34.254 3.6 2.60 MW MEL
2003 06 24 1607 152.133 -27.458 1.9 2.70 MW AUST
2003 06 24 1627 149.741 -32.131 2.0 2.60 MW AUST
2003 06 24 2127 151.144 -31.284 15.0 2.60 MW MEL
2003 06 28 0220 151.390 -25.837 2.0 3.20 MW RC
2003 07 03 1225 148.771 -36.354 7.0 2.70 MW AUST
2003 07 07 2141 138.540 -31.085 24.2 2.80 MW ADE
2003 07 11 0818 147.859 -34.611 1.0 3.30 MW AUST
2003 07 15 1414 148.870 -34.036 0.0 2.80 MW AUST
2003 07 27 2250 149.751 -34.224 6.0 3.10 MW AUST
2003 08 11 0704 146.911 -18.529 12.0 4.30 MW ISC
2003 08 13 1419 138.391 -33.193 16.2 2.70 MW ADE
2003 08 29 0308 151.472 -20.975 0.0 3.10 MW IDC
2003 08 29 0421 138.322 -32.808 18.4 2.80 MW ADE
2003 09 22 0849 138.390 -35.565 12.2 2.60 MW ADE
2003 09 26 0124 148.021 -36.633 10.0 2.70 MW MEL
2003 10 06 0606 152.237 -26.545 10.0 3.60 MW MEL
2003 10 20 0201 137.408 -29.385 17.2 3.20 MW ADE
2003 11 22 1836 138.729 -31.645 15.8 4.20 MW ADE
2003 11 26 0439 149.247 -34.773 0.0 3.00 MW AUST
2003 12 01 1429 149.387 -36.236 5.8 2.80 MW MEL
2003 12 05 0505 152.197 -32.065 10.0 2.80 MW MEL
2003 12 05 1745 140.618 -27.793 6.7 3.70 MW ISC
2003 12 11 1019 150.464 -34.498 12.2 3.81 MW MEL
2003 12 18 0731 144.131 -29.041 10.0 3.20 MW AUST
2003 12 24 0049 146.998 -18.928 2.0 2.60 MW RC
2003 12 29 0503 146.454 -20.556 10.0 2.70 MW MEL
2003 12 29 1331 144.531 -35.413 11.0 3.60 MW AUST
2004 01 16 1505 151.601 -25.069 17.0 4.40 MW GG
2004 01 20 0359 149.437 -22.269 10.0 2.80 MW MEL
2004 02 05 0839 150.652 -20.310 10.0 3.50 MW RC
2004 02 20 1051 151.774 -25.471 10.2 2.70 MW MEL
2004 02 21 2355 151.323 -26.416 1.0 3.70 MW RC
2004 02 28 1132 147.694 -35.005 10.8 3.46 MW MEL
2004 03 24 1010 144.009 -28.939 10.0 2.70 MW ISC
2004 04 04 1150 138.151 -33.002 10.8 2.80 MW ADE
2004 04 04 1510 138.273 -32.126 16.4 2.90 MW ADE
2004 04 12 0214 146.024 -37.322 10.0 2.70 MW MEL
2004 04 15 0554 138.756 -31.980 16.0 3.50 MW ADE
2004 04 24 1503 146.535 -37.880 19.1 2.60 MW MEL
2004 04 24 1701 151.631 -29.620 5.0 2.60 MW MEL
2004 05 15 2138 152.044 -32.210 10.0 3.10 MW MEL
2004 05 23 1835 139.174 -34.345 15.4 3.10 MW ADE
2004 06 02 1327 138.266 -33.455 18.5 2.60 MW ADE
2004 06 04 0432 142.631 -37.592 8.9 2.60 MW MEL
2004 06 13 1015 138.257 -32.303 15.5 2.70 MW ADE
2004 06 15 2259 146.085 -17.315 4.0 3.30 MW RC
2004 06 19 0805 151.490 -31.751 3.3 2.70 MW MEL
2004 06 26 0024 148.754 -34.259 3.0 2.60 MW MEL
2004 07 07 0220 138.503 -31.534 9.9 2.60 MW ADE
2004 07 21 1555 141.489 -31.721 14.8 2.70 MW ADE
2004 07 28 1408 141.407 -29.928 0.0 2.90 MW AUST
2004 07 30 2146 138.459 -31.122 8.3 3.00 MW ADE
2004 08 16 1945 138.567 -31.109 20.4 3.00 MW ADE
2004 08 17 0906 137.978 -30.136 13.6 2.80 MW ADE
2004 09 21 1154 148.569 -34.674 0.0 2.80 MW MEL
2004 10 01 1946 146.377 -26.907 0.0 3.00 MW IDC
2004 10 10 0658 142.603 -36.367 0.0 2.90 MW MEL
2004 11 08 0732 138.933 -32.412 14.0 2.70 MW ADE
2004 11 19 2139 149.339 -36.139 10.0 2.60 MW MEL
2004 11 22 0825 149.561 -34.205 10.0 2.70 MW MEL
2004 11 23 1335 138.105 -32.396 16.7 3.10 MW ADE
2004 12 08 1706 138.320 -32.387 13.4 2.60 MW ADE
2004 12 13 1848 138.718 -32.361 9.4 3.10 MW ADE
2005 01 02 0156 148.650 -35.388 10.0 2.90 MW AUST
2005 01 05 0831 153.415 -26.097 1.7 3.60 MW RC
2005 01 12 2253 138.574 -33.097 7.4 2.70 MW ADE
2005 01 18 1009 147.191 -33.845 13.0 3.70 MW AUST
2005 01 19 0529 138.332 -30.894 12.0 2.60 MW ADE
2005 01 20 0946 146.123 -36.336 6.9 2.60 MW MEL
2005 02 06 0935 146.071 -37.343 3.1 3.00 MW MEL
2005 02 20 0815 141.407 -31.737 0.0 2.90 MW IDC
2005 02 20 0916 148.683 -34.013 12.0 2.90 MW AUST
2005 03 03 1056 139.088 -30.784 10.0 4.00 MW ISC
2005 03 04 0038 139.712 -30.788 7.3 3.10 MW ADE
2005 03 07 1622 151.291 -26.527 5.0 3.60 MW ISC
2005 03 08 1445 145.887 -16.631 9.2 3.00 MW RC
2005 03 25 0910 145.834 -20.353 26.0 2.70 MW RC
2005 04 05 0444 148.799 -33.475 35.6 2.70 MW MEL
2005 04 06 0609 138.149 -32.309 9.1 2.70 MW ADE
2005 04 14 1316 149.272 -28.550 0.0 3.20 MW AUST
2005 05 14 1953 139.106 -30.987 19.7 4.50 MW ADE
2005 06 08 2100 139.993 -32.891 5.5 3.30 MW ADE
2005 07 04 2021 148.643 -34.469 2.0 2.80 MW MEL
2005 07 11 2019 144.777 -31.253 9.0 3.00 MW AUST
2005 07 12 0757 138.578 -31.558 12.9 2.90 MW ADE
2005 07 14 0623 147.160 -34.085 0.0 2.80 MW AUST
2005 07 30 1656 148.606 -28.540 10.0 2.80 MW RC
2005 08 16 0733 139.371 -34.119 15.2 2.80 MW ADE
2005 08 24 0337 138.738 -32.322 8.4 3.20 MW ADE
2005 09 03 2305 148.654 -34.401 4.1 3.50 MW AUST
2005 09 04 0311 137.511 -29.604 4.6 2.70 MW ADE
2005 09 04 1127 148.456 -29.003 10.0 2.70 MW RC
2005 09 05 1108 151.147 -28.840 2.5 2.90 MW RC
2005 09 09 0401 142.166 -30.328 0.0 3.30 MW AUST
2005 09 12 1604 140.558 -27.737 2.0 3.00 MW AUST
2005 09 13 0044 147.176 -18.256 10.0 3.60 MW RC
2005 09 18 1036 138.593 -32.739 10.3 3.00 MW ADE
2005 10 02 1750 150.972 -29.485 0.0 2.60 MW RC
2005 10 14 0533 138.881 -33.700 12.5 2.80 MW ADE
2005 10 31 1813 150.151 -33.612 7.9 3.40 MW MEL
2005 12 28 2054 147.894 -28.191 0.0 4.10 MW AUST
2006 01 02 2043 150.938 -29.978 15.0 3.10 MW RC
2006 01 08 2202 139.164 -31.670 10.4 3.10 MW ADE
2006 01 12 0836 145.058 -15.207 10.0 2.90 MW RC
2006 01 12 2219 146.595 -23.880 10.0 3.90 MW MEL
2006 01 15 0744 146.061 -16.754 10.0 2.90 MW RC
2006 01 26 2157 146.110 -17.292 10.4 2.90 MW RC
2006 02 04 1631 148.168 -37.465 13.1 3.90 MW MEL
2006 02 09 0416 138.239 -32.856 13.2 3.50 MW ADE
2006 02 16 1524 138.325 -31.172 11.5 2.70 MW ADE
2006 02 18 1716 138.573 -32.804 16.5 2.70 MW ADE
2006 02 28 0513 147.117 -36.818 12.2 2.90 MW MEL
2006 03 02 0617 149.200 -34.828 8.7 3.40 MW MEL
2006 03 11 1035 136.649 -35.847 11.7 3.50 MW ADE
2006 03 27 2157 150.478 -29.190 0.0 4.00 MW MEL
2006 04 04 1006 138.754 -33.430 10.0 3.30 MW ADE
2006 04 14 0405 146.185 -17.117 19.1 2.70 MW RC
2006 04 21 0811 149.144 -34.811 5.2 3.10 MW AUST
2006 05 03 1345 138.383 -30.708 3.4 2.90 MW ADE
2006 05 05 0846 140.995 -36.242 8.9 2.60 MW ADE
2006 05 14 0434 139.241 -33.565 14.0 2.90 MW ADE
2006 05 26 0142 150.265 -29.149 10.0 2.90 MW RC
2006 06 15 0801 139.173 -32.121 11.0 3.80 MW ADE
2006 06 15 1801 146.982 -27.904 10.0 3.00 MW RC
2006 06 18 1549 150.425 -34.077 6.4 2.90 MW MEL
2006 06 30 1234 148.744 -34.021 10.0 2.70 MW AUST
2006 07 02 2319 150.867 -32.348 12.0 2.80 MW AUST
2006 07 07 2348 138.672 -31.391 20.2 4.00 MW ADE
2006 07 13 0442 145.554 -37.925 11.3 2.60 MW AUST
2006 07 15 1448 138.763 -32.988 4.3 2.70 MW ADE
2006 07 17 1148 139.579 -35.127 11.1 2.70 MW ADE
2006 07 27 1038 139.231 -31.265 10.0 3.90 MW ADE
2006 07 28 0549 147.359 -18.323 0.9 3.90 MW RC
2006 08 12 0220 138.061 -32.816 12.3 3.50 MW ADE
2006 08 13 1330 149.201 -34.780 10.0 3.30 MW MEL
2006 09 10 1048 137.882 -29.889 10.7 2.60 MW ADE
2006 10 01 0724 140.969 -35.549 7.7 3.10 MW MEL
2006 10 21 0951 149.167 -34.031 18.4 4.20 MW MEL
2006 11 06 1255 138.700 -31.380 11.7 2.60 MW ADE
2007 01 01 1418 138.587 -31.057 20.6 2.60 MW ADE
2007 01 12 2029 144.987 -20.775 5.9 3.00 MW RC
2007 01 20 2235 148.503 -33.895 35.6 2.60 MW MEL
2007 01 28 2031 138.628 -30.801 14.7 3.20 MW ADE
2007 03 08 0234 145.746 -37.903 10.6 3.66 MW MEL
2007 04 11 0058 151.010 -34.253 20.0 3.10 MW AUST
2007 04 27 1328 142.741 -36.286 10.0 2.80 MW MEL
2007 04 28 0853 151.397 -24.975 9.9 2.90 MW RC
2007 04 29 0604 148.624 -34.866 11.6 2.70 MW GG
2007 05 22 1930 142.048 -29.776 10.3 3.40 MW AUST
2007 06 10 2002 146.813 -36.643 3.4 2.60 MW AUST
2007 07 08 1817 138.105 -35.602 12.0 2.70 MW ADE
2007 07 08 2035 138.390 -33.071 15.1 3.00 MW ADE
2007 08 02 0614 140.070 -29.264 0.0 2.60 MW IDC
2007 08 06 2132 138.100 -29.527 0.0 2.90 MW IDC
2007 08 09 0304 148.611 -34.291 10.0 2.60 MW MEL
2007 08 12 1524 144.649 -32.448 10.0 3.50 MW MEL
2007 08 18 0357 150.372 -34.357 22.6 3.10 MW MEL
2007 08 21 0305 146.108 -37.888 11.0 2.90 MW GG
2007 08 22 1024 150.242 -34.063 7.0 2.90 MW MEL
2007 08 24 1347 148.493 -32.294 10.0 2.90 MW MEL
2007 08 25 0606 151.432 -26.495 4.0 3.90 MW AUST
2007 09 14 0906 148.631 -29.850 10.0 3.40 MW AUST
2007 09 16 2318 138.581 -31.367 34.0 4.30 MW ADE
2007 09 19 0711 138.260 -32.800 13.7 2.90 MW ADE
2007 09 27 1059 143.459 -35.992 10.0 2.60 MW MEL
2007 10 12 0135 146.555 -37.918 1.2 2.60 MW MEL
2007 10 21 1403 137.815 -30.092 9.9 2.70 MW ADE
2007 10 30 1226 138.471 -33.373 12.3 3.20 MW ADE
2007 10 31 1018 136.869 -28.972 24.8 3.00 MW ADE
2007 11 14 0252 147.258 -22.003 0.0 2.80 MW MEL
2007 11 28 0157 151.216 -32.275 10.0 2.80 MW MEL
2007 12 09 0831 143.648 -36.518 8.0 2.70 MW AUST
2007 12 26 1536 138.363 -32.077 15.6 4.70 MW ADE
2007 12 30 0749 139.066 -31.547 7.8 2.60 MW ADE
2008 01 12 0756 147.241 -21.637 5.3 2.60 MW MEL
2008 01 23 1936 138.672 -33.139 9.6 2.60 MW ADE
2008 02 12 0012 138.332 -32.919 5.5 2.90 MW ADE
2008 02 13 2157 146.593 -27.523 10.0 4.20 MW MEL
2008 03 01 0024 144.668 -36.154 10.0 3.70 MW AUST
2008 03 09 0441 149.123 -34.939 10.0 2.90 MW MEL
2008 03 18 0102 148.433 -32.519 11.0 3.70 MW AUST
2008 03 23 2000 138.248 -33.468 16.1 3.50 MW ADE
2008 04 08 1233 138.653 -31.437 13.5 2.60 MW ADE
2008 04 11 0000 148.697 -34.381 5.5 2.70 MW AUST
2008 04 30 2111 141.585 -30.255 23.9 3.20 MW ADE
2008 05 12 1944 138.362 -32.866 12.6 3.10 MW ADE
2008 05 22 0949 150.938 -29.060 0.0 3.10 MW MEL
2008 05 29 0535 138.814 -31.814 11.8 2.90 MW ADE
2008 05 29 1005 138.520 -31.667 7.2 2.60 MW ADE
2008 06 06 0803 152.329 -31.907 10.0 3.00 MW MEL
2008 06 09 0137 146.881 -30.167 10.0 3.70 MW AUST
2008 06 25 2034 138.629 -31.604 12.8 2.60 MW ADE
2008 07 01 0650 138.691 -33.079 5.3 3.10 MW ADE
2008 07 12 1132 146.662 -32.262 10.0 2.70 MW MEL
2008 07 21 2201 143.648 -36.234 10.8 2.60 MW MEL
2008 07 25 1126 138.110 -30.199 11.6 3.10 MW ADE
2008 07 27 0734 138.290 -32.701 16.7 3.00 MW ADE
2008 08 26 0534 149.208 -34.730 3.0 3.10 MW MEL
2008 09 05 0539 150.776 -32.848 0.0 3.10 MW AUST
2008 09 24 2331 144.490 -35.733 10.0 3.00 MW MEL
2008 09 30 2317 151.296 -26.965 5.0 2.60 MW MEL
2008 10 07 1238 138.634 -32.078 11.2 3.00 MW ADE
2008 10 15 2005 145.787 -35.529 8.0 2.60 MW AUST
2008 10 18 0202 138.781 -32.933 8.3 3.10 MW ADE
2008 10 21 1848 152.003 -25.644 2.6 2.60 MW MEL
2008 10 23 1152 140.790 -32.520 13.5 4.00 MW ADE
2008 10 30 1311 146.008 -36.245 3.8 2.70 MW MEL
2008 11 16 0202 138.751 -31.478 16.6 4.20 MW ADE
2008 11 26 1353 138.763 -31.649 18.9 2.60 MW ADE
2008 12 04 1635 138.414 -33.401 11.4 3.10 MW ADE
2008 12 06 1805 144.332 -35.170 10.0 2.70 MW AUST
2008 12 07 0403 149.516 -35.641 8.0 2.60 MW AUST
2008 12 18 2222 150.607 -24.748 10.0 2.60 MW MEL
2008 12 25 1109 138.619 -31.486 17.5 2.80 MW ADE
2008 12 28 1402 138.231 -32.696 11.9 3.00 MW ADE
2008 12 31 1139 138.495 -31.722 16.0 2.70 MW ADE
2009 01 02 1251 138.921 -33.030 5.7 3.10 MW ADE
2009 01 15 1015 138.399 -32.045 13.8 3.00 MW ADE
2009 01 19 0435 138.933 -31.960 16.7 2.60 MW ADE
2009 01 26 0029 138.988 -32.763 8.3 3.90 MW ADE
2009 01 30 0817 138.983 -30.977 17.7 2.90 MW ADE
2009 02 18 0325 138.415 -32.163 21.0 3.10 MW ADE
2009 02 27 1713 138.009 -29.488 38.0 2.80 MW ADE
2009 03 04 2320 138.170 -32.672 20.4 3.50 MW ADE
2009 03 05 2013 138.604 -31.482 11.9 3.20 MW ADE
2009 03 06 1552 148.413 -34.381 3.0 2.60 MW AUST
2009 03 11 1325 150.743 -32.535 11.5 3.60 MW MEL
2009 04 09 0304 148.728 -32.418 10.0 3.50 MW MEL
2009 04 18 1535 150.460 -34.518 3.0 2.70 MW MEL
2009 04 26 1253 147.478 -18.269 5.0 4.00 MW MEL
2009 05 08 1113 138.229 -37.060 7.2 2.90 MW ADE
2009 05 23 1924 152.702 -21.949 5.0 3.10 MW MEL
2009 05 29 1445 138.189 -31.070 9.9 3.70 MW ADE
2009 06 13 1436 147.787 -36.717 11.3 2.80 MW MEL
2009 06 25 0813 148.145 -33.772 10.0 2.90 MW MEL
2009 07 09 2216 138.564 -34.188 10.1 2.60 MW ADE
2009 07 26 2013 138.270 -32.084 10.0 2.60 MW ADE
2009 07 31 1459 141.946 -29.601 0.0 2.60 MW AUST
2009 08 15 1954 138.765 -31.774 19.9 3.30 MW ADE
2009 08 28 2220 150.338 -34.217 3.4 3.40 MW AUST
2009 09 28 0853 148.953 -33.442 0.0 3.20 MW AUST
2009 10 26 2241 139.070 -32.719 1.8 3.50 MW ADE
2009 11 03 0604 138.278 -35.375 10.3 3.24 MW ADE
2009 11 26 1238 138.331 -33.571 9.7 3.10 MW ADE
2009 12 10 1136 147.497 -18.528 10.0 3.60 MW MEL
2009 12 19 1605 138.793 -34.238 10.4 2.70 MW ADE
2010 01 08 1424 146.979 -37.391 13.3 2.90 MW MEL
2010 01 22 1301 151.519 -24.474 10.0 2.60 MW MEL
2010 02 20 1850 149.618 -34.721 10.0 3.20 MW MEL
2010 02 23 0245 148.670 -35.207 4.8 2.70 MW MEL
2010 02 28 0508 146.399 -37.312 10.0 2.70 MW MEL
2010 03 11 0758 138.364 -37.074 9.7 3.00 MW ADE
2010 03 11 1625 152.386 -32.664 9.4 3.30 MW MEL
2010 03 14 1829 148.949 -33.451 0.8 3.50 MW MEL
2010 03 28 1431 137.151 -36.823 16.8 2.90 MW ADE
2010 04 16 1357 138.880 -35.109 26.4 3.80 MW ADE
2010 04 16 1926 149.659 -32.186 0.0 2.60 MW MEL
2010 04 18 2320 150.983 -32.114 5.2 3.00 MW MEL
2010 05 24 0056 145.797 -36.857 9.7 2.90 MW MEL
2010 05 26 1009 144.744 -36.747 10.4 3.20 MW MEL
2010 05 27 1108 139.476 -33.992 15.0 2.70 MW ADE
2010 05 31 1920 149.665 -32.694 10.0 3.00 MW MEL
2010 06 18 1117 148.978 -33.435 5.7 2.70 MW MEL
2010 06 19 1944 151.046 -32.403 5.0 2.70 MW MEL
2010 06 22 2041 138.537 -32.641 13.5 2.80 MW ADE
2010 06 23 1456 150.217 -29.883 10.0 2.60 MW MEL
2010 07 15 1826 138.694 -31.698 18.9 3.54 MW ADE
2010 07 16 0431 151.361 -24.961 7.0 2.70 MW MEL
2010 07 23 2220 148.879 -36.315 0.0 2.90 MW AUST
2010 07 26 2057 138.851 -31.885 11.4 2.60 MW ADE
2010 07 28 0346 139.166 -31.498 9.6 2.80 MW ADE
2010 07 30 2129 138.149 -32.253 19.1 3.78 MW ADE
2010 08 15 0856 152.027 -26.899 0.7 2.90 MW MEL
2010 08 17 0327 151.890 -25.531 0.2 2.60 MW MEL
2010 09 19 2211 138.817 -31.884 4.1 2.60 MW ADE
2010 09 24 1454 148.319 -36.237 5.6 2.60 MW MEL
2010 09 27 1600 148.938 -34.184 4.8 2.60 MW MEL
2010 09 29 0909 144.097 -29.636 10.0 4.02 MW MEL
2010 10 08 1053 138.537 -33.731 13.2 3.10 MW ADE
2010 10 10 0230 139.852 -32.913 5.4 4.06 MW ADE
2010 10 16 1407 146.453 -37.980 5.7 3.32 MW MEL
2010 10 22 0445 149.498 -33.360 0.0 2.90 MW AUST
2010 10 27 1418 143.594 -29.438 7.3 4.36 MW AUST
2010 11 13 1936 138.753 -31.429 12.3 2.80 MW ADE
2010 11 14 1629 140.353 -26.758 28.9 2.90 MW ADE
2010 11 29 2008 139.564 -32.120 8.6 3.90 MW ADE
2010 12 03 1424 151.388 -32.898 0.0 2.90 MW MEL
2010 12 05 0828 141.489 -31.930 13.1 2.90 MW ISC
2010 12 11 0753 145.549 -16.479 18.0 3.40 MW MEL
2010 12 15 0616 140.985 -25.345 0.0 3.20 MW IDC
2011 01 06 1000 144.457 -35.374 23.5 2.70 MW GG
2011 01 23 1940 148.475 -28.386 18.0 3.90 MW MEL
2011 01 25 1128 148.988 -33.491 2.0 3.00 MW MEL
2011 01 29 1529 148.878 -31.604 10.0 2.90 MW MEL
2011 02 06 0805 148.869 -28.374 10.0 2.70 MW MEL
2011 02 08 1842 141.835 -37.316 14.3 2.70 MW MEL
2011 02 13 1448 138.699 -33.202 8.2 2.80 MW ADE
2011 02 20 1530 138.436 -32.571 10.9 3.40 MW ADE
2011 02 26 0046 146.535 -37.605 8.1 2.70 MW MEL
2011 03 01 0526 138.542 -29.913 0.0 2.80 MW IDC
2011 03 15 0608 146.334 -17.342 10.0 3.60 MW ISC
2011 03 27 1130 138.511 -33.175 13.3 3.10 MW ADE
2011 04 16 0531 147.718 -20.055 10.0 5.30 MW MEL
2011 04 19 2013 152.325 -24.394 4.6 2.90 MW MEL
2011 04 22 1518 139.328 -33.191 4.6 2.70 MW ADE
2011 04 23 0222 138.889 -31.249 12.4 2.80 MW ADE
2011 04 28 1957 140.257 -32.622 4.5 2.60 MW ADE
2011 05 01 1837 150.934 -32.249 10.0 2.70 MW MEL
2011 05 04 1229 137.908 -32.287 11.4 3.29 MW ADE
2011 05 07 1902 151.051 -32.109 2.0 2.70 MW MEL
2011 05 13 2325 151.692 -25.003 7.9 3.28 MW MEL
2011 05 16 0330 139.035 -31.570 18.5 3.00 MW ADE
2011 05 18 2041 138.850 -30.855 10.5 3.40 MW ADE
2011 05 24 1027 139.331 -33.182 6.5 3.66 MW ADE
2011 05 24 1613 147.428 -35.630 0.0 2.60 MW AUST
2011 05 25 2205 138.848 -32.349 4.3 3.20 MW ADE
2011 05 26 1228 147.232 -26.801 10.0 3.40 MW AUST
2011 06 01 0329 142.491 -37.430 15.0 3.83 MW MEL
2011 06 17 1039 149.606 -32.765 10.0 2.80 MW MEL
2011 06 26 2032 152.463 -27.168 8.2 2.70 MW MEL
2011 06 29 0616 138.675 -30.100 0.0 2.70 MW IDC
2011 06 30 0615 138.459 -30.256 0.0 2.90 MW IDC
2011 07 11 1219 139.746 -30.341 10.0 2.90 MW MEL
2011 07 11 1328 141.553 -32.048 1.6 2.60 MW ADE
2011 07 13 1630 139.721 -29.968 4.0 2.90 MW AUST
2011 07 21 1418 140.938 -28.710 10.0 3.00 MW ADE
2011 07 23 2047 138.816 -32.026 10.1 3.30 MW ADE
2011 07 29 0337 143.839 -29.604 15.0 3.00 MW AUST
2011 08 18 0614 138.615 -30.113 0.0 3.30 MW IDC
2011 08 28 0829 138.305 -32.839 13.3 2.70 MW ADE
2011 08 31 0624 138.596 -30.158 0.0 2.70 MW IDC
2011 09 03 1316 138.547 -30.776 16.0 2.60 MW ADE
2011 09 04 1115 138.693 -33.086 4.0 4.18 MW ADE
2011 09 18 1913 138.193 -32.328 14.0 2.80 MW ADE
2011 09 21 0615 138.326 -30.363 0.0 3.60 MW IDC
2011 09 23 1642 138.559 -32.626 3.4 3.30 MW ADE
2011 10 06 0514 138.394 -30.368 0.0 2.60 MW IDC
2011 10 15 1038 138.799 -32.390 4.7 4.07 MW ADE
2011 10 18 1552 138.637 -35.030 23.4 3.42 MW ADE
2011 10 22 1718 139.518 -32.115 4.0 3.40 MW ADE
2011 11 08 0934 138.176 -29.746 14.1 2.80 MW ADE
2011 11 13 0005 151.211 -29.827 10.0 3.00 MW MEL
2011 11 13 0010 150.819 -30.127 10.0 3.00 MW MEL
2011 12 12 0303 138.726 -33.250 7.3 2.90 MW ADE
2011 12 15 0518 140.428 -27.972 0.0 2.80 MW IDC
2011 12 16 1040 138.136 -35.563 17.1 2.60 MW ADE
2011 12 17 0324 138.458 -32.931 14.7 2.80 MW ADE
2011 12 31 2026 145.934 -17.852 10.0 3.00 MW MEL
2012 01 03 0521 142.648 -29.945 3.1 3.10 MW AUST
2012 01 04 0634 137.383 -29.425 24.4 2.60 MW ADE
2012 01 04 1955 138.765 -32.178 13.0 2.80 MW ADE
2012 01 05 1405 152.510 -21.973 10.0 4.10 MW MEL
2012 01 09 1853 139.267 -30.402 20.8 2.70 MW ADE
2012 01 15 2133 144.599 -31.502 11.0 2.80 MW AUST
2012 02 05 0152 139.574 -33.409 13.5 2.70 MW ADE
2012 02 16 1048 147.963 -27.051 10.0 4.20 MW MEL
2012 02 18 1424 138.417 -29.546 18.8 2.60 MW ADE
2012 03 11 1821 148.688 -36.302 5.2 2.90 MW MEL
2012 03 12 1206 138.278 -33.218 12.6 3.20 MW ADE
2012 03 23 1624 138.722 -33.389 9.4 2.80 MW ADE
2012 04 06 0643 146.118 -16.996 10.0 3.00 MW MEL
2012 04 08 1845 139.939 -28.822 22.1 3.20 MW ADE
2012 04 19 1909 148.642 -35.328 8.2 3.69 MW MEL
2012 04 26 1457 139.008 -31.552 16.5 2.80 MW ADE
2012 04 29 0657 151.020 -32.681 0.2 2.80 MW MEL
2012 05 24 1906 141.738 -31.318 20.9 3.60 MW ADE
2012 06 04 0409 138.436 -33.334 13.4 3.00 MW ADE
2012 06 05 0912 148.757 -34.304 10.0 3.25 MW MEL
2012 06 11 2107 138.558 -32.332 18.1 3.00 MW ADE
2012 06 26 1340 138.564 -31.693 20.7 2.80 MW ADE
2012 07 01 1617 138.768 -31.700 13.6 2.70 MW ADE
2012 07 20 1008 149.516 -32.064 10.0 2.70 MW AUST
2012 07 30 0334 146.159 -17.025 10.0 3.50 MW MEL
2012 07 31 0508 146.246 -17.051 7.0 2.80 MW MEL
2012 08 12 1401 148.773 -32.958 2.0 2.90 MW MEL
2012 08 21 0625 149.228 -34.312 1.4 2.60 MW MEL
2012 08 25 0627 141.739 -29.445 0.0 2.90 MW AUST
2012 08 31 1221 138.449 -32.578 5.3 2.60 MW ADE
2012 09 07 0700 149.431 -28.754 10.0 2.80 MW MEL
2012 09 10 0623 151.806 -33.506 15.5 3.20 MW MEL
2012 09 17 1306 150.782 -34.164 2.0 2.70 MW MEL
2012 09 23 1629 151.465 -26.333 6.5 3.10 MW MEL
2012 10 02 1138 144.082 -36.877 2.0 2.60 MW MEL
2012 10 17 1816 141.900 -30.661 17.9 3.53 MW ADE
2012 11 13 0747 139.784 -28.308 10.0 3.00 MW ADE
2012 11 16 0316 138.448 -33.388 10.5 2.80 MW ADE
2012 11 22 0248 140.924 -27.782 10.0 2.90 MW AUST
2012 11 25 1506 140.822 -27.969 10.0 2.70 MW AUST
2012 11 27 0401 140.482 -27.587 0.0 2.60 MW AUST
2012 11 28 1637 140.460 -27.895 10.0 2.90 MW AUST
2012 11 29 1921 140.659 -27.756 5.0 3.87 MW AUST
2012 12 04 1751 139.233 -30.026 17.3 3.50 MW ADE
2012 12 04 2017 151.473 -25.785 10.0 3.50 MW AUST
2012 12 21 1526 152.226 -32.394 4.0 3.40 MW MEL
2013 01 05 0022 138.539 -33.293 15.7 3.28 MW ADE
2013 01 12 1610 148.918 -34.186 9.0 3.34 MW AUST
2013 01 22 1422 138.749 -33.245 5.4 2.60 MW ADE
2013 02 02 0020 141.009 -27.873 33.1 2.60 MW ADE
2013 02 05 2307 148.743 -31.379 10.0 2.80 MW MEL
2013 02 15 1232 145.861 -36.935 2.4 3.00 MW MEL
2013 02 18 0923 148.958 -33.444 0.0 3.40 MW MEL
2013 02 21 1336 144.501 -36.051 23.1 3.40 MW MEL
2013 02 26 1253 140.821 -27.750 19.6 3.31 MW ADE
2013 04 22 2102 139.056 -33.256 7.6 2.90 MW ADE
2013 05 06 0355 139.183 -34.435 17.0 2.80 MW ADE
2013 05 13 1108 150.850 -29.160 10.0 3.30 MW MEL
2013 06 01 0558 148.848 -23.645 3.0 3.20 MW AUST
2013 06 03 1803 138.637 -31.289 23.5 2.70 MW ADE
2013 06 03 1944 149.014 -29.030 10.0 3.50 MW MEL
2013 06 09 0235 144.084 -36.894 6.3 2.90 MW GG
2013 06 14 1121 138.676 -31.750 19.5 3.20 MW ADE
2013 06 22 1157 146.147 -36.777 12.2 3.18 MW MEL
2013 06 27 1221 138.278 -33.464 18.5 2.60 MW ADE
2013 07 02 1110 138.135 -30.321 30.9 2.60 MW ADE
2013 07 11 0018 138.571 -31.939 17.3 2.90 MW ADE
2013 07 21 0848 150.889 -32.289 0.0 3.40 MW MEL
2013 07 29 1132 138.619 -31.367 15.1 3.20 MW ADE
2013 08 28 0915 148.317 -34.290 1.0 2.90 MW MEL
2013 08 30 2304 149.760 -37.814 10.0 2.90 MW MEL
2013 09 26 0510 137.867 -29.821 13.4 2.60 MW ADE
2013 10 04 0722 138.622 -31.439 14.0 2.70 MW ADE
2013 10 07 2015 150.788 -34.165 6.2 3.62 MW MEL
2013 10 22 0716 137.550 -29.578 11.2 2.90 MW ADE
2013 10 22 2229 138.523 -33.571 15.8 2.90 MW ADE
2013 10 26 1032 138.618 -30.233 12.8 3.30 MW ADE
2013 10 29 0706 138.578 -32.002 4.1 2.70 MW ADE
2013 11 03 0251 150.039 -36.400 10.0 3.50 MW MEL
2013 11 22 1659 138.303 -31.092 15.5 3.00 MW ADE
2013 11 27 0924 145.551 -28.230 15.0 3.00 MW AUST
2013 11 29 0211 151.030 -32.464 1.0 3.33 MW MEL
2013 11 30 0549 139.480 -28.545 21.5 3.68 MW ADE
2013 12 01 0951 145.550 -17.090 0.0 2.80 MW AUST
2013 12 02 2114 139.135 -31.656 14.5 2.60 MW ADE
2013 12 11 2047 143.843 -29.569 10.0 2.90 MW AUST
2013 12 12 1724 139.775 -25.627 12.3 2.90 MW ADE
2013 12 13 2053 143.227 -35.547 10.0 2.60 MW MEL
2013 12 16 0207 138.553 -31.562 10.9 3.00 MW ADE
2013 12 20 0941 150.779 -34.161 10.0 2.70 MW MEL
2013 12 22 1619 143.741 -36.290 4.0 2.90 MW MEL
2013 12 27 1333 139.889 -25.638 9.5 3.20 MW ADE
2014 01 05 1801 138.685 -31.949 15.7 3.40 MW ADE
2014 01 05 2155 138.611 -34.988 9.7 2.60 MW ADE
2014 01 11 1311 152.493 -32.534 10.0 2.70 MW AUST
2014 01 13 0458 145.350 -37.874 11.8 3.00 MW MEL
2014 01 17 0017 138.146 -33.299 14.2 3.30 MW ADE
2014 01 19 1522 151.335 -32.313 3.1 2.80 MW SRC
2014 01 19 1813 138.306 -33.149 11.9 3.20 MW ADE
2014 01 23 0902 148.780 -32.896 3.9 4.10 MW MEL
2014 01 25 1338 150.739 -32.485 10.0 3.10 MW SRC
2014 02 02 0657 148.585 -33.354 10.0 2.80 MW MEL
2014 02 22 1705 141.257 -24.615 0.0 3.00 MW AUST
2014 02 27 0149 147.204 -33.850 0.0 3.20 MW AUST
2014 03 01 0513 147.003 -33.835 10.0 3.00 MW MEL
2014 03 13 0835 141.146 -35.644 8.4 2.60 MW ADE
2014 03 20 1542 138.970 -28.226 7.0 2.60 MW ADE
2014 03 24 0850 138.231 -32.060 14.9 2.70 MW ADE
2014 03 25 0551 148.964 -34.184 0.0 2.80 MW MEL
2014 03 31 0540 138.251 -32.745 12.5 3.20 MW ADE
2014 04 02 0323 139.000 -33.653 14.7 3.00 MW ADE
2014 04 13 1913 138.410 -31.830 6.9 3.20 MW ADE
2014 04 21 1651 148.608 -32.608 2.0 3.70 MW MEL
2014 04 23 1301 138.437 -33.353 18.5 3.10 MW ADE
2014 04 29 0954 139.559 -32.816 2.8 4.12 MW ADE
2014 05 22 1544 138.673 -32.020 16.9 2.60 MW ADE
2014 06 12 2008 138.296 -32.492 16.2 3.00 MW ADE
2014 06 14 1419 151.679 -25.228 5.0 3.10 MW MEL
2014 06 21 1051 138.310 -32.979 13.1 2.70 MW ADE
2014 07 07 0756 137.461 -36.076 10.0 2.70 MW AUST
2014 07 20 2026 147.876 -28.249 15.0 4.30 MW MEL
2014 07 27 1139 142.025 -30.179 0.0 2.70 MW AUST
2014 07 31 0530 141.564 -31.201 10.0 2.70 MW AUST
2014 07 31 2014 151.373 -32.842 0.0 2.60 MW SRC
2014 08 02 1413 148.988 -28.508 10.0 2.90 MW MEL
2014 08 08 1617 146.416 -17.044 0.0 3.33 MW AUST
2014 08 11 1834 151.968 -22.262 10.0 2.60 MW MEL
2014 08 13 1522 142.053 -33.520 10.0 3.36 MW GG
2014 08 22 0838 150.668 -25.714 4.0 3.10 MW MEL
2014 08 27 0946 152.989 -31.979 10.0 3.10 MW MEL
2014 09 01 1418 139.617 -26.190 23.1 3.29 MW ADE
2014 09 07 0117 141.822 -29.827 10.0 2.70 MW AUST
2014 09 13 0852 139.103 -33.766 15.1 2.60 MW ADE
2014 09 17 1416 139.023 -33.463 8.7 3.20 MW ADE
2014 09 18 1207 138.242 -32.884 16.6 2.80 MW ADE
2014 09 19 0159 149.201 -32.434 0.1 2.60 MW SRC
2014 09 23 1155 151.367 -32.870 0.0 3.13 MW SRC
2014 09 24 1355 150.082 -29.455 10.0 2.60 MW MEL
2014 09 30 2038 149.361 -21.423 10.0 2.90 MW MEL
2014 10 01 1409 138.388 -33.577 13.2 3.00 MW ADE
2014 10 19 0334 140.730 -27.771 20.0 3.20 MW ADE
2014 10 20 1440 151.345 -32.854 0.0 2.60 MW SRC
2014 11 04 0033 151.423 -32.953 10.0 2.60 MW AUST
2014 11 13 2056 140.729 -26.978 20.5 2.60 MW ADE
2014 11 19 0513 147.923 -35.146 8.7 3.32 MW MEL
2014 12 07 2151 147.384 -33.871 0.0 2.60 MW AUST
2014 12 18 2139 151.339 -32.871 0.0 2.70 MW SRC
2014 12 20 2222 140.798 -26.957 27.8 2.70 MW ADE
2014 12 22 1158 141.822 -31.942 19.2 3.30 MW ADE
2015 01 09 0439 151.338 -32.841 0.0 2.80 MW SRC
2015 01 09 0732 138.265 -33.028 15.5 2.90 MW ADE
2015 01 17 2130 138.670 -32.001 14.9 2.80 MW ADE
2015 01 24 1844 143.344 -23.751 10.0 3.29 MW AUST
2015 02 15 1557 151.555 -25.102 10.0 4.76 MW SRC
2015 02 20 0340 137.593 -29.550 25.6 2.60 MW ADE
2015 02 20 2000 150.315 -30.099 10.0 2.70 MW AUST
2015 03 10 1239 145.512 -38.035 9.5 2.90 MW SRC
2015 04 11 1522 138.542 -33.352 11.8 2.70 MW ADE
2015 04 16 0938 151.399 -32.908 6.0 2.60 MW AUST
2015 04 17 0209 138.574 -31.883 15.7 3.00 MW ADE
2015 05 11 0340 138.159 -32.707 14.2 3.30 MW ADE
2015 05 22 1340 149.234 -31.986 10.0 2.60 MW AUST
2015 06 16 0411 138.658 -31.426 14.7 2.90 MW ADE
2015 06 25 0628 138.580 -32.851 5.3 2.90 MW ADE
2015 06 25 0729 152.368 -27.049 7.3 3.20 MW SRC
2015 07 13 0512 138.630 -32.049 21.6 2.60 MW ADE
2015 07 20 0945 139.169 -32.107 11.6 3.00 MW ADE
2015 07 20 1418 149.165 -34.751 2.5 3.00 MW SRC
2015 07 21 0505 151.831 -28.781 1.0 3.00 MW SRC
2015 07 27 0823 138.713 -31.647 20.2 3.30 MW ADE
2015 09 04 1524 138.174 -32.345 16.6 2.80 MW ADE
2015 09 20 1753 138.355 -36.773 10.0 3.76 MW SRC
2015 11 25 1300 138.689 -31.328 22.2 2.60 MW ADE
2015 11 26 0800 138.701 -30.786 10.0 2.80 MW AUST
2015 12 01 0907 150.743 -24.787 10.0 3.24 MW SRC
2015 12 21 1600 151.400 -26.051 9.3 2.90 MW CQSRG
2015 12 30 1346 141.757 -26.495 34.3 3.10 MW ADE
2016 01 04 0333 138.935 -32.451 7.3 3.41 MW ADE
2016 01 19 0706 142.683 -27.941 9.0 2.70 MW AUST
2016 01 30 1739 149.080 -35.910 7.0 3.63 MW AUST
2016 02 10 0503 148.838 -35.002 8.5 3.26 MW SRC
2016 04 30 0207 150.100 -32.261 0.0 2.60 MW AUST
2016 05 01 1700 144.209 -36.915 5.8 2.80 MW SRC
2016 05 15 0741 138.655 -31.801 14.0 2.90 MW AUST
2016 05 24 0731 138.761 -31.814 10.0 2.90 MW AUST
2016 05 26 1147 139.161 -31.080 12.0 3.00 MW AUST
2016 05 27 2011 138.272 -33.359 0.0 2.60 MW AUST
2016 05 31 2346 139.232 -33.926 0.0 3.44 MW AUST
2016 06 04 1106 141.233 -30.082 12.0 2.70 MW AUST
2016 06 17 1957 152.583 -27.104 1.0 2.80 MW SRC
2016 07 11 0408 137.656 -29.922 11.0 2.90 MW AUST
2016 07 18 1128 150.863 -32.289 1.0 3.00 MW SRC
2016 07 25 1025 138.302 -33.291 2.0 2.70 MW AUST
2016 08 09 2052 139.123 -29.391 10.0 2.80 MW AUST
2016 08 11 0544 150.855 -32.261 10.0 3.25 MW SRC
2016 08 18 0430 148.756 -19.821 10.0 6.10 MW SRC
2016 09 09 1049 145.851 -35.056 10.0 2.70 MW AUST
2016 09 10 0029 149.033 -33.460 0.0 2.80 MW AUST
2016 09 20 1205 151.416 -32.953 0.0 2.60 MW AUST
2016 09 22 0926 147.235 -26.858 10.0 2.80 MW AUST
2016 10 03 0616 136.825 -35.853 10.0 3.54 MW AUST
2016 10 07 0153 150.168 -30.724 0.0 2.90 MW SRC
2016 10 07 1755 138.542 -33.541 11.0 3.20 MW AUST
2016 10 11 1750 138.749 -31.430 12.0 2.60 MW AUST
2016 10 17 1530 151.408 -32.909 0.0 2.70 MW AUST
2016 10 20 1605 139.450 -27.375 10.0 2.70 MW AUST
2016 10 26 1515 149.620 -31.930 11.0 2.60 MW AUST
2016 10 29 0343 138.747 -30.632 10.0 3.47 MW AUST
2016 10 30 1805 138.344 -32.075 19.0 2.70 MW AUST
2016 10 31 1441 138.259 -31.042 4.0 2.60 MW AUST
2016 11 11 0656 142.211 -30.998 0.0 2.70 MW ADE
2016 11 14 1616 145.102 -37.213 10.0 2.80 MW AUST
2016 11 25 1327 139.305 -33.908 0.0 2.80 MW AUST
2016 12 18 1834 150.881 -32.261 10.0 2.80 MW AUST
2017 01 03 1413 150.708 -34.179 0.0 3.82 MW SRC
2017 01 10 1444 138.153 -32.285 10.0 3.10 MW AUST
2017 01 15 0340 141.493 -31.929 10.0 2.70 MW AUST
2017 01 19 1846 146.804 -36.569 10.0 2.60 MW AUST
2017 01 22 1534 142.624 -28.105 10.0 3.20 MW AUST
2017 01 24 0420 143.045 -27.997 10.0 3.10 MW AUST
2017 01 24 1617 138.541 -31.691 10.0 2.60 MW AUST
2017 01 25 2029 138.624 -33.769 10.0 2.60 MW AUST
2017 02 01 1337 139.258 -35.113 25.2 3.73 MW GG
2017 02 05 1441 138.849 -33.796 10.0 2.70 MW AUST
2017 02 10 0153 138.550 -35.030 13.0 2.90 MW AUST
2017 02 12 2140 138.310 -32.985 10.0 2.70 MW AUST
2017 02 23 0716 151.048 -31.789 10.0 2.60 MW AUST
2017 03 17 0209 150.422 -31.287 10.0 2.70 MW AUST
2017 03 24 1332 150.950 -28.897 10.0 2.60 MW AUST
2017 04 09 1010 149.013 -34.475 10.0 2.60 MW AUST
2017 04 10 1804 138.084 -30.388 10.0 2.60 MW AUST
2017 04 13 1631 148.956 -33.464 0.0 4.24 MW AUST
2017 04 21 1201 140.382 -29.250 10.0 2.80 MW AUST
2017 04 24 0737 138.399 -32.440 10.0 3.58 MW AUST
2017 04 25 0930 138.870 -31.185 10.0 3.10 MW AUST
2017 05 15 0959 148.267 -33.928 10.0 2.80 MW AUST
2017 05 15 1022 146.571 -32.117 10.0 3.00 MW AUST
