1886 11 29 1700 148.800 -34.750 10.0 4.9 MW BMR
1930 10 27 0203 149.000 -34.500 10.0 4.6 MW BurkeG
1924 03 06 2345 149.000 -34.900 10.0 3.8 MW Cotton
1961 02 08 1856 149.320 -35.240 14.0 3.5 MW CAN
1959 05 13 1131 148.860 -34.620 3.0 3.0 MW CAN
1962 03 30 0312 148.370 -34.440 12.0 3.5 MW CAN
1959 06 21 1207 148.780 -34.100 0.0 3.1 MW CAN
1964 03 21 0218 149.240 -34.210 7.0 3.7 MW CAN
1959 08 23 0049 148.740 -34.540 1.0 2.8 MW CAN
1961 02 21 1955 148.420 -34.380 0.0 3.1 MW CAN
1968 01 10 0049 148.750 -34.650 6.0 3.5 MW CAN
1959 10 09 0922 148.870 -34.590 0.0 2.8 MW CAN
1961 03 31 0200 148.790 -34.090 0.0 3.3 MW CAN
1960 01 05 1042 148.800 -34.140 0.0 2.8 MW CAN
1962 01 26 0902 148.440 -34.430 8.0 3.0 MW CAN
1968 07 11 1931 149.150 -34.200 7.0 3.5 MW CAN
1960 01 27 1807 148.840 -34.610 6.0 2.4 MW CAN
1960 09 27 2317 148.950 -35.010 0.0 2.5 MW CAN
1962 03 18 2155 148.350 -34.420 10.0 3.2 MW CAN
1971 06 23 0818 148.770 -34.020 5.0 3.5 MW CAN
1974 04 16 0044 148.850 -34.890 0.0 3.6 MW BMR
1960 10 26 0154 148.820 -33.970 0.0 2.8 MW CAN
1962 04 23 1947 149.090 -34.530 1.0 3.0 MW CAN
1974 05 06 1946 149.021 -35.033 5.0 3.7 MW BMR
1960 12 10 0643 149.170 -35.100 0.0 2.4 MW CAN
1963 03 01 2213 148.830 -34.890 2.0 3.2 MW CAN
1976 10 27 0443 148.330 -34.300 15.0 3.7 MW CAN
1961 01 20 0355 149.060 -35.070 2.0 2.8 MW CAN
1963 03 31 0227 149.030 -35.000 9.0 3.4 MW CAN
1963 07 02 0201 149.000 -34.900 0.0 3.1 MW CAN
1963 07 30 0158 148.400 -34.400 0.0 3.4 MW CAN
1961 03 02 2227 148.940 -34.630 0.0 2.8 MW CAN
1963 09 03 0351 148.440 -34.410 9.0 3.4 MW CAN
1961 03 11 0527 148.850 -34.030 0.0 2.7 MW CAN
1963 11 30 2335 148.910 -34.660 9.0 3.2 MW CAN
1961 03 25 0201 149.060 -35.090 19.0 2.4 MW CAN
1964 08 06 2330 149.070 -34.970 9.0 3.1 MW CAN
1961 04 12 1258 148.870 -34.260 0.0 2.8 MW CAN
1961 04 28 1341 148.520 -34.440 0.0 2.8 MW CAN
1964 12 06 1319 148.940 -34.720 0.0 3.1 MW CAN
1961 06 29 0822 149.340 -34.350 0.0 2.9 MW CAN
1965 06 21 1138 148.340 -34.340 32.0 3.1 MW CAN
1965 07 18 0440 149.090 -34.130 0.0 3.0 MW CAN
1961 08 27 1909 149.000 -34.100 0.0 2.6 MW CAN
1961 09 15 2240 149.000 -34.200 0.0 2.7 MW CAN
1965 08 03 1914 148.800 -34.470 0.0 3.2 MW CAN
1961 12 22 2238 149.050 -34.510 4.0 2.7 MW CAN
1965 09 07 2002 148.570 -34.640 2.0 3.1 MW CAN
1967 04 06 0347 149.200 -34.400 3.0 3.0 MW CAN
1962 01 24 2057 148.890 -33.970 0.0 2.4 MW CAN
1967 10 19 1355 148.830 -34.620 5.0 3.0 MW CAN
1962 01 29 1619 148.780 -34.690 5.0 2.7 MW CAN
1967 12 14 0106 148.860 -34.660 5.0 3.2 MW CAN
1962 03 11 1255 148.280 -34.370 5.0 2.9 MW CAN
1968 03 01 0647 148.800 -34.040 7.0 3.2 MW CAN
1968 04 20 1006 148.780 -34.040 9.0 3.4 MW CAN
1962 04 03 1002 148.660 -34.390 5.0 2.6 MW CAN
1968 05 03 1759 148.790 -34.040 7.0 3.4 MW CAN
1962 04 11 2121 148.560 -34.280 4.0 2.9 MW CAN
1968 10 28 1633 149.170 -34.170 3.0 3.2 MW CAN
1962 05 11 1434 149.030 -34.170 0.0 2.8 MW CAN
1968 12 31 0311 149.160 -34.240 2.0 3.0 MW CAN
1962 05 30 0535 148.300 -34.350 0.0 2.7 MW CAN
1962 07 24 2035 149.100 -34.300 0.0 2.6 MW CAN
1968 12 31 1759 148.970 -34.760 11.0 3.2 MW CAN
1969 01 12 0140 149.020 -34.740 0.0 3.0 MW CAN
1962 08 20 2206 149.060 -34.160 21.0 2.8 MW CAN
1969 01 23 2137 148.720 -34.020 0.0 3.0 MW CAN
1962 08 25 1652 148.800 -34.600 0.0 2.9 MW CAN
1962 09 17 0915 148.860 -34.170 2.0 2.9 MW CAN
1969 02 14 1552 149.110 -34.160 3.0 3.4 MW CAN
1969 07 28 0623 149.170 -34.140 0.0 3.1 MW CAN
1962 10 05 0437 148.620 -34.390 0.0 2.8 MW CAN
1970 05 14 1634 149.170 -35.160 20.0 3.0 MW CAN
1962 10 06 1947 148.680 -34.090 1.0 2.4 MW CAN
1962 10 06 1952 148.700 -34.080 9.0 2.4 MW CAN
1970 08 02 1232 149.050 -34.200 2.0 3.3 MW CAN
1970 12 15 0853 148.760 -34.010 0.0 3.0 MW CAN
1962 10 25 2332 148.880 -34.950 0.0 2.7 MW CAN
1962 11 16 0736 149.140 -34.960 0.0 2.1 MW CAN
1971 08 10 0618 148.890 -33.960 35.0 3.0 MW CAN
1963 01 22 2248 149.110 -34.200 0.0 2.7 MW CAN
1972 01 01 0245 149.050 -34.950 9.0 3.1 MW CAN
1963 02 18 1745 149.200 -34.200 0.0 2.4 MW CAN
1972 05 14 0757 148.810 -34.890 4.0 3.0 MW CAN
1963 03 21 1640 148.330 -34.360 0.0 2.5 MW CAN
1972 09 12 1937 148.840 -33.980 4.0 3.2 MW CAN
1963 03 29 1829 149.230 -34.480 5.0 2.4 MW CAN
1972 10 14 1906 148.880 -34.000 0.0 3.1 MW CAN
1972 12 14 1633 148.870 -34.330 0.0 3.0 MW CAN
1963 04 23 1721 148.860 -34.060 0.0 2.5 MW CAN
1973 02 16 2204 149.080 -34.170 2.0 3.0 MW CAN
1963 05 13 0301 148.870 -34.950 0.0 2.5 MW CAN
1973 08 03 0317 148.360 -34.370 11.0 3.0 MW CAN
1963 05 22 1456 148.880 -34.980 0.0 2.4 MW CAN
1973 08 14 0527 148.900 -34.300 0.0 3.1 MW CAN
1974 02 14 0045 149.020 -34.510 0.0 3.0 MW CAN
1963 06 09 0113 148.990 -34.960 0.0 2.1 MW CAN
1974 03 05 0815 148.980 -34.950 0.0 3.2 MW BMR
1963 08 10 2248 148.780 -34.770 0.0 2.5 MW CAN
1963 08 16 1150 149.200 -34.120 0.0 2.4 MW CAN
1974 07 13 2348 149.040 -35.010 0.0 3.2 MW CAN
1963 08 21 0320 149.330 -34.470 0.0 2.5 MW CAN
1974 07 26 2219 149.000 -35.020 6.0 3.2 MW CAN
1975 08 02 1938 149.120 -34.200 7.0 3.0 MW CAN
1963 09 16 0749 148.850 -33.960 0.0 2.9 MW CAN
1975 12 18 0152 149.000 -35.010 68.0 3.1 MW CAN
1976 01 16 0437 149.000 -35.010 0.0 3.0 MW CAN
1963 10 18 1336 149.090 -34.200 10.0 2.5 MW CAN
1976 07 08 0804 149.209 -34.445 1.0 3.1 MW BMR
1963 11 09 2221 149.200 -34.130 0.0 2.7 MW CAN
1976 09 03 2223 148.940 -34.290 13.0 3.1 MW CAN
1963 12 29 0146 149.190 -34.500 10.0 2.2 MW CAN
1976 11 18 1442 148.800 -34.620 14.0 3.0 MW CAN
1963 12 30 1053 149.090 -35.040 12.0 2.9 MW CAN
1977 01 29 1041 148.810 -34.630 12.0 3.1 MW CAN
1964 01 30 0622 148.850 -33.930 0.0 2.2 MW CAN
1964 02 02 1606 148.380 -34.280 9.0 2.5 MW CAN
1977 03 01 1345 148.770 -34.760 14.0 3.2 MW CAN
1977 05 02 0400 149.190 -34.440 10.0 3.0 MW CAN
1964 03 21 1218 148.740 -34.520 9.0 2.9 MW CAN
1964 04 01 1927 148.300 -34.380 0.0 2.7 MW CAN
1977 10 25 2354 148.340 -34.340 14.0 3.2 MW CAN
1964 07 15 1736 149.250 -34.250 0.0 2.4 MW CAN
1978 01 15 2149 149.120 -34.210 0.0 3.0 MW CAN
1978 02 08 1626 148.830 -34.120 13.0 3.0 MW CAN
1964 08 09 1107 149.190 -34.240 54.0 2.8 MW CAN
1978 06 02 2233 148.870 -34.270 14.0 3.1 MW CAN
1979 01 29 2245 148.900 -34.680 0.0 3.0 MW CAN
1965 02 07 1246 149.080 -34.100 0.0 2.7 MW CAN
1979 03 05 0316 148.720 -34.770 13.0 3.0 MW CAN
1965 02 22 0052 148.850 -34.950 0.0 2.5 MW CAN
1979 04 25 0926 148.890 -34.680 16.0 3.1 MW CAN
1965 04 03 1834 149.240 -34.240 7.0 2.7 MW CAN
1979 06 17 0853 148.850 -34.380 0.0 3.0 MW CAN
1965 06 05 1018 149.160 -34.160 0.0 2.7 MW CAN
1980 05 23 1746 149.130 -34.210 14.0 3.2 MW CAN
1965 06 15 0342 148.310 -34.310 0.0 2.9 MW CAN
1980 06 07 0700 149.190 -34.160 0.0 3.1 MW CAN
1965 07 17 2009 149.140 -34.410 67.0 2.9 MW CAN
1980 07 19 0051 148.810 -34.580 16.0 3.4 MW CAN
1980 09 15 1913 148.330 -34.350 16.0 3.1 MW CAN
1981 07 09 0541 148.810 -34.590 13.0 3.0 MW CAN
1965 08 14 0108 148.930 -34.540 0.0 2.4 MW CAN
1981 07 26 1705 148.820 -34.590 15.0 3.2 MW CAN
1965 08 27 1559 148.810 -34.050 19.0 2.5 MW CAN
1981 09 05 0700 148.980 -34.210 12.0 3.1 MW CAN
1981 12 15 0548 149.010 -35.030 15.0 3.2 MW CAN
1965 09 07 1444 148.700 -34.370 0.0 2.7 MW CAN
1982 01 16 1524 148.720 -34.340 16.0 3.1 MW CAN
1982 05 16 0418 148.750 -34.160 11.0 3.1 MW CAN
1965 10 02 1517 148.930 -34.270 0.0 2.5 MW CAN
1982 11 04 1837 148.900 -34.280 19.0 3.0 MW CAN
1965 10 02 1639 149.030 -34.920 0.0 2.5 MW CAN
1965 11 03 1047 148.870 -34.970 0.0 2.7 MW CAN
1982 11 05 0133 148.963 -34.901 6.5 3.2 MW MEL
1983 03 09 0751 148.810 -34.620 10.0 3.0 MW CAN
1965 11 10 0942 149.370 -34.430 0.0 2.5 MW CAN
1966 05 08 0020 149.150 -34.250 20.0 2.7 MW CAN
1983 04 03 1631 148.876 -34.589 16.8 3.0 MW MEL
1966 05 13 1955 149.130 -34.300 0.0 2.5 MW CAN
1983 04 12 0656 148.890 -34.330 10.0 3.2 MW CAN
1966 12 23 0138 149.080 -34.820 0.0 2.5 MW CAN
1983 05 30 1724 148.960 -34.550 0.0 3.0 MW CAN
1983 08 06 0831 148.540 -34.550 16.0 3.2 MW CAN
1967 01 31 1803 148.780 -34.360 4.0 2.8 MW CAN
1983 08 14 1043 148.930 -34.770 14.0 3.2 MW CAN
1967 04 01 0427 149.100 -34.900 0.0 2.2 MW CAN
1983 12 29 0453 149.150 -34.320 10.0 3.1 MW CAN
1967 04 28 1718 149.030 -34.300 14.0 2.9 MW CAN
1984 06 22 1348 148.680 -34.350 16.0 3.1 MW CAN
1967 05 14 1838 148.850 -34.280 0.0 2.7 MW CAN
1984 07 03 1950 148.870 -34.900 16.0 3.1 MW CAN
1967 07 31 2016 148.400 -34.480 0.0 2.4 MW CAN
1985 04 07 1015 149.160 -34.230 12.0 3.1 MW CAN
1985 04 24 0112 148.350 -34.380 14.0 3.2 MW CAN
1967 08 10 0041 149.000 -34.870 0.0 2.8 MW CAN
1985 04 27 0415 148.910 -34.290 12.0 3.1 MW CAN
1985 08 18 0503 148.740 -34.250 17.0 3.2 MW CAN
1985 08 21 1654 148.730 -34.370 16.0 3.0 MW CAN
1985 11 25 2210 149.080 -34.470 21.0 3.0 MW CAN
1985 12 17 1359 149.140 -34.220 17.0 3.1 MW CAN
1968 03 14 1202 148.590 -34.620 11.0 2.5 MW CAN
1986 02 28 0935 148.790 -34.260 18.0 3.0 MW CAN
1968 03 19 1743 148.750 -34.560 5.0 2.5 MW CAN
1986 04 16 0505 148.570 -34.420 14.0 3.1 MW CAN
1986 05 15 2354 148.830 -34.100 15.0 3.1 MW CAN
1986 12 12 1502 149.010 -34.350 7.0 3.1 MW CAN
1968 04 21 2010 148.880 -34.940 2.0 2.9 MW CAN
1987 08 11 1045 149.210 -34.370 11.0 3.0 MW CAN
1988 02 13 1038 148.780 -34.330 12.0 3.0 MW CAN
1968 07 17 0630 148.880 -33.950 0.0 2.5 MW CAN
1989 07 08 1201 148.890 -34.160 10.0 3.1 MW CAN
1968 09 11 1840 149.130 -34.160 2.0 2.7 MW CAN
1968 09 11 2205 148.820 -34.290 18.0 2.5 MW CAN
1968 10 14 1006 148.960 -34.940 6.0 2.4 MW CAN
1968 11 09 1832 148.560 -34.470 3.0 2.5 MW CAN
1968 11 22 0252 149.080 -34.260 12.0 2.5 MW CAN
1968 11 22 0319 149.270 -34.240 22.0 2.5 MW CAN
1968 11 29 0150 149.140 -34.130 2.0 2.7 MW CAN
1969 01 01 0300 148.700 -34.170 0.0 2.7 MW CAN
1969 03 29 1630 149.100 -34.200 0.0 2.5 MW CAN
1969 04 23 0344 148.630 -34.150 0.0 2.9 MW CAN
1969 05 22 1204 148.500 -34.350 0.0 2.2 MW CAN
1969 06 03 1840 149.000 -34.490 13.0 2.5 MW CAN
1969 07 16 1912 149.140 -34.130 4.0 2.9 MW CAN
1969 07 29 0618 149.100 -35.130 0.0 2.5 MW CAN
1969 09 16 1521 149.150 -34.200 3.0 2.7 MW CAN
1969 11 16 1155 149.100 -34.130 0.0 2.5 MW CAN
1969 12 02 0815 148.900 -34.150 0.0 2.5 MW CAN
1970 01 08 1909 149.280 -35.200 0.0 2.7 MW CAN
1970 01 27 1713 148.280 -34.320 6.0 2.7 MW CAN
1970 04 29 0457 148.680 -34.350 0.0 2.4 MW CAN
1970 05 15 0313 149.140 -34.190 6.0 2.6 MW CAN
1970 06 30 0412 149.100 -34.190 8.0 2.8 MW CAN
1970 08 11 1218 149.060 -34.280 8.0 2.7 MW CAN
1970 08 23 1905 149.120 -34.140 13.0 2.8 MW CAN
1970 08 28 0731 149.300 -35.400 0.0 2.7 MW CAN
1970 09 12 2019 149.090 -34.160 0.0 2.7 MW CAN
1970 09 17 1415 149.040 -34.940 0.0 2.5 MW CAN
1970 11 16 1450 149.100 -34.180 7.0 2.7 MW CAN
1970 11 23 1316 148.310 -34.330 7.0 2.8 MW CAN
1970 12 29 1507 148.670 -34.410 0.0 2.5 MW CAN
1971 03 01 0626 148.260 -34.360 6.0 2.8 MW CAN
1971 03 16 1029 149.080 -34.110 0.0 2.9 MW CAN
1971 04 09 1410 149.180 -35.180 6.0 2.3 MW CAN
1971 05 11 1132 148.980 -34.170 0.0 2.8 MW CAN
1971 05 29 0718 148.700 -34.410 6.0 2.8 MW CAN
1971 06 01 1452 148.400 -34.500 0.0 2.4 MW CAN
1971 07 05 1734 149.200 -34.120 7.0 2.8 MW CAN
1971 07 08 1151 149.080 -34.130 0.0 2.4 MW CAN
1971 08 18 0213 148.630 -34.370 0.0 2.5 MW CAN
1971 10 10 1105 149.150 -34.480 0.0 2.5 MW CAN
1972 03 10 1854 149.100 -34.230 0.0 2.5 MW CAN
1972 07 23 1345 149.180 -34.180 0.0 2.6 MW CAN
1972 08 13 1332 148.830 -34.020 0.0 2.7 MW CAN
1972 08 22 2004 149.110 -34.270 0.0 2.5 MW CAN
1972 11 01 2345 148.340 -34.290 11.0 2.9 MW CAN
1973 03 03 1428 148.650 -34.500 3.0 2.9 MW CAN
1973 03 04 0515 149.030 -34.970 12.0 2.8 MW CAN
1973 03 16 1345 148.960 -34.720 22.0 2.2 MW CAN
1973 04 07 0330 148.970 -34.920 0.0 2.3 MW CAN
1973 04 10 1524 148.870 -34.430 0.0 2.3 MW CAN
1973 04 18 2106 148.900 -34.480 0.0 2.0 MW CAN
1973 05 14 1423 148.960 -34.540 1.0 2.9 MW CAN
1973 05 29 0311 148.820 -34.420 3.0 2.9 MW CAN
1973 06 06 1139 149.100 -34.270 0.0 2.5 MW CAN
1973 06 21 0921 149.120 -34.520 0.0 2.3 MW CAN
1974 01 20 0935 149.170 -34.250 0.0 2.5 MW CAN
1974 02 07 1218 149.200 -35.170 0.0 2.5 MW CAN
1974 03 29 1114 149.370 -34.350 0.0 2.6 MW CAN
1974 03 29 1144 149.270 -34.240 1.0 2.9 MW CAN
1974 05 01 1010 148.940 -34.600 0.0 1.9 MW CAN
1974 05 28 0522 149.230 -34.130 9.0 2.5 MW CAN
1974 06 26 2313 148.980 -34.220 0.0 2.3 MW CAN
1974 07 19 0500 149.160 -34.200 16.0 2.0 MW CAN
1974 09 14 1501 149.120 -34.160 3.0 2.9 MW CAN
1974 10 31 0829 148.650 -34.420 0.0 2.5 MW CAN
1974 11 28 1819 148.430 -34.370 19.0 2.9 MW CAN
1974 12 07 1204 149.070 -34.200 5.0 2.6 MW CAN
1974 12 13 0420 149.120 -34.170 0.0 2.5 MW CAN
1975 01 08 1253 148.810 -34.740 15.0 2.0 MW CAN
1975 02 28 1907 149.250 -35.170 0.0 2.5 MW CAN
1975 03 03 1102 149.040 -35.030 10.0 2.6 MW CAN
1975 03 12 0149 149.130 -34.200 1.0 2.6 MW CAN
1975 03 19 1726 149.050 -35.040 6.0 2.2 MW CAN
1975 03 26 0808 148.990 -35.020 0.0 2.3 MW CAN
1975 04 04 1749 148.830 -34.600 0.0 2.2 MW CAN
1975 05 29 0405 148.950 -34.540 8.0 2.2 MW CAN
1975 06 27 0405 149.020 -35.020 0.0 2.9 MW CAN
1975 07 05 0947 148.970 -34.570 0.0 2.0 MW CAN
1975 07 30 1538 149.320 -34.370 0.0 2.5 MW CAN
1975 08 01 0341 148.750 -34.770 53.0 2.4 MW CAN
1975 08 17 0254 149.030 -34.220 0.0 2.6 MW CAN
1975 08 22 0318 148.820 -34.700 11.0 2.2 MW CAN
1975 09 18 2157 148.950 -35.050 0.0 2.6 MW CAN
1975 09 30 0813 149.050 -35.030 0.0 2.5 MW CAN
1975 10 01 2235 149.030 -35.010 7.0 2.5 MW CAN
1975 10 03 0051 149.290 -34.470 0.0 2.5 MW CAN
1975 10 31 1916 148.740 -34.320 4.0 2.8 MW CAN
1975 12 14 1115 149.100 -34.200 19.0 2.3 MW CAN
1975 12 28 1608 148.780 -34.020 5.0 2.5 MW CAN
1976 02 06 1011 149.110 -34.230 18.0 2.5 MW CAN
1976 03 08 0745 148.800 -34.750 0.0 2.5 MW CAN
1976 03 24 0730 148.780 -34.750 5.0 2.7 MW CAN
1976 03 31 1112 149.050 -34.320 3.0 2.9 MW CAN
1976 04 15 1433 149.180 -34.230 0.0 2.1 MW CAN
1976 05 02 0226 149.050 -35.020 0.0 2.2 MW CAN
1976 05 14 1155 148.880 -34.020 0.0 2.3 MW CAN
1976 05 18 1000 148.780 -34.750 5.0 2.0 MW CAN
1976 05 18 2045 148.470 -34.520 0.0 2.7 MW CAN
1976 05 21 0734 148.320 -34.280 0.0 2.3 MW CAN
1976 05 25 0517 148.740 -34.730 0.0 2.4 MW CAN
1976 07 02 0858 148.730 -34.050 14.0 2.4 MW CAN
1976 07 17 0006 149.063 -34.489 20.0 2.9 MW BMR
1976 07 18 1145 148.740 -34.060 5.0 2.2 MW CAN
1976 07 24 2027 149.220 -34.300 0.0 2.5 MW CAN
1976 07 29 1846 148.770 -34.320 0.0 2.2 MW CAN
1976 08 22 1021 149.010 -35.020 0.0 2.6 MW CAN
1976 09 13 0033 148.300 -34.300 0.0 2.7 MW CAN
1976 09 25 0326 148.370 -34.320 14.0 2.5 MW CAN
1976 10 25 1748 149.100 -34.220 0.0 2.1 MW CAN
1976 11 02 1552 149.290 -34.500 14.0 2.7 MW CAN
1976 11 20 1427 148.310 -34.320 0.0 2.1 MW CAN
1976 12 20 0511 149.230 -34.370 14.0 2.6 MW CAN
1976 12 22 0431 149.130 -34.500 0.0 2.5 MW CAN
1977 01 20 1753 148.840 -34.590 12.0 2.3 MW CAN
1977 01 30 1855 149.120 -34.180 13.0 2.6 MW CAN
1977 03 06 0518 149.000 -34.150 0.0 2.4 MW CAN
1977 03 28 1721 148.750 -34.060 13.0 2.9 MW CAN
1977 03 30 0434 148.370 -34.260 16.0 2.7 MW CAN
1977 04 19 0546 148.930 -34.210 11.0 2.5 MW CAN
1977 04 25 0428 149.120 -34.180 0.0 2.4 MW CAN
1977 05 01 0036 148.760 -34.070 15.0 2.8 MW CAN
1977 06 01 1710 148.920 -34.170 16.0 2.6 MW CAN
1977 06 03 0940 148.770 -34.760 0.0 2.6 MW CAN
1977 06 06 0543 149.000 -34.180 0.0 2.4 MW CAN
1977 06 22 0353 148.750 -34.740 11.0 2.1 MW CAN
1977 06 24 1659 148.750 -34.050 0.0 2.3 MW CAN
1977 08 01 1536 148.620 -34.670 0.0 2.3 MW CAN
1977 08 02 0857 149.000 -34.770 21.0 2.8 MW CAN
1977 08 06 1931 149.160 -34.160 13.0 2.6 MW CAN
1977 08 20 0940 149.100 -34.220 17.0 2.9 MW CAN
1977 08 26 0831 148.970 -34.210 14.0 2.8 MW CAN
1977 08 28 2319 149.130 -35.000 12.0 2.4 MW CAN
1977 09 11 0714 149.160 -35.010 12.0 2.7 MW CAN
1977 09 13 0511 148.380 -34.300 0.0 2.2 MW CAN
1977 09 23 1611 148.980 -34.210 4.0 2.5 MW CAN
1977 10 24 0711 149.050 -35.100 0.0 1.9 MW CAN
1977 10 26 0122 149.030 -34.330 0.0 2.3 MW CAN
1977 11 10 1742 148.960 -34.740 22.0 2.5 MW CAN
1977 11 15 0259 148.970 -34.420 18.0 2.7 MW CAN
1977 12 04 1348 148.900 -34.670 6.0 2.2 MW CAN
1977 12 23 0207 149.170 -34.290 0.0 2.2 MW CAN
1977 12 31 1123 148.350 -34.310 13.0 2.7 MW CAN
1978 01 09 1452 148.920 -34.650 0.0 1.9 MW CAN
1978 01 24 0053 148.980 -34.560 12.0 2.7 MW CAN
1978 01 24 1637 148.400 -34.380 17.0 2.6 MW CAN
1978 01 26 0728 148.280 -34.340 3.0 2.5 MW CAN
1978 01 29 1952 148.990 -34.540 11.0 2.6 MW CAN
1978 01 31 1006 148.920 -34.660 13.0 2.5 MW CAN
1978 02 06 0552 148.620 -34.320 9.0 2.5 MW CAN
1978 02 17 1405 148.660 -34.680 12.0 2.6 MW CAN
1978 02 23 0544 148.880 -34.150 16.0 2.7 MW CAN
1978 04 05 1035 149.220 -34.200 0.0 2.6 MW CAN
1978 04 23 1810 148.970 -34.230 0.0 2.4 MW CAN
1978 05 04 0515 148.740 -34.750 5.0 2.2 MW CAN
1978 05 14 0355 148.760 -34.060 19.0 2.5 MW CAN
1978 06 18 1726 148.930 -34.660 27.0 2.5 MW CAN
1978 06 23 1433 148.890 -34.310 15.0 2.7 MW CAN
1978 07 10 0331 149.200 -34.440 0.0 2.6 MW CAN
1978 07 12 0835 148.980 -35.000 0.0 2.3 MW CAN
1978 07 20 1922 149.260 -34.370 8.0 2.5 MW CAN
1978 07 26 1457 148.920 -34.750 11.0 2.9 MW CAN
1978 09 12 0612 149.060 -34.220 0.0 2.6 MW CAN
1978 09 12 1918 148.290 -34.390 6.0 2.3 MW CAN
1978 09 22 0054 148.890 -34.670 18.0 2.9 MW CAN
1978 09 24 1857 149.210 -34.350 0.0 2.2 MW CAN
1978 10 10 0428 148.620 -34.350 0.0 2.5 MW CAN
1978 11 03 0451 149.420 -34.450 9.0 2.5 MW CAN
1978 11 06 0529 149.410 -34.450 10.0 2.5 MW CAN
1978 11 08 0525 149.180 -34.090 12.0 2.6 MW CAN
1978 11 13 0456 149.170 -34.120 0.0 2.6 MW CAN
1978 11 20 0544 149.220 -34.220 0.0 2.3 MW CAN
1978 12 06 2100 148.290 -34.380 18.0 2.7 MW CAN
1978 12 18 0408 148.640 -34.540 0.0 2.1 MW CAN
1979 02 01 0659 148.610 -34.540 0.0 2.4 MW CAN
1979 02 07 0740 148.720 -34.330 0.0 2.3 MW CAN
1979 02 07 0742 148.720 -34.330 0.0 2.3 MW CAN
1979 02 07 1109 148.720 -34.300 2.0 2.3 MW CAN
1979 02 12 0824 149.140 -34.140 33.0 2.4 MW CAN
1979 03 24 0112 148.610 -34.600 0.0 2.8 MW CAN
1979 04 10 2030 149.120 -34.260 47.0 2.7 MW CAN
1979 04 14 0526 148.910 -34.700 0.0 2.6 MW CAN
1979 04 26 0720 148.770 -34.310 14.0 2.9 MW CAN
1979 05 17 1130 148.680 -34.700 0.0 2.6 MW CAN
1979 05 25 0844 149.070 -35.020 0.0 2.4 MW CAN
1979 06 20 0804 148.900 -34.230 0.0 2.3 MW CAN
1979 06 21 0436 148.970 -34.520 0.0 2.4 MW CAN
1979 06 28 0255 149.140 -34.450 0.0 2.4 MW CAN
1979 07 17 0601 149.260 -34.220 11.0 2.5 MW CAN
1979 07 20 0510 148.720 -34.770 0.0 2.4 MW CAN
1979 07 20 0512 149.250 -34.220 2.0 2.7 MW CAN
1979 07 24 1229 148.880 -34.200 0.0 2.7 MW CAN
1979 07 25 2302 148.890 -34.540 14.0 2.9 MW CAN
1979 07 30 0459 148.730 -34.760 0.0 2.5 MW CAN
1979 08 01 0911 148.330 -34.280 0.0 2.9 MW CAN
1979 08 01 1005 148.620 -34.550 0.0 2.7 MW CAN
1979 08 17 1213 149.280 -34.310 0.0 2.3 MW CAN
1979 08 20 0354 149.320 -34.450 0.0 1.9 MW CAN
1979 08 26 1623 148.950 -34.130 0.0 2.7 MW CAN
1979 09 02 0407 149.120 -34.120 0.0 2.2 MW CAN
1979 09 13 1517 149.180 -34.500 10.0 2.1 MW CAN
1979 10 03 0008 149.050 -34.510 0.0 2.5 MW CAN
1979 10 11 0952 149.020 -35.030 0.0 2.3 MW CAN
1979 10 19 1959 148.960 -34.300 18.0 2.7 MW CAN
1980 01 20 2352 148.980 -34.490 0.0 2.6 MW CAN
1980 01 27 0545 148.980 -34.110 0.0 2.6 MW CAN
1980 02 12 0100 148.750 -34.800 17.0 2.5 MW CAN
1980 02 14 2232 148.700 -34.400 8.0 2.3 MW CAN
1980 02 29 0216 148.780 -34.720 24.0 2.3 MW CAN
1980 03 06 2151 148.750 -34.280 0.0 2.4 MW CAN
1980 03 28 1413 149.280 -35.150 0.0 2.2 MW CAN
1980 04 18 2044 149.100 -34.530 75.0 2.4 MW CAN
1980 05 07 1503 149.100 -34.120 23.0 2.7 MW CAN
1980 05 24 0650 148.770 -34.120 7.0 2.5 MW CAN
1980 05 30 2058 148.750 -34.120 33.0 2.7 MW CAN
1980 05 31 0744 148.590 -34.460 41.0 2.7 MW CAN
1980 06 03 0853 148.780 -34.540 21.0 2.3 MW CAN
1980 06 21 0655 148.850 -34.270 14.0 2.9 MW CAN
1980 07 08 1037 149.360 -35.280 0.0 2.4 MW CAN
1980 07 09 1526 149.250 -35.120 12.0 2.7 MW CAN
1980 07 13 0937 149.000 -34.430 0.0 2.3 MW CAN
1980 07 22 2136 148.980 -34.260 0.0 2.7 MW CAN
1980 08 05 0932 148.980 -34.460 0.0 2.3 MW CAN
1980 09 06 1209 149.300 -34.420 0.0 2.6 MW CAN
1980 09 12 1629 148.960 -34.480 0.0 2.4 MW CAN
1980 09 27 2346 148.920 -34.530 0.0 2.5 MW CAN
1980 11 16 0440 149.290 -34.440 0.0 2.3 MW CAN
1980 11 23 1457 149.350 -35.110 14.0 2.0 MW CAN
1980 12 18 1255 149.330 -35.130 0.0 2.5 MW CAN
1981 01 18 1002 148.900 -34.280 11.0 2.9 MW CAN
1981 02 01 1549 148.910 -34.320 0.0 2.7 MW CAN
1981 02 25 1855 148.640 -34.520 13.0 2.9 MW CAN
1981 03 18 1126 149.000 -34.210 15.0 2.9 MW CAN
1981 04 10 0553 149.080 -35.000 0.0 2.4 MW CAN
1981 06 05 0412 149.170 -35.210 10.0 2.2 MW CAN
1981 06 13 1247 148.900 -34.230 0.0 2.5 MW CAN
1981 06 20 1153 148.750 -34.300 0.0 2.6 MW CAN
1981 06 28 0922 149.000 -34.130 0.0 2.7 MW CAN
1981 07 14 1250 148.850 -34.570 12.0 2.6 MW CAN
1981 07 21 0224 148.940 -35.020 0.0 2.5 MW CAN
1981 07 31 2204 148.990 -34.450 9.0 2.3 MW CAN
1981 08 01 0857 148.950 -34.210 0.0 2.3 MW CAN
1981 08 07 2340 148.880 -34.110 0.0 2.8 MW CAN
1981 08 23 0332 148.780 -34.580 13.0 2.9 MW CAN
1981 08 25 1113 149.000 -34.480 0.0 2.5 MW CAN
1981 08 29 1306 148.650 -34.380 0.0 2.7 MW CAN
1981 10 05 1024 149.200 -34.290 0.0 2.8 MW CAN
1981 11 02 0840 148.850 -34.550 12.0 2.7 MW CAN
1981 11 26 0547 149.120 -34.070 42.0 2.7 MW CAN
1981 12 12 1310 149.010 -34.800 12.0 2.5 MW CAN
1981 12 20 1418 148.850 -34.550 0.0 2.4 MW CAN
1981 12 27 1700 149.070 -35.020 11.0 2.3 MW CAN
1981 12 30 0341 148.800 -34.580 11.0 2.6 MW CAN
1982 01 08 1755 148.810 -34.600 0.0 2.2 MW CAN
1982 01 17 1525 149.250 -35.180 0.0 2.3 MW CAN
1982 02 13 0814 148.300 -34.360 5.0 2.7 MW CAN
1982 03 19 0406 148.750 -34.080 15.0 2.9 MW CAN
1982 05 08 0058 148.910 -34.650 15.0 2.8 MW CAN
1982 05 10 1833 148.790 -34.210 0.0 2.7 MW CAN
1982 05 12 0805 148.670 -34.310 0.0 2.4 MW CAN
1982 05 30 0329 148.900 -34.700 0.0 2.9 MW CAN
1982 06 20 0651 149.110 -34.190 0.0 2.6 MW CAN
1982 06 29 1716 149.110 -34.190 0.0 2.5 MW CAN
1982 07 25 1952 148.950 -34.700 0.0 2.6 MW CAN
1982 08 15 2255 148.640 -34.600 0.0 2.4 MW CAN
1982 09 12 0641 148.910 -34.730 0.0 2.2 MW CAN
1982 10 12 1326 148.740 -34.650 14.0 2.9 MW CAN
1982 11 08 0132 149.080 -34.180 15.0 2.9 MW CAN
1982 11 25 2345 148.850 -34.310 8.0 2.7 MW CAN
1982 12 07 0358 148.920 -34.720 29.0 2.6 MW CAN
1983 01 10 1113 148.840 -34.260 18.0 2.5 MW CAN
1983 04 03 0959 148.650 -34.590 15.0 2.7 MW CAN
1983 04 11 2348 149.250 -34.360 0.0 2.4 MW CAN
1983 04 14 1214 148.810 -34.520 10.0 2.8 MW CAN
1983 05 14 0021 148.580 -34.300 0.0 2.6 MW CAN
1983 05 19 2136 148.630 -34.580 16.0 2.9 MW CAN
1983 06 07 0704 148.840 -34.510 14.0 2.9 MW CAN
1983 06 15 1644 149.230 -34.200 15.0 2.9 MW CAN
1983 06 23 0251 148.980 -34.990 0.0 2.5 MW CAN
1983 07 07 1251 148.640 -34.580 0.0 2.3 MW CAN
1983 07 08 1115 148.980 -34.250 0.0 2.7 MW CAN
1983 07 19 0604 149.220 -34.140 0.0 2.5 MW CAN
1983 07 26 0352 149.130 -34.250 19.0 2.4 MW CAN
1983 07 27 1108 148.440 -34.360 13.0 2.8 MW CAN
1983 08 13 0921 148.540 -34.410 2.0 2.4 MW CAN
1983 08 13 2126 148.690 -34.300 0.0 2.5 MW CAN
1983 10 07 1526 149.260 -35.140 13.0 2.3 MW CAN
1983 10 13 0630 149.250 -35.140 0.0 2.3 MW CAN
1983 10 14 0200 148.810 -34.470 0.0 2.9 MW CAN
1983 12 02 0105 148.910 -34.560 8.0 2.7 MW CAN
1984 01 22 0959 148.740 -34.510 0.0 2.1 MW CAN
1984 04 12 1234 149.250 -35.140 0.0 2.7 MW CAN
1984 05 27 1354 148.900 -34.180 14.0 2.4 MW CAN
1984 06 09 0900 148.870 -34.540 11.0 2.7 MW CAN
1984 07 12 0545 148.290 -34.340 14.0 2.7 MW CAN
1984 08 25 1107 148.290 -34.310 8.0 2.9 MW CAN
1984 10 07 1112 149.030 -35.080 11.0 2.6 MW CAN
1984 10 28 1751 149.140 -34.180 12.0 2.5 MW CAN
1984 11 15 0329 148.810 -34.620 14.0 2.3 MW CAN
1984 12 01 1236 149.170 -34.260 0.0 2.2 MW CAN
1984 12 04 0055 148.850 -34.880 0.0 2.5 MW CAN
1984 12 05 0208 148.740 -34.360 17.0 2.5 MW CAN
1984 12 05 0957 149.160 -34.140 0.0 2.5 MW CAN
1984 12 07 0559 149.160 -34.140 0.0 2.6 MW CAN
1984 12 16 0147 148.750 -34.300 0.0 2.2 MW CAN
1984 12 23 1902 149.020 -34.800 0.0 2.4 MW CAN
1985 01 03 0927 148.840 -34.240 10.0 2.7 MW CAN
1985 01 11 0031 148.570 -34.300 15.0 2.9 MW CAN
1985 01 15 0831 149.120 -34.200 16.0 2.7 MW CAN
1985 01 16 1207 149.110 -34.230 20.0 2.7 MW CAN
1985 02 10 1522 148.540 -34.620 0.0 2.2 MW CAN
1985 03 07 1322 148.810 -34.030 0.0 2.3 MW CAN
1985 04 16 1658 148.950 -34.940 0.0 2.0 MW CAN
1985 04 20 1649 149.120 -34.230 24.0 2.2 MW CAN
1985 04 24 1133 148.680 -34.340 6.0 2.3 MW CAN
1985 04 24 1256 148.600 -34.570 0.0 2.2 MW CAN
1985 05 22 1854 148.970 -34.310 5.0 2.6 MW CAN
1985 06 04 0426 148.900 -34.760 33.0 2.7 MW CAN
1985 06 05 1515 148.710 -34.310 0.0 2.2 MW CAN
1985 06 28 2136 148.920 -34.940 0.0 2.0 MW CAN
1985 07 04 0422 149.230 -34.140 0.0 2.2 MW CAN
1985 07 16 0955 149.110 -34.950 15.0 2.4 MW CAN
1985 07 19 1153 148.960 -34.990 0.0 2.3 MW CAN
1985 08 02 0323 149.130 -34.180 18.0 2.3 MW CAN
1985 08 28 2335 148.340 -34.410 13.0 2.4 MW CAN
1985 12 02 0427 148.870 -33.940 0.0 1.9 MW CAN
1985 12 13 1918 148.770 -34.030 18.0 2.4 MW CAN
1985 12 22 1953 148.930 -34.230 13.0 2.2 MW CAN
1985 12 25 1546 149.360 -35.210 0.0 1.9 MW CAN
1985 12 28 0235 148.980 -34.260 0.0 2.0 MW CAN
1986 01 01 2343 148.610 -34.620 15.0 2.7 MW CAN
1986 01 09 1347 148.930 -34.220 5.0 2.5 MW CAN
1986 01 28 2304 148.980 -34.190 0.0 2.2 MW CAN
1986 03 15 0626 148.910 -34.780 11.0 2.4 MW CAN
1986 04 19 1254 148.760 -34.300 15.0 2.8 MW CAN
1986 04 21 1440 148.870 -34.110 7.0 2.3 MW CAN
1986 05 04 2252 148.890 -34.300 15.0 2.7 MW CAN
1986 05 09 1522 148.760 -34.140 6.0 2.7 MW CAN
1986 05 23 0624 148.630 -34.470 21.0 2.8 MW CAN
1986 06 01 1047 148.790 -34.030 2.0 2.3 MW CAN
1986 06 17 0705 149.060 -35.030 0.0 2.2 MW CAN
1986 06 23 1620 148.800 -34.650 0.0 2.1 MW CAN
1986 06 23 2313 149.270 -34.430 8.0 2.2 MW CAN
1986 06 24 0055 149.270 -34.470 0.0 2.4 MW CAN
1986 06 24 0248 149.070 -35.040 0.0 2.1 MW CAN
1986 06 28 0053 149.100 -35.030 0.0 2.2 MW CAN
1986 07 05 1722 148.930 -34.210 11.0 2.5 MW CAN
1986 08 23 1912 148.310 -34.400 5.0 2.4 MW CAN
1986 08 25 0331 149.140 -34.470 21.0 2.7 MW CAN
1986 08 28 0331 148.900 -34.640 0.0 2.3 MW CAN
1986 10 29 0330 148.340 -34.400 0.0 1.9 MW CAN
1986 10 30 1715 148.850 -34.000 16.0 2.3 MW CAN
1986 11 06 0528 149.010 -34.160 0.0 2.4 MW CAN
1986 11 08 0450 149.260 -34.160 7.0 2.5 MW CAN
1986 12 10 1725 148.950 -34.700 26.0 1.9 MW CAN
1986 12 12 0034 148.960 -35.030 0.0 2.3 MW CAN
1986 12 23 1636 149.030 -34.450 0.0 2.2 MW CAN
1986 12 25 1618 149.110 -34.200 11.0 2.9 MW CAN
1986 12 31 1138 148.910 -34.720 0.0 2.0 MW CAN
1987 03 09 1814 148.870 -34.970 0.0 2.0 MW CAN
1987 03 13 1507 148.680 -34.310 16.0 2.2 MW CAN
1987 04 13 0119 148.690 -34.380 0.0 2.5 MW CAN
1987 04 29 1705 149.247 -35.210 1.0 1.9 MW BMR
1987 05 28 1900 148.860 -34.030 27.0 2.3 MW CAN
1987 05 28 2145 148.600 -34.580 12.0 2.5 MW CAN
1987 06 09 1641 148.720 -34.810 11.0 1.9 MW CAN
1987 06 10 2300 148.870 -34.280 0.0 2.5 MW CAN
1987 06 18 2135 148.860 -34.310 1.0 2.5 MW CAN
1987 06 20 1836 148.880 -34.280 1.0 2.6 MW CAN
1987 07 12 0004 148.870 -34.000 0.0 2.2 MW CAN
1987 07 18 2236 148.760 -34.310 1.0 2.1 MW CAN
1987 08 05 1842 148.920 -34.690 1.0 1.9 MW CAN
1987 08 10 2326 149.140 -35.030 1.0 2.1 MW CAN
1987 08 12 2327 148.979 -35.045 24.0 2.8 MW BMR
1987 08 17 0643 148.910 -34.690 1.0 2.4 MW CAN
1987 08 18 0347 149.100 -35.020 0.0 1.9 MW CAN
1987 08 28 1416 148.760 -34.250 0.0 2.2 MW CAN
1987 09 24 1836 149.010 -35.030 1.0 2.5 MW CAN
1987 09 27 1651 148.840 -34.260 0.0 2.3 MW CAN
1987 09 28 1818 149.080 -34.870 1.0 2.0 MW CAN
1987 10 05 0127 148.370 -34.270 15.0 2.5 MW CAN
1987 10 26 1028 148.950 -34.490 1.0 2.2 MW CAN
1987 11 18 1033 148.810 -34.320 4.0 2.5 MW CAN
1987 12 14 2110 148.900 -34.140 13.0 2.3 MW CAN
1988 01 01 1836 148.750 -34.280 13.0 2.9 MW CAN
1988 01 12 1815 148.720 -34.280 14.0 2.5 MW CAN
1988 02 06 1204 148.690 -34.280 7.0 2.3 MW CAN
1988 02 17 0211 148.890 -33.970 34.0 2.4 MW CAN
1988 02 21 0106 149.030 -34.890 1.0 2.2 MW CAN
1988 05 16 1152 149.140 -34.190 12.0 2.9 MW CAN
1988 06 18 1159 148.980 -35.030 1.0 2.1 MW CAN
1989 01 26 1022 148.739 -34.440 0.0 2.5 MW CAN
1989 02 10 1404 148.869 -34.367 5.0 2.1 MW BMR
1989 02 20 1025 149.001 -34.338 5.0 2.7 MW BMR
1989 03 03 1704 148.898 -34.658 11.0 2.6 MW BMR
1989 05 23 0519 148.956 -34.226 5.0 2.5 MW BMR
1989 07 25 1103 148.280 -34.350 0.0 2.5 MW CAN
1989 09 15 0632 148.750 -34.300 0.0 2.5 MW CAN
1989 09 21 1828 148.980 -34.200 0.0 2.7 MW CAN
1989 09 26 1236 148.300 -34.300 0.0 2.8 MW CAN
1989 10 30 1447 148.930 -34.510 0.0 2.5 MW CAN
1990 01 26 0741 148.620 -34.200 0.0 2.5 MW CAN
1990 06 02 0906 149.180 -34.500 0.0 2.9 MW CAN
1990 07 29 1734 148.980 -34.950 10.0 2.2 MW AGSO
1991 08 10 0933 149.300 -35.300 5.0 1.8 MW BMR
1991 10 05 1039 149.207 -34.472 3.6 2.6 MW MEL
1992 02 07 0824 148.909 -34.632 0.0 2.6 MW MEL
1992 04 05 0024 148.643 -34.467 1.0 2.6 MW MEL
1992 10 04 0438 149.160 -34.170 4.9 2.6 MW MEL
1993 03 04 1440 148.985 -34.285 3.6 2.5 MW MEL
1993 05 29 0716 149.033 -35.009 3.7 2.3 MW MEL
1993 06 12 2111 148.682 -34.260 2.0 2.9 MW MEL
1993 07 17 0415 148.643 -34.471 0.2 2.7 MW MEL
1993 08 12 1521 149.300 -35.175 3.6 2.1 MW MEL
1993 10 10 1606 149.174 -34.505 18.7 2.7 MW MEL
1993 10 19 1726 148.995 -34.141 11.2 2.1 MW MEL
1993 11 30 0458 148.857 -33.939 10.0 2.4 MW MEL
1994 08 18 2248 149.248 -34.468 2.9 2.1 MW MEL
1995 03 01 1453 148.749 -34.310 5.7 2.6 MW MEL
1995 04 24 0843 148.751 -34.286 0.2 2.7 MW MEL
1995 06 07 1030 149.110 -34.200 0.0 2.1 MW CAN
1995 07 28 0918 148.840 -34.020 18.0 2.1 MW CAN
1995 07 29 1343 148.735 -34.283 2.8 2.9 MW MEL
1995 08 10 0451 148.870 -34.470 16.0 1.9 MW CAN
1995 08 11 0308 148.690 -34.390 24.0 2.2 MW CAN
1995 08 13 0350 148.760 -34.830 9.0 2.0 MW CAN
1995 08 13 0355 148.772 -34.104 1.0 2.9 MW MEL
1995 08 14 0152 148.870 -34.490 13.0 2.1 MW CAN
1995 10 10 2226 148.751 -34.837 8.4 2.4 MW MEL
1995 10 19 0215 148.854 -34.788 11.0 1.9 MW AGSO
1995 11 28 1555 148.837 -34.026 10.0 1.8 MW MEL
1996 01 12 1734 148.680 -34.515 0.0 2.3 MW AGSO
1996 01 17 2110 148.299 -34.376 4.8 2.4 MW MEL
1996 02 29 1950 148.847 -33.935 18.8 2.6 MW MEL
1996 03 12 1701 148.946 -34.904 10.0 1.9 MW MEL
1996 04 10 2345 149.190 -35.180 3.3 2.3 MW MEL
1996 05 13 1403 148.763 -34.321 3.6 2.9 MW MEL
1996 05 18 0153 148.960 -34.523 0.0 2.4 MW MEL
1996 05 18 1031 148.825 -34.798 16.3 2.1 MW MEL
1996 05 28 1757 148.722 -34.407 2.0 2.0 MW AGSO
1996 08 17 0135 148.380 -34.479 11.0 2.7 MW MEL
1996 10 22 1506 148.689 -34.410 3.0 2.7 MW MEL
1997 10 21 1606 149.272 -35.197 8.8 2.6 MW MEL
1997 11 23 0315 148.397 -34.334 0.6 2.8 MW MEL
1997 12 07 0401 148.666 -34.558 2.7 2.6 MW MEL
1997 12 21 0351 148.363 -34.413 0.0 2.1 MW MEL
1998 07 03 2029 149.052 -34.335 3.6 2.5 MW MEL
1998 12 31 0815 148.852 -34.595 14.6 2.9 MW MEL
1999 03 22 2336 149.116 -34.171 16.9 2.9 MW MEL
1999 06 19 2112 149.108 -34.137 4.6 2.3 MW MEL
1999 06 21 1359 149.176 -35.205 3.6 2.9 MW MEL
1999 06 25 1106 149.178 -35.077 10.0 2.1 MW MEL
1999 10 10 0319 148.930 -34.160 0.0 2.3 MW MEL
1999 10 22 0257 148.578 -34.478 3.7 2.4 MW MEL
1999 11 28 0031 148.525 -34.532 3.0 2.3 MW MEL
2000 02 03 1259 148.772 -34.309 3.0 2.4 MW MEL
2000 03 26 1100 148.550 -34.610 2.0 2.2 MW AGSO
2000 04 25 0324 149.016 -35.009 3.6 2.8 MW MEL
2000 07 23 0036 148.977 -34.979 10.0 2.2 MW MEL
2000 11 08 1858 148.716 -34.390 3.0 2.3 MW AUST
2001 01 09 2145 148.970 -35.049 11.2 2.9 MW MEL
2001 02 17 0832 149.191 -34.250 10.0 2.4 MW MEL
2001 03 24 1338 149.062 -34.988 3.6 2.8 MW MEL
2001 07 15 0825 148.405 -34.405 10.0 2.8 MW MEL
2001 08 10 1335 148.660 -34.440 10.0 2.9 MW AGSO
2001 12 27 1523 149.345 -35.163 3.0 2.4 MW MEL
2002 01 14 1028 149.322 -35.165 0.0 2.3 MW AUST
2002 01 17 0335 149.291 -35.197 3.0 2.4 MW MEL
2002 01 18 2311 149.001 -34.850 10.0 2.2 MW MEL
2002 01 23 0900 149.278 -35.174 0.0 2.9 MW AUST
2002 01 29 1601 149.292 -35.172 0.0 2.3 MW AUST
2002 02 02 0707 149.265 -35.189 1.3 2.7 MW AUST
2002 03 13 2100 149.277 -35.212 3.0 2.0 MW AUST
2002 03 13 2152 148.752 -34.327 2.0 2.3 MW AUST
2002 04 17 1805 148.849 -34.270 0.0 2.6 MW AUST
2002 04 18 0051 149.301 -35.167 0.0 2.3 MW AUST
2002 05 08 1646 148.979 -34.311 10.0 2.2 MW MEL
2002 05 31 0436 149.027 -35.085 0.0 2.5 MW AUST
2002 08 10 1519 149.268 -35.195 3.0 2.1 MW AUST
2002 08 13 0451 149.274 -35.200 2.0 2.1 MW AUST
2002 12 02 0630 149.297 -35.182 1.0 2.5 MW AUST
2003 06 05 0742 148.857 -34.254 3.6 2.9 MW MEL
2003 07 05 0348 149.258 -35.195 0.0 2.8 MW AUST
2003 11 21 0459 149.179 -34.485 10.0 2.4 MW MEL
2004 01 01 1133 148.866 -34.883 10.0 2.2 MW MEL
2004 03 27 1814 148.912 -34.869 11.5 2.3 MW AUST
2004 04 12 2012 149.011 -34.720 10.0 2.3 MW MEL
2004 05 30 2246 149.054 -34.992 10.0 2.3 MW MEL
2004 05 30 2247 149.046 -35.025 10.0 2.3 MW MEL
2004 06 16 0429 148.762 -34.246 3.0 2.7 MW MEL
2004 06 20 1311 148.756 -34.263 1.9 2.7 MW MEL
2004 06 26 0024 148.754 -34.259 3.0 2.9 MW MEL
2004 08 29 1402 148.540 -34.624 10.0 2.7 MW MEL
2005 03 04 0430 148.853 -34.043 10.0 2.7 MW AUST
2005 03 08 0500 148.427 -34.328 2.0 2.9 MW AUST
2005 05 16 1221 149.222 -34.495 9.7 2.6 MW MEL
2005 06 16 0401 148.962 -34.161 10.0 2.6 MW MEL
2005 07 04 2021 148.643 -34.469 2.0 2.9 MW MEL
2005 10 15 1609 148.769 -34.850 10.0 2.0 MW MEL
2006 02 04 1653 149.110 -34.286 10.0 2.5 MW MEL
2006 10 05 1150 148.938 -34.732 0.4 2.5 MW AUST
2006 10 18 1318 148.511 -34.491 10.0 2.5 MW AUST
2007 05 21 2237 148.887 -34.262 18.0 2.5 MW AUST
2007 10 25 1342 148.858 -34.687 0.0 2.5 MW AUST
2008 03 31 0857 148.755 -34.816 0.0 2.8 MW AUST
2008 06 17 0934 149.290 -35.323 1.9 2.8 MW AUST
2009 03 06 1552 148.413 -34.381 3.0 2.9 MW AUST
2009 10 18 0150 148.742 -34.200 10.0 2.4 MW MEL
2009 12 26 1251 148.768 -34.416 10.0 1.8 MW MEL
2010 08 25 0107 148.887 -34.228 10.0 2.8 MW AUST
