1961 08 28 1029 116.200 -27.500 18.0 3.50 MW MGO
1964 03 09 1135 121.500 -30.800 18.0 3.90 MW MGO
1965 07 14 2307 117.300 -26.600 18.0 3.30 MW MGO
1965 10 04 0044 123.300 -28.100 18.0 4.10 MW MGO
1966 04 26 0329 121.600 -31.400 0.0 2.50 MW MGO
1972 01 08 1705 121.530 -30.820 1.0 3.40 MW BMR
1966 05 10 1012 118.700 -27.100 0.0 2.50 MW MGO
1974 02 16 2042 117.620 -27.160 0.0 4.00 MW MGO
1977 05 16 2127 122.900 -28.000 0.0 3.00 MW MGO
1978 01 28 0842 120.730 -26.800 0.0 3.00 MW MGO
1980 07 04 1811 122.820 -28.620 10.0 2.60 MW MGO
1981 01 09 2033 120.960 -30.880 0.0 2.50 MW MGO
1983 02 08 1945 121.360 -30.740 0.0 2.50 MW MGO
1983 07 25 1503 122.850 -28.540 10.0 2.70 MW MGO
1984 01 28 0625 121.020 -28.290 10.0 2.60 MW MGO
1984 06 09 0704 121.530 -30.750 0.0 2.50 MW MGO
1986 05 09 0836 121.038 -31.109 5.0 2.60 MW MGO
1986 08 08 1414 121.012 -31.087 5.0 2.50 MW MGO
1988 10 09 0315 119.480 -28.360 12.0 2.60 MW MGO
1989 06 09 1833 121.407 -30.755 12.0 2.50 MW MGO
1990 08 18 1947 118.529 -26.271 49.0 2.60 MW MGO
1991 02 02 2342 119.397 -30.092 4.0 2.50 MW MGO
1991 07 20 0207 121.538 -30.998 5.0 2.60 MW MGO
1992 12 21 2021 121.520 -31.025 5.0 2.50 MW MGO
1993 05 26 0327 122.196 -32.533 5.0 2.70 MW MGO
1994 01 26 1733 122.316 -32.372 5.0 2.70 MW MGO
1994 06 30 0734 119.132 -27.448 5.0 2.50 MW MGO
1997 08 31 0143 123.684 -29.980 5.0 2.50 MW MGO
1997 12 10 0313 123.166 -30.345 5.0 2.60 MW MGO
1998 04 20 1134 121.872 -30.351 5.0 2.50 MW MGO
1998 06 27 1642 120.886 -33.320 5.0 2.60 MW MGO
1998 07 21 2000 121.439 -30.819 5.0 2.50 MW MGO
1998 11 23 0954 120.611 -26.420 5.0 2.50 MW MGO
1998 12 14 2029 121.257 -30.987 5.0 2.60 MW MGO
1998 12 31 1113 121.410 -30.754 5.0 2.70 MW MGO
1999 01 05 1734 123.039 -27.792 5.0 2.50 MW MGO
2000 06 16 1923 117.529 -27.296 0.0 2.50 MW AGSO
2001 04 27 1423 121.779 -32.580 10.0 2.70 MW AGSO
2002 02 02 0034 119.231 -29.317 3.0 2.60 MW AUST
2002 04 19 2312 123.583 -30.671 5.0 2.70 MW AUST
2005 01 31 1322 121.453 -30.806 0.0 2.60 MW AUST
2005 03 06 0537 115.730 -28.097 0.0 2.50 MW AUST
2009 04 03 1531 120.822 -31.973 0.0 2.60 MW AUST
2010 03 28 1637 121.558 -30.832 10.0 2.70 MW AUST
2010 04 20 1019 122.199 -32.356 0.0 2.60 MW AUST
2010 06 04 1056 121.385 -30.726 0.0 2.60 MW AUST
2010 06 06 1829 121.487 -30.844 0.0 2.50 MW AUST
2010 09 19 2123 121.642 -30.745 1.0 2.60 MW AUST
2011 11 02 0332 121.474 -30.871 4.0 2.50 MW AUST
2011 11 24 1757 121.390 -30.846 19.0 2.70 MW AUST
2011 12 27 1410 120.296 -26.741 10.0 2.70 MW AUST
2012 01 13 1902 121.554 -30.681 4.0 2.70 MW AUST
2012 03 13 1848 116.347 -28.795 0.0 2.70 MW AUST
2012 05 08 0255 116.099 -28.634 10.0 2.70 MW AUST
2012 07 08 0933 116.603 -29.130 10.0 2.50 MW AUST
2012 10 31 2154 120.807 -33.362 0.0 2.70 MW AUST
2013 01 06 1702 120.383 -28.075 10.0 2.70 MW AUST
2013 04 08 0939 116.770 -29.194 0.0 2.50 MW AUST
2013 04 20 0134 119.855 -28.614 18.0 2.60 MW AUST
2013 04 30 0823 120.609 -27.795 8.0 2.70 MW AUST
2013 05 05 0631 120.521 -27.864 0.0 2.70 MW AUST
2013 05 20 0514 116.745 -29.143 15.0 2.50 MW AUST
2013 06 17 0949 115.964 -28.758 0.0 2.50 MW AUST
2013 06 25 2048 116.234 -28.805 0.0 2.50 MW AUST
2013 08 15 0529 118.906 -30.361 10.0 2.60 MW AUST
2013 09 10 2348 118.879 -30.336 13.0 2.70 MW AUST
2013 12 01 1921 118.866 -30.341 1.0 2.50 MW AUST
2013 12 15 0502 121.982 -29.092 0.0 2.50 MW AUST
2014 01 12 0505 116.845 -29.190 0.0 2.50 MW AUST
2014 02 04 0450 120.217 -30.256 0.0 2.50 MW AUST
2014 04 04 1521 121.428 -30.775 0.0 2.60 MW AUST
2014 04 14 1254 121.433 -30.743 10.0 2.70 MW AUST
2014 06 14 0506 116.771 -29.200 7.0 2.50 MW AUST
2014 07 20 1421 120.667 -29.611 10.0 2.70 MW AUST
2014 07 26 0215 119.790 -28.297 0.0 2.50 MW AUST
2014 08 02 0517 116.804 -29.192 0.0 2.50 MW AUST
2014 10 16 2341 116.214 -28.741 0.0 2.50 MW AUST
2014 12 08 0526 116.807 -29.142 10.0 2.70 MW AUST
2015 01 05 2025 120.848 -29.849 10.0 2.60 MW AUST
2015 01 18 1557 121.176 -30.697 10.0 2.60 MW AUST
2015 05 23 1211 121.185 -30.904 10.0 2.50 MW AUST
2015 06 10 1913 121.645 -30.602 8.0 2.60 MW AUST
2015 06 10 2352 121.369 -30.922 15.0 2.50 MW AUST
2015 09 07 0504 116.656 -29.306 0.0 2.50 MW AUST
2016 04 27 2043 121.628 -31.180 2.0 2.70 MW AUST
2016 07 01 0840 121.440 -30.732 10.0 2.60 MW AUST
2016 10 10 2314 121.437 -30.785 0.0 2.70 MW AUST
2016 10 25 0953 121.543 -30.835 10.0 2.60 MW AUST
2016 12 29 1656 121.491 -30.654 10.0 2.70 MW AUST
