1866 12 29 0400 142.600 -11.700 10.0 2.6 MW Qld Met
1887 07 28 0655 147.000 -31.300 10.0 3.7 MW BRS
1924 12 09 1153 143.400 -10.200 10.0 5.2 MW ISS
1894 07 16 1245 143.500 -18.300 0.0 3.7 MW Rynn
1960 01 02 0926 138.620 -11.910 0.0 5.2 MW BMR
1907 11 10 0000 142.100 -10.600 10.0 3.9 MW Rynn
1920 04 02 0105 143.400 -10.200 10.0 3.7 MW ISS
1921 03 16 1136 138.000 -13.000 10.0 4.0 MW ISS
1912 12 24 1600 142.500 -11.500 10.0 2.6 MW Rynn
1920 05 22 1708 142.000 -23.000 33.0 3.3 MW ISS
1958 07 07 1706 144.000 -15.400 5.0 3.9 MW BRS
1961 05 16 0652 147.270 -30.850 0.0 4.0 MW BMR
1962 02 16 1216 144.000 -14.000 5.0 3.7 MW BRS
1932 08 05 0400 142.500 -10.600 10.0 2.5 MW BRS
1964 01 15 0900 144.000 -18.150 15.0 3.9 MW BRS
1938 02 02 1900 139.500 -16.500 10.0 2.6 MW BRS
1967 01 14 1132 145.950 -29.190 47.0 3.5 MW ISC
1967 07 13 0709 144.000 -18.150 15.0 3.7 MW BRS
1967 11 19 2225 144.000 -18.150 15.0 3.9 MW BRS
1967 12 29 1824 144.003 -15.900 3.0 3.6 MW BRS
1963 06 22 1951 144.000 -18.150 15.0 3.4 MW BRS
1968 09 10 1246 117.400 -16.800 18.0 4.0 MW MGO
1965 02 16 1248 144.000 -18.150 15.0 3.4 MW BRS
1970 08 08 1605 148.350 -29.080 0.0 4.0 MW CAN
1972 05 05 1044 142.550 -12.920 0.0 3.9 MW UQ
1980 04 19 0744 113.690 -19.370 0.0 3.7 MW BMR
1983 11 28 1346 136.375 -24.989 20.0 3.6 MW BMR
1968 03 12 2124 143.100 -15.200 0.0 3.2 MW BRS
1984 02 08 2250 134.800 -11.400 15.0 3.5 MW AUST
1984 04 11 1354 119.340 -15.480 10.0 3.5 MW MGO
1972 11 09 1610 146.600 -20.450 10.0 2.2 MW BRS
1973 04 02 0901 146.600 -20.700 10.0 2.3 MW BRS
1974 12 22 1123 147.700 -30.400 10.0 3.2 MW AUST
1975 04 05 1413 145.750 -19.800 10.0 2.5 MW BRS
1975 04 05 1433 145.750 -19.800 10.0 2.5 MW UQ
1975 09 15 1834 147.300 -30.200 32.0 3.2 MW BMR
1975 09 19 1404 143.500 -18.200 0.0 3.3 MW AUST
1976 03 09 1013 144.000 -18.200 15.0 3.0 MW BRS
1976 05 13 1902 141.600 -24.590 10.0 3.0 MW ADE
1977 09 23 1530 146.000 -20.400 10.0 2.7 MW BRS
1978 04 16 1047 134.000 -23.500 0.0 2.6 MW BMR
1978 04 20 2204 146.793 -30.234 33.0 2.8 MW ISC
1978 05 24 1737 146.600 -20.700 10.0 3.3 MW BRS
1978 11 12 0909 128.440 -12.570 0.0 3.0 MW AUST
1978 11 27 0422 128.930 -14.320 0.0 3.0 MW AUST
1979 05 23 1056 129.590 -15.350 0.0 3.0 MW BMR
1979 06 17 1548 120.270 -15.330 37.0 3.0 MW MGO
1979 06 21 1041 144.000 -18.200 15.0 3.1 MW BRS
1980 02 08 1940 141.580 -24.770 0.0 3.4 MW UQ
1980 02 08 1940 141.620 -24.710 0.0 3.4 MW BMR
1980 06 06 2126 144.000 -18.200 15.0 3.0 MW BRS
1980 09 11 0437 144.000 -18.100 15.0 2.8 MW BRS
1980 09 11 1437 144.000 -18.100 15.0 2.8 MW UQ
1980 11 16 0019 153.353 -22.007 8.0 3.2 MW GSQ
1981 06 04 0359 146.788 -20.745 10.0 1.2 MW QDM
1981 06 06 0635 143.929 -18.265 4.0 2.5 MW GSQ
1981 06 06 0000 143.929 -18.265 4.0 2.5 MW BRS
1981 06 28 2141 146.344 -20.674 7.9 2.1 MW GSQ
1981 07 14 2229 146.782 -21.046 17.4 2.0 MW GSQ
1981 11 17 2213 146.001 -24.143 0.0 2.3 MW GSQ
1981 11 26 1646 149.700 -18.050 19.0 2.4 MW GSQ
1981 12 14 1159 122.651 -13.902 33.0 3.4 MW ISC
1982 02 08 1423 123.433 -12.627 37.0 3.1 MW ISC
1982 03 01 1930 146.093 -20.937 16.0 1.7 MW QDM
1982 03 09 0939 146.191 -20.537 18.0 1.5 MW QDM
1982 03 17 2201 113.080 -19.380 10.0 2.5 MW MGO
1982 04 24 1425 147.913 -21.966 4.1 1.9 MW GSQ
1982 11 23 2129 146.374 -21.367 19.0 1.7 MW QDM
1982 11 23 2141 146.146 -21.153 18.0 2.9 MW GSQ
1982 12 17 1225 146.156 -21.021 18.0 1.6 MW QDM
1983 02 15 1508 146.435 -21.309 18.0 1.6 MW QDM
1983 02 22 0903 147.218 -21.248 14.0 1.8 MW QDM
1983 03 17 1907 149.441 -18.072 25.5 3.0 MW GSQ
1983 05 17 1554 144.097 -19.661 5.0 2.3 MW GSQ
1983 08 08 2256 112.630 -18.310 37.0 2.9 MW MGO
1983 08 20 0324 146.411 -21.202 6.4 2.0 MW GSQ
1983 09 14 2051 130.320 -11.290 10.0 3.1 MW AUST
1983 11 13 0642 146.799 -21.035 4.5 3.2 MW GSQ
1983 12 01 0048 146.192 -20.652 13.0 1.6 MW QDM
1983 12 20 1839 146.374 -20.388 11.0 2.3 MW GSQ
1984 04 19 0650 146.521 -21.766 13.5 3.0 MW GSQ
1984 05 18 1509 146.664 -20.596 4.0 1.5 MW QDM
1984 07 15 1120 113.250 -18.610 10.0 3.0 MW MGO
1984 10 16 1357 131.630 -10.350 10.0 3.2 MW AUST
1985 05 19 1626 145.965 -20.682 19.0 2.6 MW GSQ
1985 06 25 1457 145.838 -20.629 3.0 1.7 MW QDM
1985 07 11 0252 148.925 -23.775 0.0 3.1 MW BRS
1985 12 09 1246 146.562 -21.349 9.2 2.1 MW GSQ
1985 12 20 2010 146.547 -20.593 19.0 2.2 MW GSQ
1986 04 21 1735 147.916 -22.100 10.0 2.3 MW GSQ
1986 09 25 1422 143.858 -22.626 0.2 3.0 MW GSQ
1986 11 07 2153 139.860 -24.796 17.5 3.0 MW ADE
1987 01 21 0439 146.941 -21.051 8.0 2.4 MW GSQ
1987 05 11 0311 135.820 -13.760 0.0 2.9 MW AUST
1987 05 13 0645 131.430 -16.530 5.0 3.0 MW BMR
1987 05 22 1624 146.273 -20.962 9.0 2.0 MW GSQ
1987 06 24 2124 146.749 -21.037 10.4 1.9 MW GSQ
1987 07 15 0606 136.060 -13.550 0.0 2.8 MW AUST
1987 11 02 2111 137.170 -23.150 9.0 2.9 MW AUST
1987 12 21 0005 146.580 -20.574 5.2 2.2 MW GSQ
1988 02 23 2156 145.605 -31.472 8.0 3.4 MW BMR
1988 06 02 1440 146.698 -21.124 9.0 2.3 MW GSQ
1988 09 10 2242 146.805 -21.305 8.0 1.8 MW QDM
1988 10 25 1005 112.900 -19.940 5.0 3.4 MW MGO
1989 03 29 0018 146.792 -21.314 1.3 2.0 MW GSQ
1989 03 30 1745 145.611 -19.861 5.8 2.8 MW GSQ
1989 05 13 0217 147.000 -30.362 15.0 3.2 MW BMR
1989 05 15 1917 112.020 -20.330 5.0 2.9 MW MGO
1989 05 25 2217 114.906 -18.289 5.0 3.1 MW MGO
1989 10 04 0110 140.111 -15.248 10.0 3.3 MW BMR
1989 10 04 0134 147.008 -20.821 4.2 2.5 MW GSQ
1989 12 09 1609 141.090 -22.200 5.0 3.1 MW AGSO
1990 04 13 1722 136.920 -19.844 5.0 3.1 MW AUST
1990 04 27 1602 147.247 -27.499 10.0 3.1 MW GSQ
1990 05 18 1352 146.664 -21.083 4.0 2.4 MW GSQ
1990 06 09 0406 147.822 -23.364 19.0 3.1 MW GSQ
1990 10 09 1816 128.900 -14.290 5.0 3.4 MW AUST
1990 10 17 1239 143.644 -18.718 8.0 2.6 MW BRS
1990 11 03 1949 149.160 -23.402 8.0 2.9 MW GSQ
1991 01 04 0247 146.732 -28.930 10.0 3.4 MW GSQ
1991 02 09 0124 139.800 -15.470 0.0 3.4 MW AUST
1991 04 19 0340 115.705 -17.998 5.0 2.9 MW MGO
1991 05 06 0709 131.000 -13.910 5.0 3.2 MW AUST
1991 05 26 1806 147.000 -21.000 0.0 2.0 MW GSQ
1991 11 15 0223 111.891 -21.598 5.0 2.9 MW MGO
1992 03 29 2211 153.801 -22.056 8.0 3.0 MW GSQ
1993 01 08 2159 149.697 -24.648 9.0 2.3 MW BRS
1993 07 02 0506 146.863 -20.787 8.0 1.7 MW UQ
1993 07 31 1303 146.891 -20.787 8.1 1.9 MW BRS
1993 11 18 1230 134.049 -23.407 5.0 2.7 MW AUST
1994 03 27 0130 149.587 -24.524 8.0 3.0 MW BRS
1994 04 07 2057 134.800 -11.980 33.0 3.2 MW AUST
1994 09 30 0413 114.844 -16.426 5.0 2.9 MW MGO
1994 12 24 0818 139.311 -11.208 5.0 3.0 MW AGSO
1995 05 11 0006 140.960 -19.220 0.0 3.1 MW AGSO
1995 08 05 0734 113.495 -19.317 5.0 3.3 MW MGO
1995 12 27 0341 154.512 -23.099 0.0 3.2 MW ISC
1996 02 11 1555 123.290 -12.170 0.0 3.4 MW EIDC
1996 02 27 2215 134.340 -17.739 33.0 2.8 MW ISC
1996 06 13 1552 142.488 -15.553 10.0 3.0 MW AGSO
1996 07 02 1627 129.430 -10.850 0.0 3.3 MW EIDC
1996 07 15 1253 111.416 -21.581 5.0 3.3 MW MGO
1996 08 01 0618 131.610 -11.590 5.0 3.2 MW AUST
1996 08 22 0413 152.530 -20.890 0.0 3.0 MW EIDC
1997 03 14 2358 130.550 -10.850 12.0 3.3 MW AUST
1997 06 05 0515 122.376 -12.718 0.0 3.3 MW EIDC
1997 07 14 0959 139.084 -20.693 0.0 3.0 MW EIDC
1997 10 22 0401 146.640 -22.430 33.0 3.4 MW ISC
1997 12 04 0330 147.641 -22.833 0.0 3.2 MW EIDC
1998 01 11 1432 122.817 -12.569 0.0 3.2 MW EIDC
1998 01 30 1654 144.100 -13.250 10.0 3.1 MW AUST
1998 01 30 1654 143.180 -13.250 10.0 3.1 MW AGSO
1998 03 29 1314 139.256 -12.406 0.0 3.0 MW AUST
1998 04 13 2303 136.130 -12.940 10.0 3.3 MW AUST
1998 04 29 2314 128.120 -11.480 0.0 3.3 MW EIDC
1998 05 13 0217 147.000 -30.360 15.0 3.2 MW AUST
1998 06 16 1513 134.470 -23.650 7.0 3.3 MW AGSO
1998 06 23 1512 132.010 -13.340 0.0 3.3 MW EIDC
1998 09 13 2250 123.208 -12.501 5.0 3.4 MW ISC
1998 10 02 0943 136.390 -13.770 0.0 3.3 MW AUST
1998 11 10 0158 128.966 -13.795 0.0 3.4 MW EIDC
1998 11 13 2352 129.120 -13.740 0.0 3.3 MW EIDC
1998 11 23 0318 135.340 -22.140 0.0 2.9 MW AGSO
1998 12 22 0345 146.878 -20.777 10.0 2.3 MW RC
1998 12 24 2342 135.452 -17.634 0.0 2.9 MW AGSO
1999 01 05 2349 135.496 -22.040 3.0 3.0 MW AGSO
1999 02 25 2252 129.120 -10.470 0.0 3.4 MW EIDC
1999 04 18 2143 122.766 -13.679 5.0 3.3 MW MGO
1999 05 19 2331 127.880 -13.730 5.0 3.2 MW MUN
1999 07 27 0548 127.860 -13.710 5.0 3.2 MW MUN
1999 09 26 0530 144.140 -27.990 0.0 3.0 MW AGSO
1999 10 15 1720 122.480 -12.380 5.0 3.0 MW MGO
1999 10 17 1328 121.350 -13.900 5.0 3.2 MW MGO
1999 12 27 0050 121.490 -12.850 5.0 3.2 MW MGO
2000 02 28 0421 134.588 -27.158 0.0 3.1 MW AGSO
2000 03 01 0611 123.466 -12.610 5.0 3.3 MW MGO
2000 04 11 1222 135.307 -22.979 0.0 2.7 MW AGSO
2000 06 20 1412 124.121 -11.736 2.0 3.4 MW AGSO
2000 08 08 1312 129.402 -13.458 0.0 2.3 MW AUST
2000 10 21 1052 129.288 -13.802 19.0 3.4 MW AGSO
2001 02 19 1805 129.240 -14.010 0.0 3.1 MW AUST
2001 05 16 0817 138.125 -23.058 8.0 2.9 MW AGSO
2001 05 20 1147 146.500 -32.190 10.0 3.1 MW AGSO
2001 05 24 0951 122.638 -12.149 10.0 3.3 MW AGSO
2001 07 23 0555 111.414 -19.627 10.0 3.4 MW AGSO
2001 08 07 2050 147.805 -27.866 0.0 2.8 MW AUST
2001 08 10 1014 131.230 -12.490 5.0 3.2 MW AUST
2001 10 04 1801 134.293 -22.507 5.6 2.9 MW AUST
2001 11 23 1407 126.310 -12.500 33.0 3.1 MW ISC
2002 07 09 1747 136.680 -23.110 5.0 2.2 MW AUST
2002 07 23 1838 145.586 -31.633 5.0 3.0 MW AUST
2002 10 03 1700 147.383 -29.106 5.0 2.7 MW ISC
2002 11 05 0912 135.239 -22.479 10.0 3.3 MW AUST
2003 02 09 1753 147.998 -30.608 12.0 2.8 MW AUST
2003 03 02 0936 110.782 -24.219 97.4 3.4 MW AUST
2003 05 16 0514 136.320 -11.500 5.0 3.2 MW AUST
2003 05 31 2308 135.158 -23.415 10.0 2.7 MW AUST
2003 06 12 0956 135.681 -22.446 6.0 2.3 MW AUST
2003 10 04 0145 122.465 -13.731 5.0 3.3 MW AUST
2003 12 29 0503 146.454 -20.556 10.0 3.0 MW MEL
2004 04 14 1351 131.649 -13.559 10.2 2.5 MW AUST
2004 12 23 0643 134.566 -18.549 8.5 2.7 MW AUST
2005 01 27 2356 145.974 -20.613 0.0 2.3 MW RC
2005 03 25 0910 145.834 -20.353 26.0 3.0 MW RC
2005 05 24 0231 148.070 -28.800 10.0 2.2 MW MEL
2005 09 04 1127 148.456 -29.003 10.0 2.8 MW RC
2005 12 25 1744 149.711 -23.608 10.0 2.4 MW RC
2005 12 29 0011 147.080 -27.511 10.0 2.6 MW MEL
2006 01 12 0836 145.058 -15.207 10.0 3.0 MW RC
2006 06 15 1801 146.982 -27.904 10.0 3.1 MW RC
2006 06 22 1839 136.351 -12.663 0.0 3.0 MW AUST
2006 07 18 1104 133.102 -13.906 0.0 2.9 MW AUST
2006 09 23 1612 143.476 -18.281 10.0 2.2 MW RC
2006 10 25 1505 143.549 -18.187 10.0 2.7 MW RC
2007 01 16 2303 146.670 -20.749 10.0 2.2 MW RC
2007 05 25 1504 137.024 -21.253 0.0 2.7 MW AUST
2007 05 26 0150 146.611 -20.488 12.2 2.5 MW RC
2007 07 17 1900 146.677 -20.643 9.0 2.1 MW SRC
2007 09 04 1954 124.512 -11.973 23.0 3.1 MW ASx
2007 09 10 0320 130.369 -15.344 9.0 3.1 MW AUST
2007 11 14 0252 147.258 -22.003 0.0 3.0 MW MEL
2007 12 26 2222 147.053 -27.961 4.0 2.9 MW AUST
2008 01 12 0756 147.241 -21.637 5.3 2.9 MW MEL
2008 11 14 2115 129.800 -12.600 0.0 3.1 MW AUST
2009 06 13 2143 135.940 -12.389 48.0 2.8 MW AUST
2009 06 21 1535 146.863 -20.758 14.0 2.1 MW SRC
2009 06 26 1240 146.641 -20.624 7.0 1.5 MW SRC
2009 11 08 0541 138.819 -10.450 30.0 3.2 MW MEL
2010 02 04 2041 147.703 -23.457 2.6 2.5 MW MEL
2010 08 25 0442 130.775 -14.499 10.0 2.8 MW AUST
