1869 08 29 1850 147.000 -37.000 10.0 5.0 MP Underwood
1869 08 30 1035 147.000 -37.000 10.0 4.0 MP Underwood
1885 10 07 2356 147.000 -37.000 10.0 4.5 MP Underwood
1904 04 09 2205 147.000 -36.800 10.0 5.0 ML MELOBS
1891 07 08 0550 146.400 -37.900 10.0 4.5 MP GG
1886 07 14 1637 147.000 -37.000 10.0 4.0 MP Underwood
1885 10 27 0000 147.600 -37.100 10.0 3.0 MP MELOBS
1907 08 06 0054 146.000 -38.000 10.0 4.5 MP GG
1889 10 27 1016 147.500 -37.000 10.0 3.0 MP Underwood
1913 03 02 1745 146.000 -36.500 15.0 4.5 MP GG
1896 08 13 1130 147.000 -37.000 10.0 4.0 MP Underwood
1944 11 02 1405 145.900 -37.500 10.0 4.5 ML GG
1898 09 06 0415 145.700 -37.400 10.0 4.0 MP Underwood
1901 11 19 1540 146.400 -38.000 10.0 4.0 MP GG
1900 10 08 0448 146.580 -36.670 10.0 3.5 MP Underwood
1891 07 08 0940 146.400 -37.900 10.0 3.0 MP GG
1960 01 28 2337 147.170 -36.850 21.0 4.5 ML CAN
1902 10 22 2100 146.400 -38.000 10.0 4.0 MP GG
1893 07 21 1815 147.500 -37.000 10.0 3.0 MP Underwood
1894 07 11 2240 147.100 -37.400 10.0 3.0 MP Underwood
1905 06 27 1030 147.790 -37.340 0.0 4.0 MP MELOBS
1894 12 10 0820 147.500 -37.000 10.0 3.0 MP Underwood
1904 07 09 0926 145.400 -37.800 5.0 3.5 MP MELOBS
1896 03 28 0730 145.500 -38.000 5.0 2.5 MP Underwood
1897 09 26 1900 147.500 -37.100 10.0 3.0 MP Underwood
1898 01 29 1120 145.500 -37.200 10.0 3.0 MP Underwood
1907 05 18 0700 146.200 -37.000 5.0 3.5 MP Underwood
1898 02 05 0140 145.700 -37.700 10.0 3.0 MP Underwood
1953 03 21 1520 146.050 -36.320 10.0 4.1 MP GG
1898 11 22 0140 146.100 -37.100 10.0 3.0 MP Underwood
1913 11 26 0950 145.500 -37.850 10.0 3.5 MP MELOBS
1899 06 21 1853 145.600 -37.200 10.0 3.0 MP Underwood
1932 12 23 1416 145.400 -37.900 5.0 3.5 MP Underwood
1900 05 26 0000 146.050 -37.050 10.0 3.0 MP Underwood
1935 06 18 1747 145.240 -37.750 10.0 3.5 MP GG
1900 09 04 0910 146.150 -37.300 10.0 3.0 MP Underwood
1902 07 11 0000 146.400 -38.000 10.0 3.0 MP Underwood
1901 11 18 1600 146.400 -38.000 10.0 2.5 MP Underwood
1960 06 01 0518 145.350 -36.760 12.0 3.5 ML CAN
1961 09 15 0509 147.294 -37.554 22.0 3.5 ML CAN
1902 08 29 2130 146.300 -36.400 10.0 3.0 MP Underwood
1962 03 27 1754 146.550 -37.920 6.0 3.8 ML CAN
1902 10 21 2030 146.400 -38.000 10.0 3.0 MP Underwood
1963 03 29 0010 146.331 -37.898 0.0 3.5 ML CAN
1902 07 21 2051 145.330 -37.250 10.0 2.5 MP Underwood
1963 08 02 0952 145.800 -36.800 10.0 3.5 ML Underwood
1902 10 27 2130 146.600 -36.570 10.0 3.0 MP Underwood
1964 06 28 1338 145.244 -36.413 5.0 3.5 ML CAN
1903 04 26 0025 146.400 -38.000 10.0 3.0 MP Underwood
1903 09 04 1510 145.400 -37.170 0.0 3.0 MP MELOBS
1966 10 17 1712 146.199 -37.880 18.1 3.8 ML CAN
1903 09 23 1120 146.220 -37.020 0.0 3.0 MP MELOBS
1969 07 01 2010 145.470 -36.170 0.0 3.5 ML CAN
1905 07 01 0900 145.330 -37.250 0.0 3.0 MP MELOBS
1905 07 17 0000 147.790 -37.340 0.0 3.0 MP MELOBS
1905 07 27 0000 147.790 -37.340 0.0 3.0 MP MELOBS
1905 08 20 1600 147.790 -37.340 0.0 3.0 MP MELOBS
1905 08 20 1745 147.790 -37.340 0.0 3.0 MP MELOBS
1905 11 22 2330 147.100 -37.000 0.0 3.0 MP MELOBS
1906 02 17 1005 145.400 -37.800 5.0 3.0 MP Underwood
1906 09 06 1400 147.280 -37.490 0.0 3.0 MP MELOBS
1907 02 24 1900 146.400 -38.000 10.0 3.0 MP Underwood
1907 08 05 1430 146.000 -38.000 10.0 3.0 MP GG
1908 05 06 1600 146.100 -37.300 10.0 3.0 MP MELOBS
1911 03 14 2310 145.700 -36.100 10.0 3.0 MP Underwood
1932 10 27 0000 145.900 -36.500 10.0 3.0 MP MELOBS
1933 12 24 0000 145.400 -37.900 10.0 3.0 MP MELOBS
1922 11 20 1030 147.200 -36.200 10.0 2.5 MP Underwood
1937 06 17 1954 145.300 -37.980 5.0 3.0 MP Underwood
1932 09 21 0500 145.900 -36.500 2.0 2.5 MP GG
1942 08 01 1238 147.000 -37.000 10.0 3.0 MP Underwood
1953 11 22 0000 145.950 -36.450 10.0 3.0 MP MELOBS
1955 06 09 0000 145.500 -37.970 10.0 3.0 MP MELOBS
1957 08 16 0603 145.300 -36.750 10.0 3.0 MP GG
1941 11 04 0233 145.300 -38.000 10.0 2.5 MP Underwood
1957 08 16 1916 145.300 -36.750 10.0 3.0 MP Underwood
1957 08 18 2019 145.300 -36.750 10.0 3.0 MP Underwood
1957 08 21 1210 145.300 -36.750 10.0 3.0 MP Underwood
1957 08 21 1219 145.300 -36.750 10.0 3.0 MP Underwood
1955 06 02 0000 145.540 -37.940 10.0 2.5 MP MELOBS
1959 03 15 1238 145.720 -37.000 5.0 3.0 ML Underwood
1959 07 23 1641 146.550 -36.320 0.0 3.0 ML CAN
1960 05 04 0042 146.910 -37.100 10.0 3.0 ML MELobs
1959 01 19 0852 145.300 -38.000 10.0 2.5 ML Underwood
1962 12 26 1051 146.890 -37.570 0.0 3.3 ML CAN
1963 01 14 0631 146.717 -36.557 0.0 3.0 ML CAN
1963 01 26 0233 146.547 -36.406 6.7 3.1 ML CAN
1963 01 28 1202 146.684 -37.058 5.7 3.0 ML CAN
1963 03 06 0900 146.531 -37.316 0.0 3.0 ML CAN
1960 05 16 0255 147.840 -37.330 0.0 2.5 ML CAN
1960 05 29 0241 147.430 -36.520 18.0 2.5 ML CAN
1964 12 16 0532 145.550 -36.670 0.0 3.0 ML CAN
1961 04 15 0640 146.500 -36.250 0.0 2.5 ML CAN
1965 03 17 0521 146.154 -37.087 0.0 3.1 ML CAN
1962 09 26 0902 147.146 -36.497 16.0 2.8 ML CAN
1967 04 25 1204 146.300 -37.130 6.0 3.0 ML CAN
1962 12 31 1910 146.410 -36.300 0.0 2.8 ML CAN
1967 08 17 1648 146.570 -36.360 2.0 3.0 ML CAN
1967 08 19 0047 146.540 -36.320 3.0 3.0 ML CAN
1963 02 08 0106 146.400 -37.200 10.0 2.9 ML Underwood
1969 01 20 1643 147.100 -36.900 7.0 3.3 ML CAN
1969 04 11 0014 147.520 -36.890 0.0 3.3 ML CAN
1970 03 05 1937 145.950 -36.680 6.0 3.2 ML CAN
1971 07 04 1737 146.930 -36.190 1.0 3.4 ML CAN
1963 12 25 0848 146.200 -37.830 0.0 2.9 ML CAN
1964 02 04 1936 146.545 -36.865 36.0 2.5 ML CAN
1972 04 03 1012 145.960 -37.230 2.0 3.2 ML CAN
1972 04 21 1716 147.800 -37.400 7.0 3.0 ML CAN
1964 09 18 2238 147.785 -37.338 0.0 2.5 ML CAN
1972 11 24 0110 146.850 -37.170 4.0 3.0 ML CAN
1966 04 23 1726 146.275 -37.080 0.9 2.5 ML CAN
1974 09 07 1746 146.524 -37.800 6.8 3.4 ML MEL
1975 01 26 1632 146.070 -36.260 4.0 3.1 ML CAN
1967 08 17 1643 146.570 -36.340 0.0 2.5 ML CAN
1967 08 17 1805 146.540 -36.340 1.0 2.5 ML CAN
1967 08 20 1625 146.520 -36.320 0.0 2.5 ML CAN
1969 05 03 0835 147.830 -37.200 0.0 2.5 ML CAN
1970 09 25 2254 147.870 -37.270 0.0 2.5 ML CAN
1970 09 26 1132 147.930 -37.340 3.0 2.9 ML CAN
1971 09 15 0238 146.050 -36.570 0.0 2.6 ML CAN
1973 12 25 1722 146.820 -37.000 0.0 2.8 ML CAN
1975 02 08 2327 147.460 -36.740 3.0 2.6 ML CAN
1975 03 26 1013 146.695 -37.909 14.3 2.7 ML MEL
1975 07 23 0346 145.520 -36.830 0.0 2.7 ML CAN
1975 11 21 0532 147.750 -36.540 14.0 2.7 ML CAN
1976 03 08 0825 146.187 -36.896 4.1 2.7 ML MEL
1976 05 11 1002 146.454 -36.405 8.7 2.7 ML MEL
1976 06 09 0658 145.600 -36.400 0.0 2.6 ML CAN
1976 09 02 1019 147.190 -36.810 15.0 2.5 ML CAN
1977 02 24 1014 147.890 -37.260 14.0 2.5 ML CAN
1977 07 31 0013 146.480 -36.450 11.0 2.8 ML CAN
1977 07 31 0016 146.730 -36.480 17.0 2.9 ML CAN
1977 09 13 1418 146.456 -37.933 13.7 2.6 ML MEL
1978 08 19 0252 145.538 -37.281 10.3 2.5 MD MEL
1978 09 19 0530 147.810 -37.140 12.0 2.5 ML CAN
1979 02 04 0254 146.910 -36.110 0.0 2.6 ML CAN
1979 09 30 2255 145.849 -36.851 17.1 2.6 MD MEL
1979 11 14 1608 147.240 -37.571 14.3 2.7 ML MEL
1979 12 24 0733 146.255 -37.162 16.8 2.7 ML MEL
1980 03 27 1237 146.055 -38.000 14.4 2.7 MD MEL
1980 06 27 1951 145.615 -37.876 14.2 2.6 MD MEL
1981 01 07 1714 145.949 -37.123 3.6 2.9 ML MEL
1982 06 13 1839 146.837 -36.894 6.0 2.6 ML MEL
1982 06 22 2158 146.177 -37.311 14.1 2.5 ML MEL
1982 11 21 1137 146.958 -37.154 8.8 2.6 ML MEL
1982 12 22 2102 146.363 -37.047 14.1 2.6 ML MEL
1983 08 10 0341 146.949 -37.205 10.4 2.6 ML MEL
1986 04 14 2005 146.686 -36.627 3.6 2.7 ML MEL
1986 11 12 0955 146.372 -37.788 2.0 2.6 ML MEL
1986 11 27 1018 146.501 -37.949 18.9 2.5 ML MEL
1987 01 19 2330 146.377 -37.783 0.6 2.7 ML MEL
1987 05 15 1930 146.393 -37.806 2.2 2.7 ML MEL
1987 05 28 2318 146.250 -38.054 14.4 2.9 ML MEL
1987 09 15 0237 145.929 -37.496 5.5 2.9 ML MEL
1988 01 30 0712 147.582 -36.663 6.0 2.5 ML MEL
1988 02 13 0155 146.460 -37.919 13.4 2.5 ML MEL
1989 10 07 0045 145.573 -36.815 8.5 2.8 ML MEL
1991 06 23 0830 147.560 -36.556 15.9 2.7 ML MEL
1992 02 09 1043 146.527 -37.158 9.8 2.6 ML MEL
1992 03 28 1122 147.387 -37.570 8.5 2.6 ML MEL
1992 06 05 2129 146.352 -37.766 0.8 2.6 ML MEL
1992 07 10 0552 146.333 -37.740 2.3 2.5 ML MEL
1992 09 26 1237 146.410 -37.657 16.1 2.7 ML MEL
1993 04 05 1039 147.944 -37.469 6.7 2.5 ML MEL
1993 10 11 0423 146.888 -37.317 15.3 2.9 ML MEL
1993 12 17 1918 145.993 -36.405 3.6 2.9 ML MEL
1994 05 12 0117 147.789 -37.316 15.4 2.5 ML MEL
1994 07 04 1829 147.173 -37.417 13.9 2.8 ML MEL
1994 11 18 1210 146.004 -37.278 9.1 2.8 ML MEL
1996 05 10 0548 146.145 -37.733 10.6 2.5 ML MEL
1996 09 25 0455 146.430 -37.863 11.7 2.5 ML MEL
1996 09 25 0756 146.438 -37.855 11.5 2.5 ML MEL
1996 10 20 0039 146.432 -37.855 11.0 2.5 ML MEL
1996 10 23 1104 147.719 -36.681 15.3 2.5 ML MEL
1996 11 17 1203 147.929 -37.378 16.1 2.5 ML MEL
1997 01 09 1447 146.187 -38.064 1.8 2.5 ML MEL
1997 01 13 0050 147.454 -36.867 15.7 2.7 ML MEL
1998 03 28 0821 147.757 -36.696 15.3 2.5 ML MEL
1998 05 25 0053 147.227 -36.462 9.5 2.7 ML MEL
1999 04 16 1108 145.973 -37.415 3.7 2.6 ML MEL
1999 08 03 0347 146.562 -36.554 3.3 2.5 ML MEL
2000 01 01 1155 147.827 -37.348 14.4 2.9 ML MEL
2000 06 13 0058 147.468 -37.015 11.3 2.9 ML MEL
2000 07 24 0747 145.272 -37.958 19.5 2.8 ML MEL
2000 11 13 2051 146.209 -37.286 12.8 2.6 ML MEL
2002 08 09 1650 145.309 -36.419 4.0 2.6 ML MEL
2002 10 24 0529 147.828 -37.344 10.9 2.5 ML MEL
2003 05 09 0638 145.804 -36.971 9.6 2.8 ML MEL
2003 08 02 0821 146.618 -37.404 19.1 2.5 ML MEL
2004 04 12 0214 146.024 -37.322 10.0 2.7 ML MEL
2004 04 24 1503 146.535 -37.880 19.1 2.6 ML MEL
2005 01 20 0946 146.123 -36.336 6.9 2.6 ML MEL
2006 02 28 0513 147.117 -36.818 12.2 2.9 ML MEL
2006 07 13 0442 145.554 -37.925 11.3 2.6 ML AUST
2007 06 10 2002 146.813 -36.643 3.4 2.6 ML AUST
2007 08 21 0305 146.108 -37.888 11.0 2.9 ML GG
2007 10 12 0135 146.555 -37.918 1.2 2.6 ML MEL
2007 10 12 0139 146.560 -37.916 5.2 2.6 ML MEL
2008 10 30 1311 146.008 -36.245 3.8 2.7 ML MEL
2009 06 13 1436 147.787 -36.717 11.3 2.8 ML MEL
2010 01 08 1424 146.979 -37.391 13.3 2.9 ML MEL
2010 02 28 0508 146.399 -37.312 10.0 2.7 ML MEL
2010 05 24 0056 145.797 -36.857 9.7 2.9 ML MEL
2010 10 16 1820 146.338 -37.977 8.8 2.5 ML MEL
2011 02 26 0046 146.535 -37.605 8.1 2.7 ML MEL
2012 02 25 0003 145.963 -37.429 10.0 2.5 ML MEL
2013 06 24 0552 146.162 -36.793 17.2 2.7 ML MEL
2013 08 31 0543 146.098 -37.859 10.7 2.5 ML MEL
2014 01 18 1148 145.592 -37.920 9.4 2.5 ML MEL
2014 01 22 1151 146.784 -37.272 12.7 2.5 ML MEL
2014 07 11 2025 146.455 -36.651 7.0 2.5 ML MEL
2014 08 10 2150 146.931 -37.329 8.4 2.5 ML GG
2015 03 10 1239 145.512 -38.035 9.5 2.9 ML SRC
2016 03 31 0744 146.762 -36.935 4.8 2.5 ML SRC
