1873 12 15 0400 127.500 -26.250 0.0 5.20 MW E.T.
1894 07 16 1245 143.500 -18.300 0.0 3.75 MW Rynn
1907 11 10 0000 142.100 -10.600 10.0 3.96 MW Rynn
1920 04 02 0105 143.400 -10.200 10.0 3.75 MW ISS
1921 03 16 1136 138.000 -13.000 10.0 4.09 MW ISS
1923 08 29 0000 143.300 -12.000 0.0 3.24 MW BRS
1924 05 07 0017 140.000 -16.000 0.0 4.02 MW ISS
1924 12 09 1153 143.400 -10.200 10.0 5.04 MW ISS
1925 05 04 1128 140.000 -16.000 0.0 4.52 MW ISS
1928 05 14 0246 144.000 -15.000 0.0 4.67 MW ISS
1929 08 16 2128 120.660 -16.990 33.0 6.24 MW BMR
1938 03 01 1900 139.500 -16.500 0.0 3.12 MW BRS
1941 04 29 0135 116.197 -26.791 25.0 6.83 MW EHB
1941 06 27 0755 137.340 -25.950 0.0 6.52 MW BMR
1958 07 07 1706 144.000 -15.400 5.0 4.02 MW BRS
1959 11 27 0625 116.200 -25.800 18.0 3.93 MW Doyle
1960 01 02 0926 138.620 -11.910 0.0 5.15 MW BMR
1961 02 27 1628 144.000 -16.500 10.0 3.28 MW BRS
1961 06 18 1613 119.300 -20.100 13.0 4.37 MW MGO
1961 08 23 1801 119.000 -18.500 18.0 4.67 MW MGO
1961 08 28 1029 116.200 -27.500 18.0 3.10 MW MGO
1962 01 01 2329 125.700 -34.100 18.0 3.56 MW MGO
1962 02 16 1216 144.000 -14.000 5.0 3.73 MW BRS
1963 02 26 1410 121.200 -22.200 18.0 3.70 MW MGO
1963 03 14 0157 137.500 -25.700 10.0 4.71 MW USCGS
1963 04 15 0043 120.300 -21.800 18.0 3.47 MW MGO
1963 07 20 0421 114.900 -26.300 18.0 3.19 MW MGO
1963 08 27 1915 128.600 -16.600 33.0 5.07 MW MGO
1963 11 17 0755 116.800 -25.000 18.0 3.11 MW MGO
1964 03 09 1135 121.500 -30.800 18.0 3.35 MW MGO
1964 03 23 2241 123.042 -17.875 27.3 4.95 MW EHB
1965 05 19 0213 111.953 -25.027 4.7 5.22 MW EHB
1965 07 14 2307 117.300 -26.600 18.0 2.87 MW MGO
1965 09 10 1224 122.200 -18.100 18.0 4.12 MW MGO
1965 10 04 0044 123.300 -28.100 18.0 3.36 MW MGO
1966 11 13 0341 111.900 -24.200 33.0 4.59 MW ISC
1967 04 03 0440 126.320 -12.200 18.0 4.59 MW ISC
1966 04 26 0329 121.600 -31.400 0.0 2.38 MW MGO
1967 10 12 1031 123.900 -17.900 18.0 4.23 MW MGO
1966 05 10 1012 118.700 -27.100 0.0 2.40 MW MGO
1966 05 31 1638 112.700 -28.300 18.0 3.04 MW MGO
1967 11 28 0830 113.500 -19.000 18.0 4.95 MW MGO
1967 12 17 0330 111.300 -25.300 18.0 3.77 MW MGO
1966 06 03 1127 112.000 -24.900 18.0 2.98 MW MGO
1967 12 29 1824 144.003 -15.900 3.0 3.67 MW BRS
1968 01 08 0543 128.560 -16.620 18.0 4.11 MW ISC
1968 02 02 1009 114.700 -23.300 18.0 3.29 MW MGO
1967 11 21 1037 124.700 -28.600 18.0 2.63 MW MGO
1968 06 13 0644 131.183 -20.973 33.0 4.23 MW USCGS
1968 06 19 0555 124.900 -19.100 18.0 4.95 MW ISC
1967 12 14 1417 124.100 -29.000 18.0 2.81 MW MGO
1968 07 04 0648 117.100 -20.800 18.0 4.59 MW MGO
1968 07 31 1651 124.400 -30.800 18.0 3.99 MW MGO
1968 08 02 2045 133.100 -22.780 30.0 4.59 MW ISC
1968 08 06 1908 123.200 -18.500 18.0 5.19 MW MGO
1968 09 10 1246 117.400 -16.800 18.0 4.59 MW MGO
1968 11 12 1023 124.000 -31.600 18.0 4.35 MW MGO
1968 06 06 1931 123.800 -30.700 0.0 2.66 MW MGO
1969 01 24 1444 135.392 -35.681 24.1 3.46 MW ADE
1969 02 17 0905 132.195 -33.485 3.4 3.34 MW ADE
1969 06 17 1954 116.730 -25.260 0.0 4.59 MW BMR
1969 06 19 2101 114.700 -23.300 7.0 3.87 MW MGO
1969 06 23 1414 123.100 -17.600 7.0 4.71 MW MGO
1969 08 08 1209 111.100 -25.500 7.0 3.99 MW MGO
1969 08 11 0855 115.700 -24.900 7.0 3.62 MW MGO
1969 08 17 1755 116.000 -25.100 7.0 3.87 MW MGO
1969 09 14 2258 123.100 -17.900 7.0 4.59 MW MGO
1969 09 24 2339 118.200 -21.700 7.0 4.95 MW MGO
1969 03 28 0333 116.200 -25.400 7.0 2.79 MW MGO
1969 10 09 0129 117.460 -18.820 0.0 4.83 MW BMR
1969 10 27 1139 131.320 -22.800 0.0 4.23 MW BMR
1970 02 01 1840 118.500 -20.300 7.0 4.95 MW MGO
1970 02 08 1631 125.080 -27.400 1.0 4.95 MW ISC
1970 03 24 1035 126.673 -22.059 15.0 5.87 MW EHB
1971 01 14 1744 114.600 -24.730 0.0 4.71 MW BMR
1971 01 17 1128 128.680 -27.327 2.2 3.21 MW ADE
1971 03 05 0359 119.200 -21.800 10.0 3.38 MW MGO
1971 04 15 1748 120.500 -21.800 0.0 3.87 MW MGO
1971 05 12 0916 115.200 -22.900 0.0 3.38 MW MGO
1971 05 19 0422 115.500 -22.900 0.0 3.75 MW MGO
1970 01 12 2356 115.030 -23.030 0.0 2.81 MW MGO
1971 05 28 0416 114.100 -22.100 0.0 3.75 MW MGO
1971 07 12 2259 115.160 -24.540 0.0 4.95 MW BMR
1971 09 10 1634 127.280 -26.310 0.0 3.87 MW BMR
1971 09 13 2158 117.560 -20.190 0.0 4.11 MW BMR
1971 09 17 2213 144.000 -16.600 10.0 3.20 MW BRS
1972 01 16 0343 124.000 -31.000 0.0 3.31 MW MGO
1971 02 19 0418 119.200 -21.000 10.0 2.43 MW MGO
1972 01 18 1033 126.580 -22.980 0.0 3.93 MW BMR
1972 01 29 0410 124.500 -21.000 0.0 3.14 MW MGO
1971 03 21 0005 119.500 -21.100 10.0 2.82 MW MGO
1972 02 05 1620 125.610 -27.070 0.0 3.73 MW BMR
1971 04 03 0400 119.600 -22.000 0.0 2.79 MW MGO
1972 04 07 2208 124.900 -18.290 0.0 3.95 MW BMR
1972 04 08 0751 126.800 -23.140 0.0 3.62 MW BMR
1971 04 03 0635 119.000 -22.100 0.0 2.76 MW MGO
1972 04 12 2213 120.000 -20.620 0.0 4.01 MW MGO
1972 04 20 0929 118.200 -23.330 0.0 3.75 MW BMR
1972 05 05 1044 142.550 -12.920 0.0 3.94 MW BRS
1972 05 20 0347 124.600 -28.100 0.0 3.62 MW MGO
1972 05 28 1359 128.600 -16.500 0.0 3.22 MW MGO
1972 07 22 0419 126.710 -28.030 0.0 4.47 MW MGO
1972 07 25 0243 119.050 -22.730 0.0 3.62 MW BMR
1972 08 28 0218 136.326 -24.992 13.4 5.55 MW EHB
1971 09 18 1352 124.170 -28.260 0.0 3.03 MW BMR
1972 10 21 0233 115.550 -24.880 0.0 4.57 MW BMR
1972 12 07 0744 120.600 -18.100 0.0 3.41 MW MGO
1971 09 28 0424 116.980 -22.750 0.0 2.78 MW BMR
1972 12 21 1343 124.300 -30.700 0.0 3.75 MW MGO
1972 01 08 1705 121.530 -30.820 1.0 2.99 MW BMR
1973 01 26 0441 138.350 -25.510 0.0 3.52 MW BMR
1973 03 11 1604 127.418 -21.889 10.0 4.83 MW ISC
1973 06 10 0807 119.700 -21.200 10.0 3.14 MW MGO
1973 07 24 1117 126.533 -22.009 10.0 5.43 MW ISC
1973 09 27 2002 116.000 -22.200 10.0 3.32 MW MGO
1972 03 10 2250 144.000 -16.900 15.0 3.02 MW BRS
1973 10 15 0649 136.198 -25.792 38.1 3.21 MW ADE
1973 12 04 0930 116.300 -21.900 10.0 3.50 MW MGO
1974 02 08 1243 121.756 -14.151 33.0 4.47 MW ISC
1974 02 16 2042 117.620 -27.160 0.0 3.62 MW MGO
1974 04 17 0721 123.986 -29.581 33.0 4.42 MW ISC
1974 08 16 0437 114.100 -21.000 0.0 3.38 MW MGO
1974 09 26 1638 128.130 -17.240 0.0 3.70 MW MGO
1974 11 07 0153 118.650 -18.160 0.0 5.19 MW MGO
1975 01 06 0900 128.900 -16.180 0.0 3.16 MW MGO
1975 01 10 0820 126.110 -27.740 0.0 5.55 MW MGO
1975 02 08 1133 116.100 -24.900 0.0 3.99 MW MGO
1975 03 06 2351 126.488 -17.212 0.0 5.07 MW ISC
1975 03 07 2013 126.580 -25.860 0.0 4.71 MW MGO
1975 03 30 0210 129.500 -16.200 0.0 3.11 MW MGO
1975 04 18 1634 113.860 -24.400 0.0 4.23 MW MGO
1975 05 11 0046 122.770 -21.150 10.0 3.85 MW MGO
1975 07 21 2139 123.500 -30.200 0.0 4.47 MW MGO
1975 07 24 2223 120.470 -21.090 0.0 4.83 MW MGO
1975 08 05 1127 127.420 -16.450 0.0 3.73 MW MGO
1975 08 19 1404 143.500 -18.200 0.0 3.21 MW BRS
1975 08 25 1128 123.286 -18.958 0.0 4.47 MW ISC
1975 11 28 1755 115.560 -21.530 0.0 4.59 MW MGO
1976 02 19 0232 114.300 -19.410 0.0 5.55 MW MGO
1974 03 08 1200 128.500 -17.200 0.0 2.99 MW MGO
1976 03 15 1538 125.470 -32.340 10.0 5.07 MW MGO
1974 04 16 0942 116.500 -22.000 0.0 2.78 MW MGO
1976 04 18 1950 126.546 -22.184 51.0 4.35 MW ISC
1976 06 11 0427 125.250 -18.670 0.0 3.32 MW MGO
1976 07 27 1756 113.900 -20.000 0.0 4.11 MW MGO
1974 11 06 0843 136.772 -24.900 7.5 3.00 MW ADE
1976 10 16 1811 112.000 -27.000 0.0 3.35 MW MGO
1976 10 21 1112 126.665 -22.347 33.0 4.71 MW USGS
1976 11 07 0347 128.663 -16.115 6.0 3.88 MW ISC
1976 11 28 1834 122.417 -18.618 33.0 4.11 MW ISC
1976 12 04 2027 128.100 -17.100 0.0 3.13 MW MGO
1977 04 10 1018 122.920 -30.510 0.0 3.84 MW MGO
1977 04 23 2043 114.471 -21.710 0.0 3.24 MW ISC
1977 05 18 0611 126.700 -17.500 0.0 3.40 MW MGO
1975 04 18 1445 128.640 -16.040 0.0 2.46 MW MGO
1977 07 20 1219 120.200 -17.300 0.0 3.32 MW MGO
1977 07 27 2109 128.560 -16.987 33.0 3.51 MW ISC
1977 08 17 2116 125.424 -29.797 0.0 3.96 MW ISC
1977 10 24 1220 124.510 -23.860 0.0 3.08 MW MGO
1977 11 03 0356 127.000 -22.600 10.0 3.62 MW MGO
1977 11 12 1853 113.200 -27.800 0.0 3.31 MW MGO
1977 11 17 1756 123.670 -30.590 0.0 4.35 MW MGO
1977 11 22 0800 120.400 -19.600 0.0 3.50 MW MGO
1977 12 30 1009 117.172 -25.245 33.0 4.69 MW ISC
1978 01 17 2215 115.520 -22.720 30.0 3.22 MW MGO
1978 01 28 0842 120.730 -26.800 0.0 3.08 MW MGO
1976 03 28 0735 127.600 -17.000 0.0 2.90 MW MGO
1978 03 08 1757 120.470 -22.668 23.0 3.16 MW ISC
1976 03 29 0126 127.700 -16.900 0.0 2.93 MW MGO
1978 03 23 0235 131.000 -22.980 10.0 3.47 MW BMR
1978 05 01 0342 115.503 -23.464 0.0 4.71 MW ISC
1976 05 21 0543 128.250 -16.450 0.0 2.84 MW MGO
1978 05 06 1952 126.560 -19.550 17.0 5.07 MW BMR
1978 07 10 1648 120.140 -21.250 19.0 3.24 MW MGO
1978 08 05 1208 130.770 -23.230 0.0 3.49 MW BMR
1978 11 24 0104 120.770 -33.320 10.0 3.94 MW MGO
1978 12 12 0651 126.420 -22.052 19.0 4.11 MW ISC
1978 12 15 1410 111.570 -26.140 10.0 3.78 MW MGO
1979 02 07 2248 120.850 -21.420 0.0 3.32 MW MGO
1979 03 17 0345 137.192 -25.128 26.4 3.07 MW ADE
1979 03 26 0014 126.070 -16.350 0.0 3.11 MW MGO
1977 02 26 0549 128.360 -16.500 0.0 2.97 MW MGO
1979 03 31 0445 127.030 -18.040 0.0 3.29 MW MGO
1979 04 23 0545 120.163 -16.617 30.8 6.20 MW EHB
1979 04 24 2314 129.160 -26.340 0.0 4.32 MW BMR
1977 05 16 2127 122.900 -28.000 0.0 2.90 MW MGO
1979 05 26 0418 117.340 -18.660 37.0 3.32 MW MGO
1979 06 10 2014 115.150 -24.720 16.0 3.27 MW MGO
1979 06 18 2015 123.925 -29.643 0.0 3.66 MW ISC
1977 08 15 1934 112.978 -27.453 0.0 3.03 MW ISC
1979 07 14 0940 122.755 -18.103 15.0 5.00 MW EHB
1979 07 16 2039 127.049 -17.224 10.0 4.52 MW ISC
1979 07 25 1906 121.720 -32.260 10.0 3.06 MW MGO
1979 08 12 1041 114.610 -19.940 37.0 3.62 MW MGO
1979 08 17 0806 126.590 -21.890 19.0 3.19 MW MGO
1977 11 07 1905 119.250 -18.000 0.0 3.05 MW MGO
1979 09 11 0205 120.507 -21.443 5.0 3.53 MW ISC
1979 10 26 0256 128.570 -16.460 0.0 3.28 MW MGO
1979 10 31 1407 114.430 -20.630 37.0 3.64 MW MGO
1979 11 05 0942 127.300 -16.450 0.0 3.38 MW MGO
1978 02 13 0614 128.660 -16.500 0.0 2.86 MW MGO
1978 03 06 0159 127.260 -17.980 9.0 2.83 MW MGO
1978 03 13 1457 115.800 -24.320 0.0 2.95 MW MGO
1978 03 16 1348 112.510 -27.560 0.0 2.60 MW MGO
1978 04 03 1539 126.000 -27.300 0.0 2.70 MW MGO
1978 04 05 2032 115.120 -28.100 0.0 2.81 MW MGO
1978 05 03 0522 115.380 -27.470 0.0 2.61 MW MGO
1978 05 31 1725 125.250 -32.760 10.0 3.01 MW MGO
1978 07 05 2257 119.220 -17.850 0.0 2.65 MW MGO
1978 07 12 0900 122.490 -21.400 0.0 2.31 MW MGO
1978 07 15 1204 128.800 -17.600 0.0 2.87 MW MGO
1978 08 02 2019 130.230 -16.660 0.0 3.04 MW MGO
1978 08 24 1236 116.110 -20.380 0.0 2.46 MW MGO
1978 08 31 1811 118.670 -22.030 0.0 2.64 MW MGO
1978 09 02 0849 123.280 -18.450 37.0 2.99 MW MGO
1978 11 12 0909 128.440 -12.570 0.0 2.97 MW MGO
1978 11 23 1620 126.030 -25.890 0.0 2.75 MW MGO
1978 11 27 0422 128.930 -14.320 0.0 3.05 MW MGO
1978 11 28 1146 124.570 -30.140 15.0 2.92 MW MGO
1978 12 25 1340 128.200 -15.660 0.0 2.81 MW MGO
1979 01 17 1731 113.850 -22.950 70.0 2.96 MW MGO
1979 05 23 1056 129.590 -15.350 0.0 2.99 MW BMR
1979 06 17 1548 120.270 -15.330 37.0 3.05 MW MGO
1979 06 26 1913 124.190 -31.790 10.0 2.74 MW MGO
1979 06 27 1545 116.600 -19.940 10.0 2.75 MW MGO
1979 06 28 0648 114.400 -23.510 10.0 2.94 MW MGO
1979 07 17 1727 113.790 -25.600 10.0 3.02 MW MGO
1979 07 21 1728 120.940 -26.790 10.0 3.01 MW MGO
1979 08 20 1554 124.520 -32.300 10.0 3.03 MW MGO
1979 12 14 2213 116.420 -19.970 0.0 2.89 MW MGO
1980 03 18 0546 127.550 -17.620 10.0 2.88 MW MGO
1980 05 01 1231 118.310 -18.360 37.0 2.58 MW MGO
1980 05 22 0650 116.500 -25.520 10.0 3.01 MW MGO
1980 07 04 1811 122.820 -28.620 10.0 2.73 MW MGO
1980 07 26 0641 128.370 -16.880 19.0 3.04 MW MGO
1980 08 01 1824 128.710 -16.440 37.0 3.00 MW MGO
1980 08 08 0227 112.830 -27.220 19.0 2.90 MW MGO
1980 11 02 1827 113.320 -23.860 10.0 2.87 MW MGO
1980 11 29 1338 125.040 -18.190 37.0 2.94 MW MGO
1980 12 05 0841 128.370 -16.650 0.0 3.03 MW MGO
1980 12 23 1425 114.550 -21.200 10.0 2.74 MW MGO
1981 01 09 2033 120.960 -30.880 0.0 2.47 MW MGO
1981 02 07 0311 115.430 -18.830 37.0 2.79 MW MGO
1981 03 26 1857 114.370 -21.150 10.0 2.50 MW MGO
1981 04 21 1505 114.080 -22.410 10.0 2.67 MW MGO
1981 05 06 1835 123.320 -19.230 10.0 2.94 MW MGO
1981 06 07 1451 112.180 -24.330 10.0 2.75 MW MGO
1981 06 08 0820 114.080 -22.410 10.0 2.48 MW MGO
1981 07 03 2129 112.970 -25.010 10.0 2.92 MW MGO
1981 07 29 0452 113.880 -21.670 10.0 2.95 MW MGO
1981 09 12 1320 124.090 -30.880 37.0 3.04 MW MGO
1981 09 20 0919 121.360 -24.640 10.0 2.52 MW MGO
1981 10 05 2101 114.370 -24.310 10.0 2.89 MW MGO
1981 11 06 2051 127.360 -17.610 10.0 2.90 MW MGO
1982 02 19 2026 113.900 -22.290 10.0 3.03 MW MGO
1982 02 26 1728 116.340 -20.080 26.0 2.75 MW MGO
1982 03 13 1817 120.710 -23.360 10.0 3.05 MW MGO
1982 03 17 2201 113.080 -19.380 10.0 2.46 MW MGO
1982 03 28 2104 116.020 -25.570 10.0 3.01 MW MGO
1982 04 22 1444 120.190 -15.710 37.0 3.01 MW MGO
1982 04 30 1055 120.720 -22.230 10.0 2.95 MW MGO
1982 06 23 1139 126.600 -22.000 10.0 2.99 MW MGO
1982 07 01 1720 127.220 -33.520 37.0 3.03 MW MGO
1982 07 11 0222 114.470 -22.930 10.0 2.85 MW MGO
1982 09 03 1500 113.790 -22.220 10.0 2.31 MW MGO
1982 12 13 1619 113.020 -27.560 10.0 2.69 MW MGO
1983 01 09 1942 125.690 -33.680 10.0 2.70 MW MGO
1983 02 08 1945 121.360 -30.740 0.0 2.47 MW MGO
1983 02 22 1941 113.040 -27.710 10.0 2.36 MW MGO
1983 03 21 0033 113.280 -28.670 10.0 2.78 MW MGO
1983 04 03 2247 117.160 -25.190 10.0 3.02 MW MGO
1983 04 06 1939 124.080 -29.200 10.0 2.58 MW MGO
1983 04 11 0508 126.420 -21.940 37.0 2.72 MW MGO
1983 04 24 0918 111.220 -26.680 37.0 2.65 MW MGO
1983 05 04 0115 124.560 -29.590 10.0 3.02 MW MGO
1983 05 10 2216 117.970 -18.860 10.0 2.94 MW MGO
1983 06 07 1018 114.470 -23.940 10.0 2.70 MW MGO
1983 06 14 1646 119.600 -18.140 37.0 2.76 MW MGO
1983 07 25 1503 122.850 -28.540 10.0 2.81 MW MGO
1983 08 08 2256 112.630 -18.310 37.0 2.86 MW MGO
1983 09 08 1846 126.220 -16.940 10.0 2.98 MW MGO
1983 09 25 0516 126.270 -21.800 37.0 2.95 MW MGO
1983 10 28 1201 120.700 -20.590 10.0 3.04 MW MGO
1983 11 16 1300 113.660 -25.550 10.0 2.43 MW MGO
1983 12 13 2310 114.110 -28.190 10.0 2.72 MW MGO
1983 12 17 0853 113.480 -27.090 10.0 2.57 MW MGO
1983 12 21 1819 124.190 -27.360 10.0 2.79 MW MGO
1983 12 25 0306 120.090 -33.480 10.0 3.00 MW MGO
1984 01 03 0318 126.850 -26.320 10.0 2.78 MW MGO
1984 01 04 1618 126.860 -15.670 10.0 3.01 MW MGO
1984 01 08 1153 115.700 -24.670 10.0 2.99 MW MGO
1984 01 28 0625 121.020 -28.290 10.0 2.74 MW MGO
1984 02 09 1643 130.150 -25.410 10.0 2.73 MW MGO
1984 03 24 0735 122.430 -25.420 10.0 2.93 MW MGO
1984 04 18 1220 132.190 -21.260 0.0 2.99 MW BMR
1984 04 23 1359 126.040 -21.120 10.0 2.89 MW MGO
1984 04 24 0911 135.600 -12.400 0.0 2.88 MW BMR
1984 05 17 2021 115.840 -27.780 30.0 2.98 MW MGO
1984 06 09 0704 121.530 -30.750 0.0 2.40 MW MGO
1984 06 12 1957 112.420 -23.970 10.0 2.85 MW MGO
1984 07 08 2314 113.900 -25.840 10.0 2.58 MW MGO
1984 07 15 1120 113.250 -18.610 10.0 3.03 MW MGO
1984 07 25 1156 129.700 -21.000 0.0 2.76 MW BMR
1984 09 01 2255 113.320 -27.140 10.0 2.72 MW MGO
1984 09 13 1948 111.310 -26.460 10.0 2.74 MW MGO
1984 09 22 2036 127.070 -26.420 10.0 3.00 MW MGO
1984 11 18 2119 122.890 -17.670 37.0 3.04 MW MGO
1984 11 21 0428 112.390 -21.390 33.0 3.05 MW MGO
1984 12 07 1600 123.250 -18.630 10.0 2.91 MW MGO
1984 12 15 1050 129.460 -23.550 10.0 2.79 MW MGO
1984 12 22 2259 124.320 -27.700 10.0 2.81 MW MGO
1985 01 14 1927 114.730 -22.180 10.0 2.81 MW MGO
1985 02 25 2040 117.420 -18.870 37.0 3.00 MW MGO
1985 03 20 0833 111.580 -26.950 10.0 2.76 MW MGO
1985 03 28 2240 112.960 -24.150 37.0 3.00 MW MGO
1985 04 01 0448 113.960 -24.500 10.0 2.99 MW MGO
1985 04 01 2058 126.450 -22.100 10.0 2.77 MW MGO
1985 04 09 1152 119.860 -21.570 10.0 2.78 MW MGO
1985 04 28 1551 113.770 -22.050 10.0 2.76 MW MGO
1985 06 01 2353 130.530 -27.020 10.0 2.78 MW MGO
1985 07 03 0905 115.310 -25.530 10.0 2.55 MW MGO
1985 08 06 1843 137.200 -24.800 0.0 2.98 MW BMR
1985 08 10 0724 121.456 -30.783 0.0 2.99 MW MGO
1985 09 13 2116 127.970 -17.750 10.0 3.01 MW MGO
1985 10 16 0952 122.000 -36.040 10.0 2.89 MW MGO
1985 11 10 1711 111.100 -26.470 10.0 2.68 MW MGO
1985 11 29 1932 114.360 -25.930 10.0 3.05 MW MGO
1985 12 10 1133 117.010 -25.320 10.0 2.75 MW MGO
1985 12 16 1014 113.230 -27.320 10.0 2.93 MW MGO
1986 01 09 1454 129.350 -24.430 5.0 2.96 MW MGO
1986 01 27 1717 123.000 -18.290 5.0 2.99 MW MGO
1986 01 28 1629 113.590 -25.750 5.0 2.99 MW MGO
1986 02 02 2256 115.930 -20.290 5.0 3.04 MW MGO
1986 02 17 1116 129.410 -24.530 5.0 2.89 MW MGO
1986 03 30 2020 120.850 -24.810 5.0 2.58 MW MGO
1986 04 13 1515 120.220 -21.860 5.0 3.01 MW MGO
1986 05 09 0836 121.038 -31.109 5.0 2.90 MW MGO
1986 05 20 1718 121.290 -21.080 5.0 2.88 MW MGO
1986 05 22 2100 111.300 -24.920 5.0 2.83 MW MGO
1986 05 26 1034 123.550 -17.590 5.0 2.89 MW MGO
1986 06 27 0130 140.195 -25.515 4.8 3.01 MW ADE
1986 07 09 1137 129.440 -20.840 5.0 2.85 MW MGO
1986 07 11 0613 130.555 -25.699 0.0 3.04 MW BMR
1986 07 28 2005 115.180 -23.710 5.0 2.83 MW MGO
1986 08 08 1414 121.012 -31.087 5.0 2.84 MW MGO
1986 09 13 1323 121.200 -18.440 5.0 2.96 MW MGO
1986 09 23 2041 119.820 -21.500 11.0 2.92 MW MGO
1986 09 29 1509 118.330 -16.920 5.0 2.76 MW MGO
1986 10 01 1319 126.240 -32.250 5.0 3.01 MW MGO
1986 10 02 0343 121.426 -30.771 5.0 2.86 MW MGO
1986 10 18 1306 119.750 -22.290 5.0 2.95 MW MGO
1986 10 26 0552 111.190 -26.670 5.0 2.63 MW MGO
1986 10 27 1708 128.220 -23.110 5.0 3.02 MW MGO
1986 11 01 1854 116.410 -19.960 5.0 2.84 MW MGO
1986 11 07 0109 114.310 -22.230 5.0 2.95 MW MGO
1986 11 29 2233 114.000 -27.490 5.0 2.49 MW MGO
1986 12 06 2054 120.650 -21.360 5.0 2.81 MW MGO
1986 12 19 0606 130.800 -22.700 0.0 2.66 MW BMR
1986 12 30 1452 111.370 -26.060 5.0 2.57 MW MGO
1986 12 31 0713 131.000 -22.800 0.0 2.83 MW BMR
1987 02 11 0706 119.600 -21.470 3.0 2.76 MW AUST
1987 03 29 1539 118.840 -18.900 5.0 3.00 MW MGO
1987 05 11 0311 135.818 -13.757 0.0 2.85 MW BMR
1987 05 13 0645 131.430 -16.530 5.0 2.97 MW BMR
1987 05 17 1542 122.590 -17.470 5.0 3.04 MW MGO
1987 06 03 1501 123.590 -35.180 5.0 3.00 MW MGO
1987 06 08 0355 127.039 -21.994 5.0 2.78 MW BMR
1987 06 14 2155 136.187 -36.562 30.9 2.74 MW ADE
1987 07 15 0606 136.060 -13.550 0.0 2.73 MW AUST
1987 09 23 0229 123.380 -17.650 5.0 2.87 MW MGO
1987 09 24 1553 120.240 -21.330 5.0 2.70 MW MGO
1987 09 26 0437 130.230 -19.500 5.0 2.75 MW BMR
1987 11 02 1018 121.469 -30.764 5.0 2.80 MW MGO
1987 11 02 2111 137.170 -23.150 9.0 2.88 MW AUST
1987 12 12 1206 119.570 -16.940 5.0 2.93 MW MGO
1988 01 06 0656 128.460 -17.040 5.0 2.94 MW MGO
1988 01 09 1613 126.690 -17.670 5.0 2.99 MW MGO
1988 01 18 0302 122.220 -32.510 5.0 2.94 MW MGO
1988 03 25 2105 116.150 -26.110 5.0 2.68 MW MGO
1988 04 05 1838 115.790 -20.730 5.0 2.80 MW MGO
1988 05 16 1816 120.190 -21.420 5.0 2.76 MW MGO
1988 06 22 0631 140.128 -26.514 0.0 2.94 MW BMR
1988 07 24 2103 126.070 -21.630 5.0 2.76 MW MGO
1988 08 13 1920 126.320 -22.080 5.0 2.77 MW MGO
1988 08 20 0900 126.600 -24.960 5.0 2.89 MW MGO
1988 09 08 2117 132.363 -29.217 5.0 2.86 MW ADE
1988 10 09 0315 119.480 -28.360 12.0 2.79 MW MGO
1988 10 16 1113 131.592 -25.530 5.0 2.63 MW BMR
1988 10 25 1005 112.900 -19.940 5.0 2.98 MW MGO
1988 11 04 0734 128.030 -29.940 5.0 2.76 MW MGO
1988 11 23 2007 122.990 -27.433 5.0 3.03 MW BMR
1988 12 18 0409 123.790 -28.940 5.0 2.98 MW MGO
1988 12 29 1140 117.890 -18.680 5.0 3.04 MW MGO
1989 01 05 0857 123.320 -15.900 5.0 2.85 MW MGO
1989 01 19 1508 128.590 -16.870 5.0 2.88 MW MGO
1989 03 07 1706 124.750 -30.720 5.0 2.72 MW MGO
1989 03 27 1225 111.730 -25.580 5.0 2.84 MW MGO
1989 04 04 0311 120.093 -21.490 5.0 2.68 MW MGO
1989 04 17 1556 121.412 -16.366 5.0 2.69 MW MGO
1989 04 30 1616 117.261 -20.518 5.0 2.67 MW MGO
1989 05 15 1547 124.140 -30.470 5.0 2.70 MW MGO
1989 05 15 1917 112.020 -20.330 5.0 2.43 MW MGO
1989 05 25 2217 114.906 -18.289 5.0 2.60 MW MGO
1989 06 06 0507 127.736 -18.368 5.0 2.59 MW MGO
1989 06 09 1833 121.407 -30.755 12.0 2.52 MW MGO
1989 06 20 2119 116.881 -25.410 5.0 2.75 MW MGO
1989 06 22 2205 130.260 -25.360 5.0 2.55 MW MGO
1989 06 25 1441 128.194 -26.144 5.0 2.84 MW MGO
1989 06 28 1711 122.316 -32.552 7.0 2.96 MW MGO
1989 07 22 0418 116.435 -21.756 5.0 2.82 MW MGO
1989 08 06 0554 118.300 -18.469 5.0 2.63 MW MGO
1989 08 10 1545 124.696 -29.952 5.0 3.02 MW MGO
1989 08 14 1550 119.863 -20.631 5.0 2.80 MW MGO
1989 08 28 2125 113.796 -22.543 0.0 2.87 MW MGO
1989 09 04 0952 112.980 -25.018 5.0 2.61 MW MGO
1989 09 12 1007 116.081 -25.617 5.0 3.00 MW MGO
1989 10 02 1607 111.168 -24.416 5.0 2.81 MW MGO
1989 10 08 0130 113.253 -27.350 5.0 2.56 MW MGO
1989 12 18 1510 111.554 -26.659 5.0 2.45 MW MGO
1989 12 27 1310 113.320 -26.944 5.0 2.53 MW MGO
1990 04 14 1213 124.574 -15.809 5.0 2.86 MW MGO
1990 05 09 0014 114.679 -21.615 5.0 3.00 MW MGO
1990 08 18 1947 118.529 -26.271 49.0 2.93 MW MGO
1990 09 03 1703 123.510 -31.180 9.0 3.00 MW MGO
1990 10 17 1432 115.214 -25.059 31.0 3.00 MW MGO
1990 11 11 1725 120.190 -20.480 3.0 2.93 MW MGO
1990 11 27 1849 128.440 -16.680 2.0 2.86 MW MGO
1990 12 03 0446 135.800 -26.100 5.0 2.86 MW BMR
1990 12 26 1004 125.305 -30.079 4.0 2.93 MW MGO
1991 01 07 1459 121.778 -15.603 5.0 2.86 MW MGO
1991 02 02 2342 119.397 -30.092 4.0 2.86 MW MGO
1991 02 08 1657 118.100 -18.748 5.0 3.00 MW MGO
1991 02 24 1518 112.590 -26.652 5.0 2.86 MW MGO
1991 03 12 1040 114.573 -27.775 5.0 3.00 MW MGO
1991 03 23 1513 132.097 -26.446 10.0 2.93 MW ADE
1991 04 19 0340 115.705 -17.998 5.0 2.86 MW MGO
1991 05 22 0445 129.311 -34.495 5.0 2.86 MW MGO
1991 06 22 1951 115.576 -24.423 5.0 2.93 MW MGO
1991 06 23 1520 113.147 -27.431 5.0 3.00 MW MGO
1991 07 20 0207 121.538 -30.998 5.0 2.93 MW MGO
1991 08 09 1859 123.667 -35.234 5.0 2.93 MW MGO
1991 09 10 1815 123.653 -35.141 5.0 2.93 MW MGO
1991 09 21 1808 123.653 -35.298 34.0 3.00 MW MGO
1991 10 04 1746 114.126 -27.916 5.0 3.00 MW MGO
1991 10 24 0457 116.137 -20.340 5.0 3.00 MW MGO
1991 10 31 0323 120.993 -20.282 5.0 2.93 MW MGO
1991 11 14 1843 118.930 -21.091 5.0 3.00 MW MGO
1991 11 15 0223 111.891 -21.598 5.0 2.93 MW MGO
1991 12 06 2117 113.029 -24.072 5.0 2.86 MW MGO
1991 12 17 0546 123.454 -35.194 5.0 2.93 MW MGO
1991 12 24 2006 126.197 -17.289 5.0 2.86 MW MGO
1992 01 12 0141 112.307 -26.725 5.0 2.93 MW MGO
1992 02 22 0417 127.305 -23.016 5.0 2.93 MW MGO
1992 03 07 2056 123.636 -35.221 5.0 2.93 MW MGO
1992 03 21 2005 124.541 -27.346 5.0 2.86 MW MGO
1992 06 15 0202 116.650 -24.410 5.0 3.00 MW MGO
1992 07 01 0608 120.798 -21.203 5.0 2.93 MW MGO
1992 07 18 0753 121.169 -15.598 5.0 3.00 MW MGO
1992 08 03 0151 112.739 -23.467 5.0 2.93 MW MGO
1992 08 20 1845 130.075 -23.693 5.0 3.00 MW AUST
1992 08 21 1131 137.671 -25.888 5.0 3.00 MW AUST
1992 08 23 1104 131.065 -25.927 5.0 2.86 MW AUST
1992 09 09 1347 122.813 -19.527 5.0 2.86 MW MGO
1992 09 19 0927 116.318 -19.933 37.0 2.93 MW MGO
1992 10 14 1311 118.998 -18.396 5.0 2.86 MW MGO
1992 10 21 2050 113.839 -19.809 5.0 2.93 MW MGO
1992 10 28 2349 119.669 -21.330 5.0 2.93 MW MGO
1992 11 18 1042 116.348 -20.270 5.0 2.93 MW MGO
1992 11 22 1543 119.374 -18.184 5.0 2.93 MW MGO
1992 12 21 2021 121.520 -31.025 5.0 2.86 MW MGO
1992 12 24 1428 118.151 -18.362 5.0 2.93 MW MGO
1993 01 11 1820 134.018 -34.640 12.8 3.00 MW ADE
1993 01 24 1950 113.242 -19.900 5.0 3.00 MW MGO
1993 02 17 1454 126.506 -21.931 5.0 2.93 MW MGO
1993 02 23 2255 132.241 -23.306 5.0 2.86 MW MGO
1993 03 03 0723 113.955 -22.859 5.0 3.00 MW MGO
1993 03 11 2236 119.203 -18.256 5.0 2.86 MW MGO
1993 03 17 2358 121.057 -15.961 5.0 3.00 MW MGO
1993 04 12 1322 131.347 -25.625 5.0 2.86 MW MGO
1993 04 24 1606 119.643 -20.466 5.0 2.86 MW MGO
1993 05 26 0327 122.196 -32.533 5.0 3.00 MW MGO
1993 06 02 1718 116.334 -20.026 33.0 3.00 MW MGO
1993 06 15 1405 124.859 -22.966 5.0 2.93 MW MGO
1993 06 23 1619 132.728 -21.584 5.0 2.93 MW AUST
1993 07 27 1118 116.620 -24.370 5.0 2.93 MW MGO
1993 09 24 0526 118.827 -18.296 5.0 3.00 MW MGO
1993 09 24 2246 123.456 -35.194 5.0 2.86 MW MGO
1993 09 29 1749 140.448 -26.115 5.0 3.00 MW AUST
1993 10 20 1233 128.081 -21.593 5.0 2.86 MW MGO
1993 12 31 1040 126.731 -19.881 5.0 3.00 MW MGO
1994 01 07 1312 128.547 -16.575 5.0 2.93 MW MGO
1994 01 26 1733 122.316 -32.372 5.0 3.00 MW MGO
1994 02 06 1109 130.208 -23.105 5.0 2.93 MW AUST
1994 02 12 1715 120.560 -21.647 5.0 2.93 MW MGO
1994 04 04 0258 116.399 -20.057 5.0 2.93 MW MGO
1994 04 05 0358 126.969 -32.551 5.0 2.93 MW MGO
1994 04 18 0509 113.742 -28.977 5.0 2.93 MW MGO
1994 04 26 0408 128.632 -16.477 5.0 3.00 MW MGO
1994 06 24 1653 139.572 -28.280 12.5 2.92 MW ADE
1994 06 30 0734 119.132 -27.448 5.0 2.86 MW MGO
1994 09 29 1127 118.389 -20.010 5.0 2.86 MW MGO
1994 09 30 0413 114.844 -16.426 5.0 2.86 MW MGO
1994 11 03 1338 111.634 -25.902 5.0 3.00 MW MGO
1994 12 23 1906 123.583 -17.742 5.0 2.86 MW MGO
1995 03 29 1229 112.978 -28.902 5.0 3.00 MW MGO
1995 04 05 2355 115.762 -25.576 5.0 3.00 MW MGO
1995 06 06 0450 119.395 -34.957 5.0 2.86 MW MGO
1995 06 26 1049 128.605 -16.614 5.0 2.86 MW MEL
1995 08 15 1458 128.925 -11.251 33.0 2.90 MW ISC
1995 09 11 1903 117.100 -25.476 5.0 3.00 MW MGO
1995 09 12 1718 123.552 -17.724 5.0 2.86 MW MGO
1995 10 22 1650 113.650 -27.288 5.0 2.86 MW MGO
1995 11 11 1034 131.767 -25.950 10.0 3.00 MW ISC
1995 12 09 1015 128.319 -16.635 5.0 3.00 MW MEL
1995 12 14 2139 123.730 -31.065 5.0 2.86 MW MGO
1995 12 26 1259 114.526 -22.756 5.0 3.00 MW MGO
1995 12 28 2219 120.804 -15.996 19.0 2.93 MW MGO
1996 01 01 1235 127.920 -14.490 33.0 2.90 MW ISC
1996 01 06 0208 140.282 -25.688 0.0 2.78 MW ISC
1996 01 13 0942 128.935 -21.597 5.0 2.86 MW MGO
1996 02 17 2323 135.787 -10.691 33.0 2.90 MW ISC
1996 03 26 1400 112.556 -23.092 5.0 3.00 MW MGO
1996 04 01 1959 134.150 -20.030 0.0 2.93 MW EIDC
1996 04 08 0619 123.914 -31.266 5.0 3.00 MW MGO
1996 04 18 1659 129.002 -25.920 5.0 2.93 MW MGO
1996 04 30 1358 128.803 -11.753 33.0 3.02 MW ISC
1996 05 05 1230 129.437 -25.481 5.0 2.93 MW AUST
1997 02 24 1822 113.869 -27.874 9.0 2.93 MW MGO
1997 04 06 0221 114.809 -24.031 5.0 2.93 MW MGO
1997 04 25 1328 115.449 -25.336 5.0 3.00 MW MGO
1997 06 29 1437 119.650 -22.186 5.0 3.00 MW MGO
1997 07 10 0139 119.756 -32.144 1.0 2.86 MW MGO
1997 07 14 0959 139.084 -20.693 0.0 3.00 MW EIDC
1997 08 09 2136 128.016 -21.140 5.0 3.00 MW MGO
1997 08 16 2252 114.483 -22.673 5.0 2.93 MW MGO
1997 08 17 0514 115.586 -28.617 5.0 2.93 MW MGO
1997 08 31 0143 123.684 -29.980 5.0 2.86 MW MGO
1997 10 04 1938 116.096 -19.235 5.0 3.00 MW MGO
1997 10 19 1859 115.584 -28.849 5.0 3.00 MW MGO
1997 10 21 0746 123.825 -29.558 5.0 2.93 MW MGO
1997 11 02 0718 129.606 -28.066 5.0 3.00 MW MGO
1997 11 02 1824 115.862 -21.891 5.0 2.86 MW MGO
1997 11 20 0950 128.982 -26.271 5.0 3.00 MW MGO
1997 12 10 0313 123.166 -30.345 5.0 2.93 MW MGO
1998 01 02 0133 115.230 -23.662 5.0 3.00 MW MGO
1998 01 07 1734 120.710 -20.920 5.0 2.93 MW MGO
1998 02 21 0209 113.487 -27.437 5.0 3.00 MW MGO
1998 03 04 1144 115.146 -23.403 5.0 2.93 MW MGO
1998 04 06 2056 115.968 -26.007 5.0 2.93 MW MGO
1998 04 20 1134 121.872 -30.351 5.0 2.86 MW MGO
1998 04 22 1821 119.754 -32.105 5.0 2.86 MW MGO
1998 04 26 1312 124.063 -31.851 14.0 3.00 MW MGO
1998 05 18 1824 114.633 -23.223 5.0 2.86 MW MGO
1998 05 22 1731 113.140 -25.401 5.0 2.86 MW MGO
1998 05 26 0104 123.934 -30.701 5.0 3.00 MW MGO
1998 06 27 1642 120.886 -33.320 5.0 2.93 MW MGO
1998 07 16 0158 121.048 -21.252 5.0 2.86 MW MGO
1998 07 21 2000 121.439 -30.819 5.0 2.86 MW MGO
1998 09 14 0608 127.300 -17.155 5.0 3.00 MW MGO
1998 09 20 0135 119.985 -22.457 5.0 2.93 MW MGO
1998 10 27 2240 128.472 -17.002 5.0 3.00 MW MGO
1998 11 05 2050 123.695 -30.814 5.0 3.00 MW MGO
1998 11 23 0318 135.340 -22.140 0.0 2.86 MW AGSO
1998 11 23 0954 120.611 -26.420 5.0 2.86 MW MGO
1998 12 12 0224 130.920 -22.620 0.0 2.93 MW AGSO
1998 12 14 2029 121.257 -30.987 5.0 2.93 MW MGO
1998 12 24 2342 135.452 -17.634 0.0 2.86 MW AGSO
1998 12 31 1113 121.410 -30.754 5.0 3.00 MW MGO
1999 01 02 0555 131.754 -20.418 0.0 3.00 MW AGSO
1999 01 05 1734 123.039 -27.792 5.0 2.86 MW MGO
1999 01 05 2349 135.496 -22.040 3.0 3.00 MW AGSO
1999 01 12 1338 123.391 -20.113 5.0 2.93 MW MGO
1999 02 22 2355 122.552 -22.334 5.0 2.93 MW MGO
1999 02 26 1014 113.774 -21.946 5.0 2.86 MW MGO
1999 04 15 1638 113.823 -21.773 24.0 2.86 MW MGO
1999 05 20 1135 124.640 -30.070 5.0 2.86 MW MGO
1999 05 20 1405 116.340 -21.730 5.0 3.00 MW MGO
1999 05 24 1920 127.780 -15.470 5.0 3.00 MW MGO
1999 05 31 1915 140.140 -25.850 10.0 2.93 MW AGSO
1999 06 19 1442 113.830 -28.320 5.0 2.86 MW MGO
1999 07 31 0353 116.260 -20.180 5.0 2.86 MW MGO
1999 08 10 1703 114.070 -23.430 5.0 2.86 MW MGO
1999 08 21 1258 116.280 -20.290 5.0 2.86 MW MGO
1999 08 26 1922 115.900 -26.450 5.0 2.86 MW MGO
1999 09 29 1959 115.660 -22.210 5.0 3.00 MW MGO
1999 10 10 1327 116.420 -20.140 5.0 2.93 MW MGO
1999 10 12 0043 118.230 -18.530 5.0 3.00 MW MGO
1999 10 14 0018 127.580 -16.710 5.0 2.93 MW MGO
1999 10 15 1720 122.480 -12.380 5.0 3.00 MW MGO
1999 11 01 1438 117.490 -24.220 1.0 3.00 MW MGO
1999 12 01 0511 123.220 -17.970 5.0 3.00 MW MGO
1999 12 15 2236 119.730 -32.140 2.0 3.00 MW MGO
1999 12 18 0701 124.840 -26.260 5.0 2.93 MW MGO
1999 12 22 1741 125.640 -33.190 5.0 2.86 MW MGO
2000 01 12 1731 111.210 -25.350 5.0 2.86 MW MGO
2000 02 17 1558 131.438 -25.729 0.0 3.00 MW AGSO
2000 02 28 1843 120.950 -21.580 5.0 3.00 MW MGO
2000 02 29 0327 120.110 -23.530 5.0 3.00 MW MGO
2000 04 08 2227 116.446 -20.027 5.0 2.86 MW AGSO
2000 06 05 1421 132.788 -20.069 0.0 2.86 MW AGSO
2000 06 05 1504 131.850 -29.544 10.0 2.86 MW ADE
2000 06 16 1923 117.529 -27.296 0.0 2.86 MW AGSO
2000 06 19 0138 121.299 -33.551 0.0 2.86 MW AGSO
2000 06 19 2124 131.351 -23.464 0.0 3.00 MW AGSO
2000 06 26 1947 120.953 -20.694 0.0 3.00 MW AGSO
2000 11 12 1942 132.108 -24.973 0.0 2.93 MW AGSO
2000 12 13 0634 134.903 -35.751 10.0 2.93 MW ADE
2001 01 12 1157 129.889 -25.024 10.0 2.93 MW AGSO
2001 01 12 1451 113.621 -28.046 15.0 2.86 MW ISC
2001 02 02 0833 123.052 -32.067 10.0 2.86 MW AGSO
2001 03 28 1748 121.163 -33.401 0.0 2.86 MW AGSO
2001 04 27 1423 121.779 -32.580 10.0 3.00 MW AGSO
2001 04 28 1558 137.620 -25.980 26.0 2.86 MW AGSO
2001 05 16 0817 138.125 -23.058 8.0 2.93 MW AGSO
2001 06 04 1407 114.390 -26.530 14.0 2.93 MW AGSO
2001 06 24 1017 119.740 -31.995 0.0 3.00 MW AUST
2001 07 12 0526 131.084 -26.297 7.0 3.00 MW AUST
2001 10 04 1801 134.293 -22.507 5.6 2.93 MW AUST
2001 10 15 0616 113.713 -22.479 10.0 2.86 MW AUST
2001 10 29 0859 117.395 -24.947 15.0 3.00 MW ISC
2002 02 02 0034 119.231 -29.317 3.0 2.93 MW AUST
2002 03 20 1702 114.678 -23.308 20.0 2.86 MW AUST
2002 03 25 0752 131.042 -22.974 3.0 2.93 MW AUST
2002 04 19 2312 123.583 -30.671 5.0 3.00 MW AUST
2002 06 25 0900 133.623 -33.529 10.1 3.00 MW ADE
2002 07 23 1205 126.109 -22.164 6.0 2.86 MW ISC
2002 09 29 0613 125.579 -29.576 10.0 2.93 MW AUST
2002 12 04 0411 129.754 -21.977 18.0 2.93 MW AUST
2003 01 23 1048 129.944 -22.801 5.0 3.00 MW AUST
2003 03 23 0732 134.729 -19.743 10.0 2.86 MW AUST
2003 04 25 2102 125.630 -33.199 0.0 2.93 MW AUST
2003 05 01 0249 115.725 -24.596 31.0 2.93 MW AUST
2003 06 01 0255 114.108 -21.933 1.7 3.00 MW AUST
2003 06 03 1215 129.829 -25.203 10.0 2.86 MW AUST
2003 10 26 0132 134.311 -34.944 1.2 2.93 MW ADE
2004 03 31 1322 128.200 -10.007 33.0 3.04 MW ISC
2005 01 31 1322 121.453 -30.806 0.0 2.93 MW AUST
2005 03 06 0537 115.730 -28.097 0.0 2.86 MW AUST
2005 04 08 0409 140.312 -27.800 0.0 2.67 MW IDC
2005 07 09 1348 124.660 -14.950 37.0 2.86 MW AUST
2005 08 13 1516 127.740 -22.860 10.0 3.00 MW AUST
2005 09 10 1141 143.931 -16.878 10.0 3.00 MW RC
2005 09 11 2140 128.730 -16.518 5.0 2.93 MW AUST
2005 12 14 1102 113.701 -21.889 22.0 2.93 MW AUST
2006 02 05 2006 114.959 -23.737 15.0 2.93 MW AUST
2006 02 16 0046 122.536 -17.735 10.0 2.90 MW ISC
2006 02 22 0842 128.384 -10.382 35.0 2.78 MW ISC
2006 03 08 1429 127.303 -23.138 0.0 2.86 MW AUST
2006 04 03 2158 132.175 -26.034 0.0 3.00 MW IDC
2006 04 23 1423 122.075 -17.288 3.0 2.93 MW AUST
2006 04 24 1245 137.742 -25.734 0.0 2.66 MW IDC
2006 05 08 0122 127.859 -17.673 0.0 3.00 MW AUST
2006 05 14 0927 127.311 -18.327 0.0 3.00 MW AUST
2006 06 22 1839 136.351 -12.663 0.0 3.00 MW AUST
2006 07 18 1104 133.102 -13.906 0.0 2.86 MW AUST
2006 12 10 1634 117.473 -25.085 10.0 3.00 MW AUST
2007 03 08 1212 124.327 -27.993 10.0 2.93 MW AUST
2007 07 17 1031 113.319 -25.535 0.0 2.93 MW AUST
2007 09 22 2344 129.805 -22.302 0.0 2.93 MW IDC
2007 11 18 1916 143.785 -16.823 4.0 2.86 MW AUST
2007 12 11 1605 128.777 -16.430 9.0 2.93 MW AUST
2008 04 19 1624 125.698 -20.470 10.0 3.00 MW AUST
2008 07 04 1525 125.965 -31.700 0.6 3.00 MW AUST
2008 07 16 1600 137.636 -25.762 10.0 2.86 MW ADE
2009 04 03 1531 120.822 -31.973 0.0 2.93 MW AUST
2009 10 12 0658 133.978 -19.542 16.7 2.93 MW AUST
2010 01 14 2135 120.278 -33.147 0.0 2.86 MW AUST
2010 03 28 1637 121.558 -30.832 10.0 3.00 MW AUST
2010 04 20 1019 122.199 -32.356 0.0 2.93 MW AUST
2010 06 04 1056 121.385 -30.726 0.0 2.93 MW AUST
2010 06 06 1829 121.487 -30.844 0.0 2.86 MW AUST
2010 07 05 1434 118.336 -24.916 0.0 2.93 MW AUST
2010 07 15 1359 119.454 -33.905 10.0 2.86 MW AUST
2010 07 17 1624 123.154 -34.823 14.0 2.93 MW AUST
2010 09 19 2123 121.642 -30.745 1.0 2.93 MW AUST
2010 10 24 1811 116.939 -25.367 5.6 3.00 MW AUST
2010 11 08 1941 119.162 -31.113 10.0 3.00 MW AUST
2010 11 14 1629 140.353 -26.758 28.9 2.82 MW ADE
2010 12 02 1224 130.429 -11.930 0.0 3.00 MW AUST
2010 12 02 1830 128.594 -14.658 2.0 2.86 MW AUST
2010 12 09 1653 127.410 -17.223 5.0 3.00 MW AUST
2010 12 10 2210 129.110 -14.842 10.0 3.00 MW AUST
2010 12 12 1226 114.607 -26.965 10.0 2.86 MW AUST
2010 12 15 0616 140.985 -25.345 0.0 3.05 MW IDC
2011 01 08 1257 128.795 -14.771 10.0 3.00 MW AUST
2011 01 29 2242 127.867 -21.893 15.0 2.86 MW AUST
2011 04 04 1203 127.984 -17.452 0.0 3.00 MW AUST
2011 04 26 0756 128.469 -16.631 0.0 2.18 MW IDC
2011 05 11 2034 125.207 -12.614 0.0 2.66 MW IDC
2011 05 15 1024 139.258 -20.590 0.0 2.86 MW IDC
2011 05 22 0140 119.328 -33.200 10.0 2.86 MW AUST
2011 07 08 1458 137.309 -25.899 0.0 3.00 MW IDC
2011 08 11 1753 127.420 -18.698 4.0 2.93 MW AUST
2011 11 02 0332 121.474 -30.871 4.0 2.86 MW AUST
2011 11 24 1757 121.390 -30.846 19.0 3.00 MW AUST
2011 11 27 0340 138.492 -25.823 0.0 3.00 MW IDC
2011 12 27 1410 120.296 -26.741 10.0 3.00 MW AUST
2012 01 11 0337 132.037 -14.809 12.0 2.86 MW AUST
2012 01 13 1902 121.554 -30.681 4.0 3.00 MW AUST
2012 03 13 1848 116.347 -28.795 0.0 3.00 MW AUST
2012 05 08 0255 116.099 -28.634 10.0 3.00 MW AUST
2012 10 31 2154 120.807 -33.362 0.0 3.00 MW AUST
2012 12 12 0830 119.177 -32.192 0.0 2.93 MW AUST
2013 01 06 1702 120.383 -28.075 10.0 3.00 MW AUST
2013 03 03 0926 119.160 -32.322 10.0 2.93 MW AUST
2013 03 03 0927 119.045 -32.410 10.0 2.93 MW AUST
2013 03 27 1410 116.755 -25.001 10.0 2.86 MW AUST
2013 04 20 0134 119.855 -28.614 18.0 2.93 MW AUST
2013 04 30 0823 120.609 -27.795 8.0 3.00 MW AUST
2013 05 05 0631 120.521 -27.864 0.0 3.00 MW AUST
2013 06 17 0949 115.964 -28.758 0.0 2.86 MW AUST
2013 06 25 2048 116.234 -28.805 0.0 2.86 MW AUST
2013 06 29 1511 119.220 -32.312 10.0 2.86 MW AUST
2013 07 22 0707 119.500 -22.396 0.0 2.86 MW AUST
2013 08 24 0639 123.662 -30.872 0.0 3.00 MW AUST
2013 12 12 1724 139.775 -25.627 12.3 2.78 MW ADE
2013 12 15 0502 121.982 -29.092 0.0 2.86 MW AUST
2013 12 27 1333 139.889 -25.638 9.5 2.97 MW ADE
2014 01 17 0449 119.495 -22.377 0.0 3.00 MW AUST
2014 02 01 0526 119.627 -34.614 10.0 3.00 MW AUST
2014 02 04 0450 120.217 -30.256 0.0 2.86 MW AUST
2014 03 20 1542 138.970 -28.226 7.0 2.93 MW ADE
2014 04 04 1521 121.428 -30.775 0.0 2.93 MW AUST
2014 04 14 1254 121.433 -30.743 10.0 3.00 MW AUST
2014 04 21 0942 114.918 -24.753 10.0 3.00 MW AUST
2014 07 18 0747 116.999 -25.288 13.0 3.00 MW AUST
2014 07 19 0540 119.432 -22.887 15.0 3.00 MW AUST
2014 07 20 1421 120.667 -29.611 10.0 3.00 MW AUST
2014 07 26 0215 119.790 -28.297 0.0 2.86 MW AUST
2014 08 14 1708 114.219 -24.595 10.0 3.00 MW AUST
2014 08 19 1410 119.382 -31.403 14.0 2.86 MW AUST
2014 08 23 1151 119.560 -18.297 0.0 2.86 MW AUST
2014 08 23 2145 132.597 -27.745 30.4 3.00 MW ADE
2014 10 16 2341 116.214 -28.741 0.0 2.86 MW AUST
2014 11 16 0324 122.547 -32.490 10.0 2.86 MW AUST
2015 01 05 2025 120.848 -29.849 10.0 2.93 MW AUST
2015 01 18 1557 121.176 -30.697 10.0 2.93 MW AUST
2015 02 27 0623 139.006 -27.884 37.9 2.86 MW ADE
2015 05 11 1331 127.779 -18.152 10.0 3.00 MW AUST
2015 05 23 1211 121.185 -30.904 10.0 2.86 MW AUST
2015 06 08 1539 129.764 -14.588 3.0 2.86 MW AUST
2015 06 10 1913 121.645 -30.602 8.0 2.93 MW AUST
2015 06 10 2352 121.369 -30.922 15.0 2.86 MW AUST
2015 08 28 0354 115.869 -24.360 15.0 3.00 MW AUST
2015 10 08 2226 114.360 -28.133 20.0 2.86 MW AUST
2016 01 20 1006 116.673 -25.500 10.0 3.00 MW AUST
2016 04 27 2043 121.628 -31.180 2.0 3.00 MW AUST
2016 06 26 1415 131.568 -31.805 0.0 3.00 MW ADE
2016 07 01 0840 121.440 -30.732 10.0 2.93 MW AUST
2016 07 22 0036 115.401 -22.536 0.0 2.93 MW AUST
2016 09 08 1515 119.268 -31.294 0.0 2.93 MW AUST
2016 09 23 1909 120.660 -22.469 10.0 2.86 MW AUST
2016 10 10 2314 121.437 -30.785 0.0 3.00 MW AUST
2016 10 20 1605 139.450 -27.375 10.0 3.00 MW AUST
2016 10 25 0953 121.543 -30.835 10.0 2.93 MW AUST
2016 12 01 0728 119.275 -33.208 10.0 2.93 MW AUST
2016 12 29 1656 121.491 -30.654 10.0 3.00 MW AUST
2017 03 28 1655 120.070 -33.174 10.0 3.00 MW AUST
2017 04 04 1825 121.927 -33.206 10.0 2.93 MW AUST
2017 04 22 1929 131.217 -29.953 10.0 3.00 MW AUST
2017 04 25 1108 114.450 -23.009 10.0 2.93 MW AUST
2017 06 03 0733 119.169 -30.808 10.0 2.86 MW AUST
