1941 04 29 0135 116.197 -26.791 25.0 6.80 MW EHB
1961 06 18 1613 119.300 -20.100 13.0 5.40 MW MGO
1961 08 23 1801 119.000 -18.500 18.0 5.30 MW MGO
1964 03 23 2241 123.042 -17.875 27.3 5.10 MW EHB
1965 05 19 0213 111.953 -25.027 4.7 5.00 MW EHB
1965 09 10 1224 122.200 -18.100 18.0 5.10 MW MGO
1966 11 13 0341 111.900 -24.200 33.0 4.80 MW ISC
1967 11 28 0830 113.500 -19.000 18.0 5.10 MW MGO
1968 07 04 0648 117.100 -20.800 18.0 4.80 MW MGO
1968 08 06 1908 123.200 -18.500 18.0 5.30 MW MGO
1968 09 10 1246 117.400 -16.800 18.0 5.20 MW MGO
1969 06 17 1954 116.730 -25.260 0.0 5.60 MW BMR
1969 06 23 1414 123.100 -17.600 7.0 4.90 MW MGO
1969 09 14 2258 123.100 -17.900 7.0 4.80 MW MGO
1969 09 24 2339 118.200 -21.700 7.0 5.10 MW MGO
1969 10 09 0129 117.460 -18.820 0.0 5.00 MW BMR
1970 02 01 1840 118.500 -20.300 7.0 5.10 MW MGO
1971 01 14 1744 114.600 -24.730 0.0 4.90 MW BMR
1971 04 15 1748 120.500 -21.800 0.0 4.20 MW MGO
1971 07 12 2259 115.160 -24.540 0.0 5.10 MW BMR
1971 09 13 2158 117.560 -20.190 0.0 4.40 MW BMR
1972 04 12 2213 120.000 -20.620 0.0 4.90 MW MGO
1972 10 21 0233 115.550 -24.880 0.0 5.20 MW BMR
1972 12 07 0744 120.600 -18.100 0.0 4.20 MW MGO
1974 02 08 1243 121.756 -14.151 33.0 4.70 MW ISC
1974 11 07 0153 118.650 -18.160 0.0 5.30 MW MGO
1975 02 08 1133 116.100 -24.900 0.0 4.30 MW MGO
1975 04 18 1634 113.860 -24.400 0.0 4.50 MW MGO
1975 07 24 2223 120.470 -21.090 0.0 5.00 MW MGO
1975 08 25 1128 123.286 -18.958 0.0 4.70 MW ISC
1975 11 28 1755 115.560 -21.530 0.0 4.80 MW MGO
1976 02 19 0232 114.300 -19.410 0.0 5.60 MW MGO
1976 07 27 1756 113.900 -20.000 0.0 4.40 MW MGO
1976 11 28 1834 122.417 -18.618 33.0 4.40 MW ISC
1977 11 22 0800 120.400 -19.600 0.0 4.30 MW MGO
1977 12 30 1009 117.172 -25.245 33.0 4.90 MW ISC
1978 05 01 0342 115.503 -23.464 0.0 4.90 MW ISC
1978 12 15 1410 111.570 -26.140 10.0 4.60 MW MGO
1979 01 17 1731 113.850 -22.950 70.0 3.40 MW MGO
1979 02 07 2248 120.850 -21.420 0.0 3.90 MW MGO
1979 04 23 0545 120.163 -16.617 30.8 6.20 MW EHB
1979 05 26 0418 117.340 -18.660 37.0 4.10 MW MGO
1979 06 10 2014 115.150 -24.720 16.0 3.70 MW MGO
1979 06 17 1548 120.270 -15.330 37.0 3.70 MW MGO
1979 06 27 1545 116.600 -19.940 10.0 3.20 MW MGO
1979 06 28 0648 114.400 -23.510 10.0 3.30 MW MGO
1979 07 14 0940 122.755 -18.103 15.0 5.00 MW EHB
1979 07 17 1727 113.790 -25.600 10.0 3.40 MW MGO
1979 08 12 1041 114.610 -19.940 37.0 4.50 MW MGO
1979 09 11 0205 120.507 -21.443 5.0 4.20 MW ISC
1979 10 31 1407 114.430 -20.630 37.0 4.50 MW MGO
1979 12 14 2213 116.420 -19.970 0.0 3.40 MW MGO
1980 01 02 1749 122.090 -17.810 37.0 3.70 MW MGO
1980 02 09 1850 122.740 -19.780 8.0 3.80 MW MGO
1980 03 15 0709 121.640 -18.770 0.0 4.70 MW BMR
1980 04 01 1522 123.790 -17.170 0.0 3.60 MW BMR
1980 04 09 0542 118.790 -17.220 0.0 3.90 MW BMR
1980 04 19 0744 113.690 -19.370 0.0 4.70 MW BMR
1980 05 01 1231 118.310 -18.360 37.0 3.00 MW MGO
1980 05 22 0650 116.500 -25.520 10.0 2.90 MW MGO
1980 06 22 1620 119.250 -18.500 0.0 3.60 MW BMR
1980 07 04 0404 119.530 -17.770 37.0 3.40 MW MGO
1980 07 31 1219 120.960 -19.510 0.0 4.30 MW MGO
1980 08 01 2019 119.360 -17.030 37.0 4.00 MW MGO
1980 08 08 0227 112.830 -27.220 19.0 3.30 MW MGO
1980 08 17 1851 115.580 -27.460 37.0 3.30 MW MGO
1980 11 02 1827 113.320 -23.860 10.0 3.30 MW MGO
1980 11 24 1954 123.868 -15.853 33.0 4.00 MW ISC
1980 12 23 1425 114.550 -21.200 10.0 3.00 MW MGO
1981 01 01 0900 122.756 -17.510 33.0 5.00 MW ISC
1981 01 12 2023 112.590 -21.780 10.0 4.00 MW MGO
1981 01 21 0325 120.230 -20.690 0.0 3.20 MW MGO
1981 02 07 0311 115.430 -18.830 37.0 3.10 MW MGO
1981 02 21 0619 114.550 -29.420 0.0 3.20 MW MGO
1981 02 23 0711 116.610 -25.430 0.0 3.20 MW MGO
1981 03 02 1450 120.330 -21.190 0.0 2.90 MW MGO
1981 03 15 1829 123.412 -18.590 37.0 3.90 MW ISC
1981 03 17 2138 123.230 -18.660 37.0 3.50 MW MGO
1981 04 03 2000 123.150 -18.120 0.0 4.30 MW MGO
1981 04 21 1505 114.080 -22.410 10.0 3.00 MW MGO
1981 05 05 0552 121.840 -18.940 37.0 4.00 MW MGO
1981 06 02 1213 121.630 -18.590 37.0 3.70 MW MGO
1981 06 07 1451 112.180 -24.330 10.0 3.20 MW MGO
1981 06 27 2333 122.654 -17.784 37.0 3.80 MW ISC
1981 06 29 0639 111.217 -26.356 37.0 4.40 MW ISC
1981 07 01 0842 117.150 -25.550 10.0 3.40 MW MGO
1981 07 03 2129 112.970 -25.010 10.0 3.30 MW MGO
1981 07 16 1246 114.240 -21.030 10.0 4.70 MW MGO
1981 07 29 0452 113.880 -21.670 10.0 3.40 MW MGO
1981 08 15 1923 121.057 -15.986 33.0 4.00 MW ISC
1981 09 26 0127 112.060 -23.130 10.0 4.30 MW MGO
1981 10 05 2101 114.370 -24.310 10.0 3.20 MW MGO
1981 10 11 0202 116.150 -25.290 10.0 3.50 MW MGO
1981 11 04 2135 120.750 -18.500 37.0 3.20 MW MGO
1981 11 09 1600 116.420 -24.860 10.0 3.40 MW MGO
1981 12 06 0140 114.169 -22.902 0.0 4.50 MW ISC
1981 12 14 1159 122.651 -13.902 33.0 4.10 MW ISC
1982 01 09 0608 120.409 -21.278 28.0 4.00 MW MGO
1982 02 19 0936 118.430 -18.840 10.0 3.40 MW MGO
1982 02 19 2026 113.900 -22.290 10.0 3.60 MW MGO
1982 02 26 1524 122.490 -17.670 37.0 3.80 MW MGO
1982 02 26 1728 116.340 -20.080 26.0 2.90 MW MGO
1982 02 27 1843 121.180 -18.860 37.0 3.30 MW MGO
1982 03 17 2201 113.080 -19.380 10.0 2.80 MW MGO
1982 03 27 1543 114.000 -22.470 10.0 4.00 MW MGO
1982 03 28 2104 116.020 -25.570 10.0 3.00 MW MGO
1982 04 22 1444 120.190 -15.710 37.0 3.50 MW MGO
1982 05 26 1755 120.830 -22.240 10.0 3.40 MW MGO
1982 06 16 1513 118.470 -18.050 37.0 4.50 MW MGO
1982 07 11 0222 114.470 -22.930 10.0 3.20 MW MGO
1982 10 03 1700 115.850 -22.090 10.0 5.00 MW MGO
1982 11 03 0240 120.480 -20.530 37.0 5.20 MW MGO
1982 12 13 1619 113.020 -27.560 10.0 3.00 MW MGO
1982 12 16 1431 121.150 -18.320 37.0 3.50 MW MGO
1982 12 31 2219 124.142 -17.450 33.0 4.50 MW ISC
1983 01 13 0247 120.100 -16.400 37.0 4.50 MW MGO
1983 03 13 1658 118.760 -18.000 37.0 3.50 MW MGO
1983 03 21 0033 113.280 -28.670 10.0 3.00 MW MGO
1983 04 03 2247 117.160 -25.190 10.0 2.90 MW MGO
1983 04 05 0450 116.350 -25.300 10.0 3.40 MW MGO
1983 04 09 0519 114.380 -29.290 37.0 3.20 MW MGO
1983 04 21 2118 118.970 -18.090 37.0 4.30 MW MGO
1983 04 24 0820 116.930 -19.110 25.0 3.40 MW MGO
1983 04 24 0918 111.220 -26.680 37.0 3.10 MW MGO
1983 05 10 2216 117.970 -18.860 10.0 3.00 MW MGO
1983 06 07 1018 114.470 -23.940 10.0 3.00 MW MGO
1983 06 14 1646 119.600 -18.140 37.0 2.80 MW MGO
1983 06 29 1524 122.621 -18.972 10.0 3.50 MW ISC
1983 07 15 1704 111.810 -25.070 10.0 4.00 MW MGO
1983 08 06 0227 112.520 -26.270 10.0 3.60 MW MGO
1983 08 29 0733 121.210 -15.850 37.0 3.60 MW MGO
1983 08 31 0721 120.180 -20.560 10.0 3.80 MW MGO
1983 09 02 1822 113.030 -23.990 10.0 3.70 MW MGO
1983 10 03 0751 112.940 -25.010 10.0 3.60 MW MGO
1983 10 24 0053 114.920 -26.940 10.0 4.00 MW MGO
1983 10 28 1201 120.700 -20.590 10.0 2.80 MW MGO
1983 10 30 0109 123.740 -16.530 37.0 4.20 MW MGO
1983 11 01 1046 118.340 -18.320 37.0 3.30 MW MGO
1983 11 11 1821 116.340 -19.560 37.0 3.50 MW MGO
1983 12 13 2310 114.110 -28.190 10.0 3.00 MW MGO
1983 12 17 0853 113.480 -27.090 10.0 2.80 MW MGO
1983 12 18 1510 120.309 -17.084 37.0 3.80 MW ISC
1984 01 08 1153 115.700 -24.670 10.0 3.20 MW MGO
1984 03 02 0501 122.420 -17.660 10.0 4.10 MW MGO
1984 03 16 0345 123.344 -15.003 37.0 4.70 MW ISC
1984 04 11 1354 119.340 -15.480 10.0 4.30 MW MGO
1984 04 17 0326 113.940 -29.200 10.0 3.20 MW MGO
1984 05 17 2021 115.840 -27.780 30.0 3.00 MW MGO
1984 06 02 1536 113.380 -22.750 10.0 3.40 MW MGO
1984 06 12 1957 112.420 -23.970 10.0 3.00 MW MGO
1984 06 30 1245 116.494 -19.937 10.0 4.50 MW ISC
1984 08 08 1524 119.340 -19.610 10.0 3.00 MW MGO
1984 09 01 2255 113.320 -27.140 10.0 3.00 MW MGO
1984 09 13 1948 111.310 -26.460 10.0 3.10 MW MGO
1984 10 27 1846 114.300 -23.560 10.0 3.00 MW MGO
1984 11 18 2119 122.890 -17.670 37.0 3.40 MW MGO
1984 11 21 0428 112.390 -21.390 33.0 3.30 MW MGO
1984 12 07 1600 123.250 -18.630 10.0 3.20 MW MGO
1984 12 28 2153 114.590 -23.780 10.0 3.20 MW MGO
1985 02 25 2040 117.420 -18.870 37.0 3.20 MW MGO
1985 03 13 2152 121.678 -15.427 33.0 5.30 MW ISC
1985 03 20 0833 111.580 -26.950 10.0 3.20 MW MGO
1985 03 28 2240 112.960 -24.150 37.0 3.10 MW MGO
1985 04 01 0448 113.960 -24.500 10.0 3.00 MW MGO
1985 04 09 0718 120.520 -20.490 10.0 3.00 MW MGO
1985 04 09 1152 119.860 -21.570 10.0 3.00 MW MGO
1985 04 21 1456 121.897 -19.965 10.0 3.80 MW ISC
1985 04 24 1538 114.060 -21.730 10.0 3.40 MW MGO
1985 05 05 1650 116.630 -25.960 10.0 4.00 MW MGO
1985 05 07 1004 118.880 -18.950 10.0 4.20 MW MGO
1985 05 20 2258 120.860 -18.410 10.0 3.80 MW MGO
1985 05 26 1243 118.580 -20.350 10.0 3.00 MW MGO
1985 06 10 1500 113.435 -22.398 33.0 4.10 MW ISC
1985 08 13 1234 117.869 -18.892 37.0 4.00 MW ISC
1985 08 18 0109 113.960 -22.960 10.0 3.70 MW MGO
1985 11 05 2205 113.700 -21.780 37.0 3.10 MW MGO
1985 11 10 1711 111.100 -26.470 10.0 3.00 MW MGO
1985 11 13 1748 120.515 -16.552 33.0 4.00 MW ISC
1985 11 15 0835 113.530 -23.740 10.0 3.90 MW MGO
1985 11 24 0926 124.640 -15.910 33.0 4.40 MW MGO
1985 11 29 1932 114.360 -25.930 10.0 3.30 MW MGO
1985 12 16 1014 113.230 -27.320 10.0 3.30 MW MGO
1986 01 02 2313 115.150 -20.790 5.0 3.00 MW MGO
1986 01 14 0038 113.440 -23.870 5.0 4.20 MW MGO
1986 01 27 1717 123.000 -18.290 5.0 3.30 MW MGO
1986 01 28 1629 113.590 -25.750 5.0 3.30 MW MGO
1986 02 02 2256 115.930 -20.290 5.0 3.00 MW MGO
1986 02 06 1144 119.201 -18.654 5.0 3.80 MW ISC
1986 03 14 1654 113.710 -29.020 5.0 3.00 MW MGO
1986 03 30 2121 113.830 -20.020 5.0 3.30 MW MGO
1986 04 13 1515 120.220 -21.860 5.0 2.80 MW MGO
1986 04 20 1141 115.010 -19.590 5.0 3.70 MW MGO
1986 05 08 1747 116.540 -19.620 5.0 3.50 MW MGO
1986 05 21 2042 116.220 -25.310 5.0 3.60 MW MGO
1986 05 22 2100 111.300 -24.920 5.0 3.10 MW MGO
1986 05 26 1034 123.550 -17.590 5.0 3.30 MW MGO
1986 05 31 2038 117.949 -18.846 10.0 4.10 MW ISC
1986 09 13 0237 120.950 -15.810 5.0 4.30 MW MGO
1986 09 13 1323 121.200 -18.440 5.0 3.10 MW MGO
1986 09 13 1913 113.250 -22.680 5.0 3.00 MW MGO
1986 09 23 2041 119.820 -21.500 11.0 3.20 MW MGO
1986 09 29 1509 118.330 -16.920 5.0 3.00 MW MGO
1986 10 16 2136 114.590 -22.610 5.0 4.10 MW MGO
1986 10 26 0552 111.190 -26.670 5.0 3.00 MW MGO
1986 11 01 1854 116.410 -19.960 5.0 2.80 MW MGO
1986 11 05 0757 118.850 -18.470 5.0 4.00 MW MGO
1986 12 04 1347 115.830 -20.250 5.0 4.00 MW MGO
1986 12 14 0932 121.510 -19.180 5.0 3.60 MW MGO
1986 12 18 0126 122.808 -17.265 5.0 3.90 MW ISC
1986 12 30 1452 111.370 -26.060 5.0 2.80 MW MGO
1986 12 30 1700 116.090 -20.650 5.0 3.00 MW MGO
1987 01 07 0526 117.750 -19.310 5.0 3.40 MW MGO
1987 02 11 0706 119.600 -21.470 3.0 3.00 MW AUST
1987 03 14 1925 114.100 -22.750 5.0 3.00 MW MGO
1987 03 29 1539 118.840 -18.900 5.0 3.00 MW MGO
1987 04 10 0643 122.100 -17.250 5.0 3.70 MW MGO
1987 04 17 1658 115.980 -25.460 23.0 3.20 MW MGO
1987 05 17 1542 122.590 -17.470 5.0 3.40 MW MGO
1987 06 19 1332 116.690 -20.560 5.0 3.70 MW MGO
1987 06 21 1615 118.990 -18.170 5.0 4.00 MW MGO
1987 07 05 1105 120.700 -18.470 5.0 3.30 MW MGO
1987 07 19 0303 113.060 -27.220 5.0 5.00 MW MGO
1987 09 18 0041 119.220 -16.760 5.0 4.00 MW MGO
1987 09 23 0229 123.380 -17.650 5.0 3.20 MW MGO
1987 09 24 1553 120.240 -21.330 5.0 3.00 MW MGO
1987 09 24 2046 115.650 -19.670 5.0 4.00 MW MGO
1987 10 16 1119 112.560 -25.760 5.0 4.70 MW MGO
1987 10 21 0233 112.840 -26.360 5.0 3.80 MW MGO
1987 10 25 2242 119.220 -18.170 5.0 3.70 MW MGO
1987 11 15 1237 114.000 -23.310 5.0 3.10 MW MGO
1987 11 19 1800 120.150 -21.300 25.0 4.10 MW MGO
1987 12 04 1315 120.624 -17.655 10.0 5.00 MW ISC
1987 12 12 1206 119.570 -16.940 5.0 3.30 MW MGO
1987 12 25 1936 120.652 -16.326 10.0 4.60 MW ISC
1987 12 27 0807 114.380 -23.760 5.0 3.50 MW MGO
1988 01 20 1740 116.370 -18.000 5.0 3.60 MW MGO
1988 03 20 1915 114.000 -29.110 5.0 3.00 MW MGO
1988 05 16 1816 120.190 -21.420 5.0 3.00 MW MGO
1988 05 18 0903 122.280 -18.960 5.0 3.50 MW MGO
1988 05 29 0606 122.435 -13.864 10.0 4.00 MW ISC
1988 07 16 0016 117.050 -25.080 5.0 3.20 MW MGO
1988 07 30 0414 123.540 -18.410 5.0 3.60 MW MGO
1988 08 11 0526 121.082 -14.783 5.0 4.20 MW ISC
1988 08 22 1313 121.660 -16.420 5.0 4.00 MW MGO
1988 10 19 1549 115.310 -22.840 5.0 3.80 MW MGO
1988 10 24 1759 115.830 -20.260 5.0 3.40 MW MGO
1988 10 25 1005 112.900 -19.940 5.0 3.30 MW MGO
1988 11 24 2344 116.440 -25.350 5.0 3.30 MW MGO
1988 12 29 1140 117.890 -18.680 5.0 3.20 MW MGO
1989 01 05 0857 123.320 -15.900 5.0 3.20 MW MGO
1989 01 07 1141 116.060 -25.390 5.0 4.00 MW MGO
1989 02 17 1151 117.550 -19.340 5.0 3.30 MW MGO
1989 02 17 1416 121.148 -14.933 5.0 3.90 MW ISC
1989 02 24 1216 113.940 -20.030 5.0 3.40 MW MGO
1989 03 03 0051 121.570 -21.690 5.0 3.00 MW MGO
1989 03 21 1800 114.580 -23.240 10.0 3.50 MW MGO
1989 03 27 1225 111.730 -25.580 5.0 3.20 MW MGO
1989 04 04 0311 120.093 -21.490 5.0 2.90 MW MGO
1989 04 17 1556 121.412 -16.366 5.0 3.00 MW MGO
1989 05 25 2217 114.906 -18.289 5.0 2.80 MW MGO
1989 07 04 1244 113.574 -20.224 5.0 3.30 MW MGO
1989 09 12 1007 116.081 -25.617 5.0 3.00 MW MGO
1989 10 02 1607 111.168 -24.416 5.0 3.10 MW MGO
1989 12 05 2249 118.942 -21.318 10.0 3.60 MW ISC
1989 12 21 1729 114.086 -21.867 5.0 2.90 MW MGO
1990 02 18 2247 117.982 -18.183 5.0 4.50 MW ISC
1990 03 30 1131 113.385 -24.022 5.0 3.50 MW MGO
1990 04 15 0620 114.057 -22.327 5.0 3.20 MW MGO
1990 05 28 0823 113.839 -27.549 5.0 2.90 MW MGO
1990 06 27 1423 123.117 -18.833 5.0 3.10 MW MGO
1990 07 08 1100 121.453 -18.886 28.0 2.80 MW MGO
1990 07 13 1818 116.318 -18.853 5.0 3.00 MW MGO
1990 08 17 1214 122.631 -17.849 10.0 4.20 MW ISC
1990 08 28 1004 112.751 -22.864 5.2 3.60 MW MGO
1990 09 12 1205 122.870 -18.630 5.0 3.20 MW MGO
1990 10 15 1949 113.924 -22.505 5.0 3.20 MW ISC
1990 10 18 0952 115.804 -25.912 5.0 2.90 MW MGO
1990 10 29 0452 116.823 -20.709 37.0 2.80 MW MGO
1991 01 09 1022 123.921 -17.534 10.0 3.70 MW ISC
1991 02 04 0827 115.712 -18.718 5.0 3.70 MW MGO
1991 02 08 0015 114.246 -24.638 5.0 2.90 MW MGO
1991 02 21 2052 116.843 -17.784 5.0 2.80 MW MGO
1991 03 09 1522 120.752 -20.570 5.0 2.90 MW MGO
1991 03 17 0938 114.010 -28.092 5.0 3.30 MW MGO
1991 03 24 0311 115.962 -21.914 5.0 3.00 MW MGO
1991 04 09 1400 116.993 -20.647 5.0 3.40 MW MGO
1991 04 14 0746 111.306 -26.664 5.0 3.70 MW ISC
1991 04 20 1508 112.506 -27.384 5.0 3.10 MW MGO
1991 05 07 0528 118.407 -18.799 5.0 3.00 MW MGO
1991 05 15 0906 113.042 -22.325 35.0 3.00 MW MGO
1991 05 16 0202 116.093 -25.457 9.0 2.90 MW MGO
1991 06 17 0452 121.678 -19.974 5.0 3.10 MW MGO
1991 07 02 0648 111.266 -26.954 5.0 3.60 MW MGO
1991 07 28 0531 122.305 -17.719 5.0 3.10 MW MGO
1991 08 22 0916 123.763 -16.568 5.0 2.80 MW MGO
1991 08 30 1404 119.671 -20.535 5.0 3.30 MW MGO
1991 09 05 0611 112.678 -25.093 5.0 3.00 MW MGO
1991 09 11 0212 114.042 -22.536 5.0 2.90 MW MGO
1991 09 23 2119 120.786 -21.171 10.0 4.00 MW ISC
1991 10 18 0907 114.126 -20.500 5.0 4.30 MW MGO
1991 10 25 0505 119.907 -20.460 5.0 3.00 MW MGO
1991 11 18 0449 119.420 -20.398 5.0 3.40 MW MGO
1991 11 24 1438 117.001 -19.375 5.0 3.10 MW MGO
1991 12 06 1458 112.167 -26.763 5.0 3.30 MW MGO
1992 03 16 2044 114.272 -22.435 5.0 2.80 MW MGO
1992 03 31 1722 116.218 -25.524 5.0 2.80 MW MGO
1992 04 16 0801 116.674 -24.416 5.3 3.30 MW MGO
1992 04 18 2040 123.250 -17.322 10.0 3.50 MW ISC
1992 06 25 1959 113.135 -23.552 5.0 3.20 MW MGO
1992 07 07 1609 121.052 -21.360 10.0 3.20 MW ISC
1992 07 27 1159 122.139 -17.616 5.0 4.00 MW MGO
1992 08 05 2152 114.409 -21.585 5.0 2.90 MW MGO
1992 08 30 1740 119.064 -18.214 5.0 3.10 MW MGO
1992 10 21 2142 121.912 -15.252 5.0 3.20 MW ISC
1992 10 27 1715 119.110 -18.193 33.0 3.80 MW ISC
1992 11 09 0536 119.275 -18.202 5.0 3.40 MW MGO
1992 11 29 1557 116.356 -23.937 10.0 3.00 MW ISC
1992 12 12 0709 115.992 -25.378 5.0 2.80 MW MGO
1993 02 21 1823 113.596 -22.337 5.0 2.80 MW MGO
1993 03 08 1142 120.793 -21.108 5.0 3.40 MW MGO
1993 03 11 2216 114.606 -21.552 5.0 3.50 MW MGO
1993 03 26 0020 113.925 -22.043 37.5 3.00 MW MGO
1993 03 27 0808 122.821 -18.561 5.0 3.10 MW MGO
1993 04 15 0005 121.138 -15.724 10.0 3.30 MW ISC
1993 04 27 1155 116.497 -24.343 5.0 2.80 MW MGO
1993 04 28 1450 119.434 -17.822 5.0 2.90 MW MGO
1993 05 14 2014 113.472 -22.978 5.0 4.00 MW MGO
1993 06 07 1508 119.174 -18.093 5.0 3.00 MW MGO
1993 07 09 1006 115.713 -24.458 5.0 3.60 MW MGO
1993 07 10 1231 113.561 -19.368 5.0 3.50 MW MGO
1993 07 20 1951 120.560 -15.498 5.0 2.80 MW MGO
1993 10 03 0231 113.722 -22.019 5.0 3.00 MW MGO
1993 10 29 0814 114.582 -18.803 5.0 4.20 MW ISC
1993 11 20 0120 113.978 -23.051 5.0 2.90 MW MGO
1994 03 23 1150 117.714 -20.292 5.0 3.70 MW MGO
1994 04 20 2040 116.288 -20.224 5.0 2.90 MW MGO
1994 05 02 1230 111.727 -26.118 5.0 2.80 MW MGO
1994 10 08 1710 114.428 -22.604 5.0 2.80 MW MGO
1995 01 09 0533 120.526 -20.936 5.0 3.50 MW MGO
1995 01 20 0804 120.780 -20.891 5.0 3.20 MW MGO
1995 01 27 1914 123.229 -18.859 5.0 3.40 MW MGO
1995 02 11 0812 113.904 -27.206 5.0 2.90 MW MGO
1995 02 16 1227 122.109 -16.943 5.0 2.80 MW MGO
1995 02 21 0126 122.512 -18.886 5.0 3.10 MW MGO
1995 03 17 0927 123.529 -18.086 5.0 2.90 MW MGO
1995 06 25 2023 121.439 -16.066 5.0 3.30 MW ISC
1995 07 01 1843 122.416 -17.483 36.5 3.20 MW MGO
1995 08 05 0734 113.495 -19.317 5.0 3.20 MW MGO
1995 08 07 0030 120.146 -21.362 5.0 3.10 MW MGO
1995 08 15 0157 120.813 -18.414 5.0 3.10 MW MGO
1995 08 17 1336 113.199 -25.618 5.0 3.10 MW MGO
1995 08 25 1150 112.183 -23.754 5.0 4.60 MW ISC
1995 09 15 0440 118.049 -19.354 22.0 3.00 MW MGO
1995 10 19 0355 122.835 -18.546 5.0 3.30 MW MGO
1995 10 20 0739 116.411 -24.977 5.0 2.80 MW MGO
1995 10 29 0655 113.531 -24.063 5.0 3.40 MW MGO
1995 12 10 1251 123.248 -14.281 5.0 3.30 MW ISC
1996 01 09 0407 112.237 -23.336 5.0 2.80 MW MGO
1996 01 22 1234 120.813 -21.123 5.0 3.00 MW MGO
1996 01 26 1041 117.205 -19.438 5.0 2.90 MW MGO
1996 02 04 1755 120.897 -18.863 5.0 3.40 MW MGO
1996 03 11 0039 113.860 -29.209 5.0 3.00 MW MGO
1996 03 17 2239 114.302 -21.820 5.0 3.40 MW MGO
1996 04 06 0846 119.397 -17.902 5.0 3.20 MW MGO
1996 05 10 1248 120.163 -20.856 14.6 3.40 MW MGO
1996 05 21 2021 121.966 -18.535 30.0 3.20 MW MGO
1996 07 15 0519 116.075 -26.239 18.0 2.90 MW MGO
1996 08 29 1214 120.132 -21.034 5.0 3.70 MW MGO
1996 09 06 2024 115.047 -27.240 5.0 3.30 MW MGO
1996 11 08 0038 114.852 -23.998 5.0 2.80 MW MGO
1996 11 20 0555 113.280 -21.970 0.0 3.30 MW EIDC
1996 11 30 1738 116.682 -24.560 5.0 3.10 MW MGO
1996 12 31 1504 122.458 -17.708 5.0 3.20 MW MGO
1997 01 22 1504 112.051 -23.659 17.0 2.80 MW MGO
1997 02 20 1445 120.863 -15.951 5.0 3.50 MW MGO
1997 02 21 0932 114.728 -24.035 5.0 2.80 MW MGO
1997 03 18 2324 119.532 -19.209 33.0 3.30 MW ISC
1997 04 21 1337 113.898 -22.729 5.0 3.10 MW MGO
1997 05 18 0835 112.975 -23.740 5.0 3.00 MW MGO
1997 05 21 1158 122.072 -14.902 5.0 3.20 MW MGO
1997 06 28 0100 114.474 -23.512 12.9 3.00 MW MGO
1997 07 01 0606 115.642 -21.419 5.0 3.20 MW MGO
1997 07 08 2134 114.330 -28.465 5.0 4.20 MW MGO
1997 07 31 1914 123.284 -17.317 5.0 3.00 MW MGO
1997 08 10 0920 124.333 -16.159 20.0 6.20 MW EHB
1997 08 12 1811 111.128 -24.657 5.0 3.00 MW MGO
1997 08 17 1305 121.784 -17.151 5.0 3.10 MW MGO
1997 08 20 1816 116.803 -17.572 5.0 3.80 MW ISC
1997 08 30 1855 118.691 -18.295 5.0 3.30 MW MGO
1997 09 01 0948 123.138 -18.116 5.0 4.50 MW MGO
1997 09 05 1152 120.820 -20.111 5.0 2.80 MW MGO
1997 09 12 1822 114.960 -21.106 37.0 3.70 MW MGO
1997 09 13 1158 113.653 -24.219 5.0 2.90 MW MGO
1997 10 02 0933 114.927 -23.049 5.0 3.00 MW MGO
1997 10 10 1717 116.786 -19.381 5.0 3.20 MW MGO
1997 10 22 1255 113.499 -21.919 5.0 2.90 MW MGO
1997 11 10 1753 114.283 -23.248 5.0 2.80 MW MGO
1997 11 19 1426 112.491 -22.583 5.0 3.70 MW MGO
1997 11 20 0144 118.855 -18.385 5.0 3.30 MW MGO
1997 12 14 1836 112.980 -23.943 84.0 3.30 MW MGO
1997 12 23 1011 115.064 -21.884 5.0 3.40 MW MGO
1998 01 31 1322 120.399 -21.214 5.0 3.70 MW MGO
1998 02 08 0446 122.259 -17.831 5.0 3.00 MW MGO
1998 02 11 0859 115.263 -23.558 5.0 3.00 MW MGO
1998 02 13 0510 124.087 -17.484 5.0 3.30 MW MGO
1998 03 12 1240 113.308 -23.750 5.0 3.20 MW MGO
1998 04 17 0716 113.066 -24.875 5.0 2.80 MW MGO
1998 05 18 2145 111.366 -24.705 5.0 3.00 MW MGO
1998 05 29 2150 118.707 -18.554 5.0 2.80 MW MGO
1998 06 13 2013 117.531 -18.955 5.0 3.10 MW MGO
1998 06 22 0946 119.947 -21.886 5.0 4.00 MW ISC
1998 07 13 0531 120.981 -15.904 5.0 3.10 MW MGO
1998 07 21 1223 113.504 -28.226 5.0 3.00 MW MGO
1998 08 08 0736 123.997 -15.634 0.0 3.40 MW EIDC
1998 08 17 0245 123.565 -17.662 5.0 3.00 MW MGO
1998 11 02 0226 113.886 -19.862 10.0 4.50 MW ISC
1998 11 23 1542 115.476 -20.684 5.0 2.80 MW MGO
1999 01 23 2256 115.553 -21.464 5.0 3.40 MW MGO
1999 03 05 0346 114.281 -18.689 5.0 3.50 MW MGO
1999 04 01 2239 120.917 -15.984 5.0 3.10 MW MGO
1999 05 02 1559 116.300 -20.820 5.0 3.20 MW MGO
1999 06 20 1143 122.680 -16.950 5.0 2.80 MW MGO
1999 06 25 0036 113.910 -22.850 5.0 4.00 MW MGO
1999 07 14 1254 122.080 -14.920 5.0 2.80 MW MGO
1999 08 21 0714 112.260 -23.660 5.0 2.80 MW MGO
1999 08 25 1223 112.570 -24.340 5.0 3.00 MW MGO
1999 10 29 0615 113.780 -22.170 18.0 3.20 MW MGO
1999 11 11 1606 115.570 -22.330 5.0 2.80 MW MGO
1999 11 30 1512 119.770 -21.240 5.0 3.20 MW MGO
1999 12 09 1928 119.517 -20.470 5.0 3.20 MW ISC
2000 01 07 0302 121.430 -18.100 5.0 3.00 MW MGO
2000 01 13 0224 123.806 -16.478 5.0 4.00 MW ISC
2000 01 20 1501 114.050 -24.130 5.0 3.40 MW MGO
2000 02 06 1251 121.705 -17.121 5.0 3.20 MW ISC
2000 02 29 1124 120.960 -17.500 5.0 2.80 MW MGO
2000 03 01 2211 119.290 -18.100 5.0 3.00 MW MGO
2000 03 19 2307 113.190 -24.100 11.0 3.00 MW AGSO
2000 04 01 1329 111.629 -25.186 0.0 4.30 MW AGSO
2000 05 14 1239 112.960 -23.282 10.0 4.10 MW ISC
2000 05 22 1425 116.945 -25.326 5.0 3.00 MW AGSO
2000 05 25 0425 114.792 -20.722 5.0 3.10 MW AGSO
2000 07 25 0333 113.630 -24.190 5.0 3.80 MW AUST
2000 07 30 1850 122.760 -17.720 10.0 2.90 MW AUST
2000 09 09 1731 124.086 -16.678 10.0 3.80 MW ISC
2000 09 16 0429 113.055 -22.612 27.0 3.00 MW AGSO
2000 09 24 0907 114.791 -22.090 10.0 3.30 MW ISC
2000 10 02 1133 113.143 -22.696 13.0 3.60 MW AUST
2000 10 11 1927 112.839 -20.027 19.5 5.10 MW EHB
2000 12 13 0549 119.877 -18.175 0.0 2.80 MW AGSO
2001 03 29 1928 115.838 -22.340 0.0 2.80 MW AGSO
2001 04 01 0842 113.480 -20.350 10.0 4.00 MW USGS
2001 04 29 1954 114.042 -27.651 9.0 3.90 MW ISC
2001 04 30 2338 113.070 -24.500 18.0 3.40 MW AGSO
2001 06 23 2202 112.860 -21.980 20.0 3.80 MW AGSO
2001 06 26 2256 119.490 -20.170 10.0 3.00 MW AGSO
2001 08 25 0338 120.940 -18.870 5.0 3.40 MW AGSO
2001 09 04 1656 115.192 -27.288 5.0 3.40 MW ISC
2001 09 11 0356 114.990 -24.820 2.0 3.30 MW AUST
2001 10 06 1631 120.046 -17.656 0.0 3.50 MW AUST
2002 02 05 1751 122.320 -17.457 0.0 3.50 MW AUST
2002 04 05 1910 112.388 -25.181 10.0 4.10 MW ISC
2002 04 06 1135 114.450 -26.355 5.0 2.80 MW AUST
2002 05 02 0405 119.599 -17.742 2.0 3.40 MW AUST
2002 05 11 1350 113.192 -25.023 6.0 2.90 MW AUST
2002 06 13 1846 114.230 -19.691 15.0 4.40 MW ISC
2002 06 13 2036 113.900 -20.841 10.0 4.40 MW ISC
2002 08 16 2225 114.461 -22.814 10.0 3.90 MW ISC
2002 10 08 1554 115.498 -25.263 5.0 4.50 MW AUST
2002 10 15 0359 118.581 -19.717 10.0 4.00 MW ISC
2002 10 25 0646 123.114 -15.743 8.0 3.30 MW AUST
2002 10 31 2251 123.752 -16.814 0.0 2.90 MW AUST
2002 11 05 1225 123.320 -16.362 0.0 4.20 MW IDC
2002 11 17 1105 114.187 -19.851 10.0 3.30 MW AUST
2003 02 04 0753 116.974 -20.752 5.0 3.50 MW AUST
2003 03 18 1906 123.629 -17.086 5.0 3.80 MW ISC
2003 04 08 0313 121.917 -14.642 33.0 3.60 MW AUST
2003 04 10 0041 114.333 -29.330 10.0 3.30 MW AUST
2003 04 30 0255 111.072 -25.086 22.0 3.30 MW AUST
2003 05 25 2228 118.601 -20.310 0.0 2.80 MW AUST
2003 05 31 0316 115.589 -26.122 10.0 3.70 MW AUST
2003 06 19 0726 113.192 -25.481 1.0 3.00 MW AUST
2003 10 04 0145 122.465 -13.731 5.0 3.10 MW AUST
2003 10 19 0842 112.143 -24.983 116.0 3.40 MW AUST
2004 01 17 1608 122.396 -18.783 10.0 4.00 MW AUST
2004 05 10 1839 113.004 -24.516 20.0 3.40 MW AUST
2004 05 12 1125 116.924 -19.780 36.0 3.30 MW AUST
2004 07 18 1417 116.900 -20.800 0.0 3.00 MW GG
2004 09 26 0903 113.761 -22.813 27.0 2.80 MW AUST
2004 12 02 2128 117.635 -18.650 20.0 3.00 MW AUST
2004 12 13 2334 113.895 -21.936 0.0 2.80 MW AUST
2005 01 09 1711 120.740 -20.613 0.0 3.60 MW IDC
2005 01 24 0943 122.587 -17.530 10.0 3.80 MW AUST
2005 02 23 1935 122.095 -14.636 10.0 4.60 MW USGS
2005 03 07 1452 112.565 -24.309 10.0 3.30 MW AUST
2005 03 08 0454 122.014 -14.738 10.0 4.20 MW USGS
2005 03 19 2138 115.764 -20.800 10.0 3.70 MW ISC
2005 03 22 1951 119.610 -21.004 10.0 4.40 MW AUST
2005 05 18 2339 119.374 -20.108 26.0 4.60 MW AUST
2005 06 09 1644 115.068 -23.093 14.5 3.50 MW AUST
2005 12 26 2040 122.762 -13.834 10.0 4.60 MW ISC
2005 12 27 0932 112.757 -24.860 0.0 3.50 MW AUST
2006 01 29 0940 113.446 -21.676 22.0 3.40 MW AUST
2006 02 16 0046 122.536 -17.735 10.0 3.40 MW ISC
2006 06 03 1626 121.808 -16.813 10.0 3.20 MW ISC
2006 09 02 1547 116.609 -24.482 2.0 3.50 MW ISC
2006 09 18 0823 123.289 -17.686 0.0 3.40 MW IDC
2006 10 06 1206 113.904 -22.269 26.0 3.00 MW AUST
2007 02 09 1634 123.613 -17.818 15.0 3.20 MW AUST
2007 02 15 1538 113.383 -25.918 10.0 5.10 MW ISC
2007 02 28 2022 123.232 -18.723 16.0 3.50 MW AUST
2007 06 19 0525 116.482 -20.042 14.0 2.80 MW AUST
2007 06 28 1602 112.923 -28.741 15.0 3.20 MW AUST
2007 08 26 0034 115.369 -22.145 6.0 3.20 MW AUST
2007 11 07 1910 114.933 -23.833 0.0 4.40 MW AUST
2007 11 27 0248 115.047 -23.219 10.0 3.70 MW AUST
2008 01 28 1537 113.872 -22.683 7.2 3.10 MW AUST
2008 02 18 1918 112.770 -26.693 10.0 2.80 MW AUST
2008 03 31 0827 112.332 -27.666 18.0 4.40 MW AUST
2008 04 02 0814 117.070 -16.982 8.3 3.50 MW AUST
2008 04 17 1822 122.519 -18.709 10.0 3.20 MW AUST
2008 05 28 0430 122.323 -18.596 0.0 4.70 MW AUST
2008 05 28 0935 118.920 -18.430 5.0 3.60 MW AUST
2008 06 01 1214 113.506 -24.208 10.0 3.10 MW AUST
2008 07 29 1109 122.110 -14.550 0.0 4.50 MW AUST
2009 03 06 0135 121.240 -16.271 10.0 5.10 MW ISC
2009 04 05 2210 119.480 -16.940 10.0 4.70 MW BKK
2009 04 17 2312 112.843 -19.197 59.0 3.40 MW AUST
2009 06 06 1826 113.267 -28.278 0.0 3.40 MW AUST
2009 12 05 1540 114.013 -22.036 21.0 3.00 MW AUST
2010 01 26 1825 115.510 -26.080 3.7 3.77 MW AUST
2010 05 19 2008 111.125 -24.985 50.0 3.63 MW AUST
2010 06 08 2007 113.534 -21.935 34.0 3.85 MW AUST
2010 07 04 0348 113.667 -22.370 13.0 3.10 MW AUST
2010 07 16 1635 119.068 -18.000 0.0 3.72 MW AUST
2010 08 18 2054 117.219 -25.345 1.0 3.00 MW AUST
2010 08 26 1108 121.148 -21.221 0.0 3.00 MW AUST
2010 09 18 1253 114.650 -22.045 0.0 2.90 MW AUST
2010 10 15 1306 117.435 -19.603 10.0 3.54 MW AUST
2010 11 24 1744 121.321 -17.094 10.0 3.10 MW AUST
2011 01 16 0626 120.609 -21.872 10.0 3.10 MW AUST
2011 02 28 1631 116.333 -20.564 6.0 3.40 MW AUST
2011 04 02 0607 117.345 -25.055 0.0 3.73 MW AUST
2011 04 14 0118 123.730 -18.197 20.0 3.55 MW AUST
2011 04 17 1841 113.730 -19.921 10.0 5.30 MW USGS
2011 05 07 0523 123.021 -17.833 10.0 3.96 MW ISC
2011 05 09 0818 112.972 -27.250 10.0 3.47 MW AUST
2011 06 21 2003 113.481 -25.292 0.0 3.10 MW AUST
2011 06 27 2218 115.643 -25.283 0.0 3.49 MW AUST
2011 07 11 1939 116.135 -20.051 33.0 3.49 MW AUST
2011 07 14 0551 120.356 -20.865 12.0 4.27 MW AUST
2011 07 24 1316 114.557 -23.533 10.0 3.20 MW AUST
2011 08 18 0942 116.250 -21.177 0.0 3.10 MW AUST
2011 09 01 0156 123.300 -18.845 10.0 3.81 MW AUST
2011 09 24 0233 116.885 -25.486 10.0 3.00 MW AUST
2011 10 21 0745 115.418 -24.538 10.0 2.80 MW AUST
2011 12 05 1910 114.777 -21.809 10.0 5.28 MW ISC
2012 02 18 0402 113.603 -24.096 10.0 2.90 MW AUST
2012 03 01 0418 120.644 -16.505 33.0 3.80 MW AUST
2012 03 16 1304 113.952 -27.009 5.0 3.00 MW AUST
2012 03 29 0505 114.224 -29.031 3.0 3.37 MW AUST
2012 05 10 2228 115.850 -23.903 10.0 2.80 MW AUST
2012 07 20 1702 113.708 -27.303 8.0 2.90 MW AUST
2012 09 10 0316 113.395 -24.438 0.0 2.80 MW AUST
2012 12 19 2350 112.497 -24.921 0.0 3.00 MW AUST
2012 12 28 1204 112.396 -24.344 3.0 3.73 MW AUST
2012 12 29 1743 113.024 -24.529 10.0 3.00 MW AUST
2013 01 07 0814 116.004 -25.380 13.0 3.10 MW AUST
2013 01 15 0711 112.861 -25.040 0.0 3.42 MW AUST
2013 01 18 1535 118.563 -18.486 5.0 3.69 MW AUST
2013 03 20 2314 123.373 -17.630 10.0 3.10 MW AUST
2013 04 12 0949 120.471 -21.302 20.0 3.34 MW AUST
2013 06 05 1317 121.548 -20.263 0.0 3.64 MW AUST
2013 06 23 1248 114.766 -25.094 0.0 3.20 MW AUST
2013 07 22 0509 120.954 -21.490 10.0 2.90 MW AUST
2013 08 13 0704 119.586 -22.340 10.0 2.80 MW AUST
2013 08 19 1214 114.120 -23.772 10.0 2.90 MW AUST
2013 09 13 1158 120.930 -20.993 2.0 3.71 MW AUST
2013 10 04 1335 113.311 -23.878 10.0 2.90 MW AUST
2013 10 23 1952 120.234 -17.087 30.0 3.00 MW AUST
2013 12 06 1207 112.649 -25.349 10.0 3.20 MW AUST
2014 02 03 0106 114.251 -24.941 10.0 2.90 MW AUST
2014 03 01 1414 122.304 -17.698 10.0 3.20 MW AUST
2014 03 05 1825 114.719 -21.871 0.0 2.90 MW AUST
2014 05 08 1808 116.590 -20.400 30.0 3.38 MW AUST
2014 06 15 0738 121.783 -15.314 10.0 3.50 MW AUST
2014 06 17 0343 120.657 -21.819 10.0 3.00 MW AUST
2014 07 19 2152 117.917 -19.503 23.0 3.49 MW AUST
2014 07 29 0439 118.765 -18.315 40.0 3.85 MW AUST
2014 08 22 0725 114.610 -23.505 10.0 3.81 MW AUST
2014 09 13 2209 113.285 -24.903 15.0 3.20 MW AUST
2014 09 26 1538 119.534 -20.100 10.0 4.02 MW AUST
2014 09 29 1927 120.989 -18.972 10.0 3.10 MW AUST
2014 10 10 0423 113.734 -27.269 10.0 3.48 MW AUST
2014 10 22 0240 114.583 -22.501 10.0 2.80 MW AUST
2014 11 03 1337 112.773 -26.559 0.0 2.80 MW AUST
2014 11 28 0301 112.569 -26.054 15.0 4.00 MW AUST
2015 01 14 1212 114.522 -23.460 10.0 3.20 MW AUST
2015 03 04 0301 119.213 -18.134 105.0 3.58 MW AUST
2015 03 29 1717 113.178 -19.833 77.0 3.30 MW AUST
2015 04 02 0013 115.070 -26.926 10.0 3.10 MW AUST
2015 04 13 0225 122.621 -17.544 10.0 3.20 MW AUST
2015 04 22 2049 118.845 -20.199 10.0 3.10 MW AUST
2015 04 23 0405 116.328 -25.542 16.0 3.00 MW AUST
2015 05 07 1719 116.452 -20.439 10.0 3.00 MW AUST
2015 05 28 1831 123.598 -18.074 15.0 3.28 MW AUST
2015 07 06 2254 113.626 -27.700 10.0 3.00 MW SRC
2015 07 20 2218 119.875 -18.557 15.0 3.88 MW AUST
2015 10 07 2030 121.874 -17.229 14.0 4.45 MW USGS
2015 10 13 0654 120.751 -22.569 13.0 4.08 MW AUST
2015 10 27 0638 115.570 -20.507 10.0 3.49 MW AUST
2015 12 05 1548 120.862 -21.295 10.0 3.62 MW AUST
2015 12 19 1213 113.267 -25.144 10.0 3.25 MW AUST
2016 01 13 1225 116.789 -19.397 10.0 3.35 MW AUST
2016 03 16 0738 120.836 -21.307 15.0 3.53 MW AUST
2016 03 24 0453 120.530 -21.512 20.0 3.28 MW AUST
2016 03 26 1454 111.834 -24.981 15.0 3.00 MW AUST
2016 05 10 0944 118.690 -16.397 0.0 5.30 MW AUST
2016 05 27 1602 111.510 -24.717 32.0 3.20 MW AUST
2016 06 06 0711 114.015 -18.920 10.0 3.60 MW AUST
2016 07 15 0547 116.570 -25.067 10.0 3.00 MW AUST
2016 07 16 0319 123.960 -17.064 10.0 3.31 MW AUST
2016 09 05 0946 123.566 -16.567 0.0 3.34 MW AUST
2016 09 19 0705 119.611 -18.734 10.0 3.72 MW AUST
2016 10 24 1302 112.911 -19.778 20.0 3.50 MW AUST
2016 11 03 1124 112.513 -19.413 10.0 3.30 MW AUST
2016 11 11 0621 115.325 -24.784 15.0 3.10 MW AUST
2016 12 12 1733 113.115 -27.652 10.0 3.00 MW AUST
2017 01 15 0716 115.145 -23.670 10.0 3.51 MW AUST
2017 01 21 1354 119.287 -17.733 10.0 3.32 MW AUST
2017 02 26 1741 112.877 -24.785 10.0 3.20 MW AUST
2017 03 05 0458 123.876 -15.489 10.0 3.49 MW AUST
2017 03 05 1914 116.244 -21.677 10.0 2.90 MW AUST
2017 04 26 0725 116.329 -20.293 10.0 3.10 MW AUST
2017 04 27 0153 111.506 -24.840 10.0 3.36 MW AUST
2017 05 03 1733 117.883 -20.249 10.0 3.36 MW AUST
