1941 06 27 0755 137.340 -25.950 0.0 6.50 MW BMR
1960 01 02 0926 138.620 -11.910 0.0 4.90 MW BMR
1963 01 18 0549 117.260 -32.150 6.0 4.90 MW Sykes
1963 03 14 0157 137.500 -25.700 10.0 4.90 MW USCGS
1963 08 27 1915 128.600 -16.600 33.0 5.20 MW MGO
1967 04 03 0440 126.320 -12.200 18.0 4.80 MW ISC
1968 06 19 0555 124.900 -19.100 18.0 5.10 MW ISC
1968 08 02 2045 133.100 -22.780 30.0 4.80 MW ISC
1968 10 14 0258 116.980 -31.620 10.0 6.58 MW BMR
1970 02 08 1631 125.080 -27.400 1.0 5.10 MW ISC
1970 03 10 1715 116.512 -31.092 15.0 5.90 MW EHB
1970 03 24 1035 126.673 -22.059 15.0 5.80 MW EHB
1971 09 10 1634 127.280 -26.310 0.0 4.20 MW BMR
1972 01 18 1033 126.580 -22.980 0.0 4.90 MW BMR
1972 01 25 1737 117.100 -29.850 0.0 4.40 MW MGO
1972 02 05 1620 125.610 -27.070 0.0 4.40 MW BMR
1972 04 07 2208 124.900 -18.290 0.0 4.60 MW BMR
1972 04 08 0751 126.800 -23.140 0.0 4.50 MW BMR
1972 05 05 1044 142.550 -12.920 0.0 4.90 MW BRS
1972 07 22 0419 126.710 -28.030 0.0 4.70 MW MGO
1972 07 25 0243 119.050 -22.730 0.0 4.20 MW BMR
1972 08 28 0218 136.326 -24.992 13.4 5.60 MW EHB
1973 03 11 1604 127.418 -21.889 10.0 5.00 MW ISC
1973 07 24 1117 126.533 -22.009 10.0 5.50 MW ISC
1974 04 17 0721 123.986 -29.581 33.0 4.80 MW ISC
1974 09 04 2317 116.970 -30.790 0.0 4.50 MW MGO
1974 09 30 0332 112.800 -30.300 0.0 5.10 MW MGO
1975 01 10 0820 126.110 -27.740 0.0 5.60 MW MGO
1975 03 06 2351 126.488 -17.212 0.0 5.20 MW ISC
1975 03 07 2013 126.580 -25.860 0.0 4.90 MW MGO
1975 05 11 0046 122.770 -21.150 10.0 4.60 MW MGO
1975 07 21 2139 123.500 -30.200 0.0 4.70 MW MGO
1975 11 06 0920 113.500 -30.250 0.0 4.80 MW MGO
1976 03 15 1538 125.470 -32.340 10.0 5.20 MW MGO
1976 04 18 1950 126.546 -22.184 51.0 4.60 MW ISC
1976 10 21 1112 126.665 -22.347 33.0 4.90 MW USGS
1976 11 07 0347 128.663 -16.115 6.0 4.50 MW ISC
1977 04 10 1018 122.920 -30.510 0.0 4.60 MW MGO
1977 05 15 1916 117.950 -35.000 10.0 4.50 MW MGO
1977 08 17 2116 125.424 -29.797 0.0 4.60 MW ISC
1977 11 17 1756 123.670 -30.590 0.0 4.60 MW MGO
1978 05 06 1952 126.560 -19.550 17.0 5.20 MW BMR
1978 11 24 0104 120.770 -33.320 10.0 4.30 MW MGO
1978 12 12 0651 126.420 -22.052 19.0 4.70 MW ISC
1979 01 24 2149 115.690 -31.070 25.0 2.90 MW MGO
1979 03 17 0345 137.192 -25.128 26.4 2.80 MW ADE
1979 03 26 0014 126.070 -16.350 0.0 3.20 MW MGO
1979 03 31 0445 127.030 -18.040 0.0 3.50 MW MGO
1979 04 24 2314 129.160 -26.340 0.0 4.50 MW BMR
1979 04 25 0656 118.020 -33.520 7.0 3.20 MW MGO
1979 06 02 0947 117.104 -30.821 3.0 6.10 MW EHB
1979 06 18 2015 123.925 -29.643 0.0 3.90 MW ISC
1979 07 16 2039 127.049 -17.224 10.0 4.90 MW ISC
1979 07 21 1728 120.940 -26.790 10.0 2.90 MW MGO
1979 07 25 1906 121.720 -32.260 10.0 2.90 MW MGO
1979 08 17 0806 126.590 -21.890 19.0 3.50 MW MGO
1979 08 20 1554 124.520 -32.300 10.0 3.20 MW MGO
1979 10 26 0256 128.570 -16.460 0.0 3.10 MW MGO
1979 11 05 0942 127.300 -16.450 0.0 3.30 MW MGO
1980 02 03 1502 117.250 -33.720 5.0 2.80 MW MGO
1980 02 12 2241 130.099 -23.020 0.0 3.80 MW BMR
1980 03 08 0051 124.410 -31.130 19.0 3.50 MW MGO
1980 03 18 0546 127.550 -17.620 10.0 2.80 MW MGO
1980 04 04 1317 118.200 -33.150 0.0 2.80 MW MGO
1980 05 19 2253 118.118 -30.810 9.0 3.00 MW ISC
1980 06 03 1401 127.840 -21.260 0.0 3.70 MW BMR
1980 06 07 0515 130.260 -22.100 0.0 3.40 MW BMR
1980 07 26 0641 128.370 -16.880 19.0 2.80 MW MGO
1980 08 02 0531 124.820 -29.410 0.0 3.30 MW MGO
1980 08 07 2047 123.534 -29.304 0.0 4.20 MW ISC
1980 10 05 1926 117.760 -33.330 0.0 3.00 MW MGO
1980 11 18 0549 143.200 -18.200 0.0 3.50 MW BRS
1980 11 23 1932 123.360 -30.000 10.0 3.50 MW MGO
1980 11 29 1338 125.040 -18.190 37.0 3.30 MW MGO
1980 12 05 0841 128.370 -16.650 0.0 2.80 MW MGO
1980 12 08 0012 114.110 -32.120 37.0 5.20 MW MGO
1980 12 21 1320 126.570 -22.000 30.0 4.00 MW MGO
1980 12 24 0626 116.670 -34.690 0.0 3.20 MW MGO
1981 02 26 0258 117.810 -33.560 0.0 3.20 MW MGO
1981 04 15 2314 126.500 -22.170 19.0 4.20 MW MGO
1981 04 16 1913 121.460 -33.100 10.0 3.30 MW MGO
1981 04 24 2103 129.100 -26.330 10.0 3.60 MW MGO
1981 05 06 1835 123.320 -19.230 10.0 3.20 MW MGO
1981 06 18 1100 135.503 -10.325 15.0 4.90 MW EHB
1981 06 28 0823 126.500 -17.880 17.0 3.30 MW MGO
1981 06 28 2002 117.210 -25.613 6.0 3.80 MW ISC
1981 07 03 1739 128.760 -16.530 10.0 3.00 MW MGO
1981 07 14 0614 130.734 -10.997 33.0 4.40 MW ISC
1981 07 26 1324 127.060 -26.390 0.0 3.20 MW MGO
1981 09 04 1227 136.628 -25.178 15.1 3.20 MW ADE
1981 09 12 1320 124.090 -30.880 37.0 3.00 MW MGO
1981 10 25 1032 130.130 -25.050 10.0 3.40 MW BMR
1981 11 01 1546 117.267 -26.490 33.0 3.20 MW ISC
1981 11 06 2051 127.360 -17.610 10.0 2.80 MW MGO
1981 11 14 2313 123.920 -29.790 10.0 3.60 MW MGO
1981 12 06 1255 128.730 -16.820 10.0 3.00 MW MGO
1981 12 15 0043 125.120 -19.400 0.0 3.70 MW ISC
1982 01 27 2312 125.390 -27.350 10.0 3.60 MW MGO
1982 02 08 1423 123.433 -12.627 37.0 3.60 MW ISC
1982 02 13 0826 126.643 -22.096 10.0 4.80 MW BMR
1982 02 19 0111 123.349 -18.902 0.0 4.30 MW MGO
1982 03 13 1817 120.710 -23.360 10.0 3.00 MW MGO
1982 03 17 0429 127.600 -14.974 10.0 3.60 MW ISC
1982 05 18 0725 117.380 -32.220 10.0 2.90 MW MGO
1982 06 06 1406 122.257 -32.358 33.0 4.10 MW USGS
1982 06 23 1139 126.600 -22.000 10.0 3.30 MW MGO
1982 07 01 1720 127.220 -33.520 37.0 3.50 MW MGO
1982 07 04 0705 131.010 -26.470 10.0 3.50 MW MGO
1982 08 04 2200 117.310 -29.280 10.0 3.10 MW MGO
1982 08 24 0232 131.420 -26.410 10.0 4.50 MW MGO
1982 09 11 1015 123.030 -30.330 10.0 3.40 MW MGO
1982 10 10 0256 116.740 -31.000 7.0 3.00 MW MGO
1982 11 20 0200 127.090 -19.036 19.0 4.20 MW ISC
1982 12 14 1254 126.390 -22.000 10.0 3.40 MW MGO
1982 12 21 2159 117.190 -32.110 10.0 3.00 MW MGO
1983 01 01 2052 117.180 -32.100 10.0 3.20 MW MGO
1983 01 09 1942 125.690 -33.680 10.0 3.00 MW MGO
1983 01 17 2157 125.230 -32.320 10.0 3.90 MW MGO
1983 01 26 0616 117.319 -30.610 10.0 4.80 MW ISC
1983 02 01 1500 126.270 -21.760 10.0 3.50 MW MGO
1983 02 03 1745 137.612 -25.946 9.0 2.90 MW ADE
1983 03 12 0400 117.240 -26.770 10.0 2.90 MW MGO
1983 03 14 0329 128.597 -16.676 10.0 3.00 MW ISC
1983 04 11 0508 126.420 -21.940 37.0 3.00 MW MGO
1983 05 04 0115 124.560 -29.590 10.0 3.20 MW MGO
1983 05 18 0036 137.630 -25.741 10.0 4.10 MW MEL
1983 05 29 1938 126.619 -12.221 33.0 4.90 MW ISC
1983 06 07 0616 125.581 -15.009 10.0 4.20 MW ISC
1983 07 06 1941 122.290 -32.650 10.0 3.00 MW MGO
1983 08 04 0255 118.260 -31.280 10.0 3.00 MW MGO
1983 09 08 1846 126.220 -16.940 10.0 3.00 MW MGO
1983 09 14 2051 130.320 -11.290 10.0 3.00 MW MGO
1983 09 25 0516 126.270 -21.800 37.0 3.30 MW MGO
1983 09 26 1219 131.440 -26.920 10.0 3.50 MW MGO
1983 10 04 0012 130.250 -24.140 10.0 3.50 MW MGO
1983 10 12 1925 130.330 -25.610 10.0 3.80 MW MGO
1983 11 21 0304 138.099 -25.749 0.0 3.60 MW BMR
1983 11 28 1346 136.375 -24.989 20.0 3.90 MW BMR
1983 12 01 1545 126.450 -21.960 10.0 4.10 MW MGO
1983 12 25 0306 120.090 -33.480 10.0 3.00 MW MGO
1984 01 03 0318 126.850 -26.320 10.0 3.20 MW MGO
1984 01 04 1618 126.860 -15.670 10.0 2.80 MW MGO
1984 01 09 0829 130.920 -26.170 0.0 3.70 MW BMR
1984 01 11 1048 138.715 -26.758 30.3 3.70 MW ADE
1984 01 16 0225 133.400 -22.100 0.0 2.90 MW BMR
1984 01 24 1441 129.700 -21.972 0.0 4.00 MW ISC
1984 02 03 1502 119.570 -34.370 10.0 3.30 MW MGO
1984 02 08 2250 134.800 -11.400 15.0 4.10 MW BMR
1984 02 09 1643 130.150 -25.410 10.0 2.80 MW MGO
1984 02 21 0559 122.720 -31.820 10.0 4.20 MW MGO
1984 03 12 0524 133.200 -11.800 0.0 3.10 MW BMR
1984 03 23 1938 125.520 -21.290 19.0 4.00 MW MGO
1984 03 24 0735 122.430 -25.420 10.0 3.20 MW MGO
1984 03 30 1015 124.550 -27.140 10.0 3.30 MW MGO
1984 04 12 2046 129.883 -21.512 18.0 3.80 MW ISC
1984 04 18 1220 132.190 -21.260 0.0 3.00 MW BMR
1984 04 23 1359 126.040 -21.120 10.0 3.30 MW MGO
1984 04 24 0911 135.600 -12.400 0.0 3.20 MW BMR
1984 05 17 0412 123.060 -21.370 15.0 3.60 MW MGO
1984 06 10 1559 117.370 -32.230 10.0 3.00 MW MGO
1984 06 11 1321 122.780 -26.180 0.0 4.20 MW BMR
1984 06 29 0204 117.410 -32.230 10.0 3.40 MW MGO
1984 07 07 0439 126.659 -28.219 33.0 4.50 MW ISC
1984 07 25 1156 129.700 -21.000 0.0 3.00 MW BMR
1984 08 07 2051 127.320 -15.550 0.0 3.50 MW BMR
1984 08 08 0357 130.150 -23.200 0.0 3.80 MW BMR
1984 09 10 0154 123.250 -20.090 10.0 3.30 MW MGO
1984 09 10 0751 123.550 -31.590 10.0 3.30 MW MGO
1984 09 12 2102 126.446 -22.016 33.0 4.40 MW ISC
1984 09 15 1623 130.860 -26.050 0.0 3.60 MW BMR
1984 09 22 2036 127.070 -26.420 10.0 2.80 MW MGO
1984 09 30 1819 120.690 -28.300 10.0 3.20 MW MGO
1984 10 01 1547 126.830 -18.760 10.0 3.60 MW MGO
1984 10 14 0047 137.492 -26.787 10.4 3.20 MW ADE
1984 10 16 1357 131.630 -10.350 10.0 3.30 MW MGO
1984 12 13 1648 124.910 -26.250 10.0 3.20 MW MGO
1984 12 15 1050 129.460 -23.550 10.0 3.00 MW MGO
1984 12 28 2148 125.810 -19.270 10.0 3.50 MW MGO
1985 02 10 1559 129.910 -25.310 0.0 3.70 MW BMR
1985 02 13 2121 130.680 -20.170 0.0 3.80 MW BMR
1985 03 03 1104 126.590 -18.270 10.0 3.50 MW MGO
1985 03 22 0023 125.570 -22.840 10.0 4.00 MW MGO
1985 04 01 2058 126.450 -22.100 10.0 3.00 MW MGO
1985 04 03 0150 132.455 -23.016 9.0 4.80 MW ISC
1985 04 12 0318 130.140 -14.750 10.0 4.00 MW AUST
1985 06 01 2353 130.530 -27.020 10.0 3.00 MW MGO
1985 06 03 1234 135.087 -12.018 33.0 3.90 MW ISC
1985 06 05 0341 122.430 -32.650 10.0 3.20 MW MGO
1985 07 02 2345 125.300 -27.700 10.0 3.50 MW MGO
1985 07 10 0824 132.000 -25.500 0.0 3.30 MW BMR
1985 07 23 0947 126.797 -19.310 10.0 5.00 MW ISC
1985 07 28 0739 122.582 -32.554 5.8 5.60 MW EHB
1985 07 29 0713 124.260 -28.100 10.0 3.50 MW MGO
1985 08 06 1843 137.200 -24.800 0.0 3.20 MW BMR
1985 08 10 0724 121.456 -30.783 0.0 3.30 MW MGO
1985 09 10 1157 130.240 -18.050 33.0 5.20 MW ISC
1985 09 13 2116 127.970 -17.750 10.0 2.90 MW MGO
1985 11 27 2318 117.351 -30.646 3.0 4.50 MW ISC
1985 12 06 0302 117.360 -32.010 10.0 3.60 MW MGO
1986 01 09 1454 129.350 -24.430 5.0 3.10 MW MGO
1986 01 15 2211 114.990 -34.510 5.0 3.80 MW MGO
1986 01 20 0746 122.340 -32.360 5.0 4.20 MW MGO
1986 01 20 2331 124.220 -29.050 10.0 3.80 MW MGO
1986 02 17 0206 117.410 -32.230 5.0 3.20 MW MGO
1986 02 17 1116 129.410 -24.530 5.0 3.00 MW MGO
1986 03 16 0644 126.610 -28.100 5.0 3.60 MW MGO
1986 03 30 0853 132.734 -26.310 5.0 5.70 MW EHB
1986 04 14 0633 126.270 -21.760 5.0 3.50 MW MGO
1986 04 14 1932 131.345 -24.879 10.0 4.20 MW BMR
1986 04 16 0601 123.480 -20.450 5.0 3.70 MW MGO
1986 04 24 0823 127.880 -18.090 5.0 3.20 MW MGO
1986 05 02 2224 137.543 -25.957 5.0 4.00 MW AUST
1986 05 17 1241 117.200 -33.360 5.0 4.00 MW MGO
1986 05 17 1457 119.800 -33.760 5.0 3.60 MW MGO
1986 05 26 0555 128.992 -27.768 5.0 4.50 MW BMR
1986 06 05 1115 129.340 -28.238 29.9 3.10 MW ADE
1986 06 15 0233 125.930 -25.340 5.0 2.90 MW MGO
1986 06 16 0442 129.360 -21.200 5.0 3.50 MW MGO
1986 06 23 1530 124.780 -27.590 5.0 3.80 MW MGO
1986 06 27 0130 140.195 -25.515 4.8 3.30 MW ADE
1986 07 09 1137 129.440 -20.840 5.0 3.20 MW MGO
1986 07 11 0613 130.555 -25.699 0.0 3.30 MW BMR
1986 07 20 0125 126.460 -21.980 5.0 3.60 MW MGO
1986 08 24 0454 126.705 -21.648 10.0 4.00 MW ISC
1986 09 04 1910 133.333 -33.619 21.9 3.30 MW ADE
1986 09 06 1041 119.050 -22.730 5.0 3.10 MW MGO
1986 09 16 1616 122.310 -32.590 5.0 3.50 MW MGO
1986 10 01 1319 126.240 -32.250 5.0 3.40 MW MGO
1986 10 02 0343 121.426 -30.771 5.0 3.00 MW MGO
1986 10 13 1206 118.810 -33.950 5.0 3.20 MW MGO
1986 10 27 1708 128.220 -23.110 5.0 3.30 MW MGO
1986 11 07 2153 139.860 -24.796 17.5 3.20 MW ADE
1986 11 28 1546 129.779 -25.433 5.0 4.40 MW BMR
1986 12 18 0658 116.820 -27.830 5.0 4.30 MW MGO
1986 12 19 1027 117.410 -32.220 5.0 2.80 MW MGO
1986 12 31 0713 131.000 -22.800 0.0 2.80 MW BMR
1987 02 24 0810 122.220 -32.510 5.0 3.00 MW MGO
1987 03 02 2222 117.490 -31.220 2.0 3.10 MW MGO
1987 03 09 1350 117.780 -32.440 5.0 2.80 MW MGO
1987 03 30 0510 131.519 -26.062 33.0 4.10 MW BMR
1987 05 02 2349 121.428 -30.710 5.0 3.50 MW MGO
1987 05 05 2324 116.720 -32.040 5.0 3.80 MW MGO
1987 05 10 2336 117.740 -33.390 5.0 3.20 MW MGO
1987 05 11 0311 135.818 -13.757 0.0 3.20 MW BMR
1987 05 13 0645 131.430 -16.530 5.0 3.00 MW BMR
1987 05 21 0315 128.348 -16.842 0.0 3.30 MW BMR
1987 06 03 1501 123.590 -35.180 5.0 3.40 MW MGO
1987 06 08 0355 127.039 -21.994 5.0 3.00 MW BMR
1987 06 11 1218 117.510 -31.200 3.0 3.50 MW MGO
1987 07 08 1038 122.280 -32.540 5.0 4.70 MW MGO
1987 07 15 0606 136.060 -13.550 0.0 3.00 MW AUST
1987 07 24 0019 129.663 -22.573 25.0 3.50 MW BMR
1987 08 19 1621 128.619 -24.455 0.0 3.40 MW BMR
1987 08 21 0939 122.370 -32.660 5.0 3.10 MW MGO
1987 08 22 1519 117.790 -30.740 5.0 2.80 MW MGO
1987 08 30 1423 128.679 -16.739 14.0 4.30 MW BMR
1987 09 25 0918 117.880 -30.690 5.0 2.80 MW MGO
1987 09 26 0437 130.230 -19.500 5.0 3.00 MW BMR
1987 10 09 0358 121.262 -30.913 16.0 4.50 MW MGO
1987 10 12 0453 118.470 -34.910 5.0 3.20 MW MGO
1987 11 01 1527 126.600 -22.080 5.0 3.60 MW MGO
1987 11 02 1018 121.469 -30.764 5.0 2.90 MW MGO
1987 11 02 2111 137.170 -23.150 9.0 3.00 MW AUST
1987 11 06 1336 122.966 -13.388 10.0 4.50 MW ISC
1987 12 13 1529 126.270 -29.610 5.0 3.50 MW MGO
1987 12 20 1211 121.083 -30.483 5.0 3.80 MW MGO
1988 01 01 0901 117.770 -30.760 5.0 3.80 MW MGO
1988 01 06 0342 117.500 -31.200 2.0 4.30 MW MGO
1988 01 09 1613 126.690 -17.670 5.0 3.10 MW MGO
1988 01 18 0302 122.220 -32.510 5.0 2.80 MW MGO
1988 01 22 1204 133.854 -19.896 5.0 6.58 MW EHB
1988 02 06 0524 124.730 -16.601 15.0 5.10 MW EHB
1988 03 10 1415 130.650 -14.630 10.0 4.80 MW ISC
1988 03 12 1359 128.829 -16.640 5.0 3.00 MW BMR
1988 03 14 0748 116.800 -30.540 4.0 3.60 MW MGO
1988 04 17 1354 116.770 -30.520 2.0 3.00 MW MGO
1988 04 23 2338 126.628 -21.817 5.0 3.70 MW BMR
1988 05 08 1553 124.730 -22.830 5.0 3.50 MW MGO
1988 05 09 1924 126.430 -21.920 5.0 3.70 MW MGO
1988 05 26 1704 116.910 -27.900 5.0 3.00 MW MGO
1988 06 15 0913 126.500 -31.720 5.0 5.00 MW MGO
1988 06 22 0631 140.128 -26.514 0.0 3.20 MW BMR
1988 06 23 1131 128.606 -16.814 10.0 4.20 MW ISC
1988 06 29 1922 117.490 -31.200 5.0 2.80 MW MGO
1988 07 05 0900 123.070 -22.500 5.0 3.30 MW MGO
1988 07 10 1751 117.940 -33.500 5.0 3.00 MW MGO
1988 07 14 2236 128.783 -16.862 33.0 4.00 MW BMR
1988 07 24 2103 126.070 -21.630 5.0 3.00 MW MGO
1988 08 08 1813 126.573 -27.243 5.0 4.80 MW BMR
1988 08 13 1920 126.320 -22.080 5.0 3.00 MW MGO
1988 08 15 0413 122.220 -32.510 5.0 3.70 MW MGO
1988 08 25 2133 128.583 -16.694 10.0 3.20 MW ISC
1988 09 10 0746 116.560 -33.320 1.0 3.00 MW MGO
1988 09 21 0228 128.130 -17.380 5.0 3.50 MW MGO
1988 09 25 0628 132.342 -31.226 15.3 3.70 MW ADE
1988 11 01 0425 129.540 -25.090 5.0 3.40 MW AUST
1988 11 02 1848 140.122 -15.114 10.0 4.20 MW BMR
1988 11 04 0734 128.030 -29.940 5.0 3.00 MW MGO
1988 11 23 2007 122.990 -27.433 5.0 3.30 MW BMR
1988 11 27 1407 123.010 -30.370 5.0 3.30 MW MGO
1988 11 30 1429 127.970 -10.055 183.0 4.10 MW USGS
1988 12 15 1856 124.583 -19.164 5.0 4.40 MW BMR
1988 12 18 0409 123.790 -28.940 5.0 3.00 MW MGO
1988 12 23 0424 126.510 -22.000 5.0 3.50 MW MGO
1988 12 25 1001 117.730 -27.420 5.0 3.00 MW MGO
1989 01 24 0458 128.725 -10.658 147.0 4.60 MW ISC
1989 02 27 2325 122.586 -12.337 33.0 4.10 MW ISC
1989 03 03 1326 123.661 -29.340 10.0 5.40 MW ISC
1989 03 31 0400 116.929 -30.943 20.0 3.00 MW ISC
1989 04 01 0517 127.770 -19.280 10.0 3.70 MW ISC
1989 04 10 0737 126.618 -17.124 5.0 3.50 MW MGO
1989 04 17 0349 123.760 -28.746 5.0 3.50 MW MGO
1989 05 05 0616 131.399 -17.995 10.0 3.50 MW ISC
1989 05 28 0255 130.755 -25.139 28.6 5.60 MW EHB
1989 06 28 1711 122.316 -32.552 7.0 2.80 MW MGO
1989 07 20 0929 114.888 -33.967 5.0 3.20 MW MGO
1989 07 23 0120 118.334 -33.567 1.0 2.90 MW MGO
1989 07 27 0607 125.467 -26.092 5.0 3.00 MW MGO
1989 08 10 1545 124.696 -29.952 5.0 3.10 MW MGO
1989 09 12 0943 128.396 -15.559 33.0 4.80 MW ISC
1989 09 13 2152 129.969 -21.517 5.0 3.50 MW BMR
1989 10 11 0704 134.473 -11.355 5.0 3.90 MW BMR
1989 10 12 0403 122.916 -27.686 5.0 3.50 MW MGO
1989 11 04 0057 127.798 -17.236 5.0 3.40 MW MGO
1989 12 09 1609 141.090 -22.200 5.0 3.00 MW AGSO
1989 12 22 0312 116.401 -35.882 5.0 3.20 MW MGO
1990 01 12 0549 131.570 -25.620 5.0 3.50 MW BMR
1990 01 12 0950 131.239 -23.053 5.0 4.40 MW AUST
1990 02 01 2258 117.809 -33.449 0.0 2.90 MW MGO
1990 02 14 1350 137.633 -26.313 13.5 3.10 MW ADE
1990 02 20 1418 128.532 -16.713 10.0 3.10 MW ISC
1990 03 03 0631 138.177 -25.859 8.4 3.00 MW ADE
1990 03 05 1258 127.775 -26.262 3.0 2.90 MW MGO
1990 03 17 0548 117.821 -33.413 5.0 3.20 MW MGO
1990 03 20 2109 124.310 -18.506 5.0 3.40 MW ISC
1990 03 21 1337 129.510 -25.430 10.0 4.50 MW AUST
1990 03 24 1545 137.799 -25.945 5.8 2.90 MW ADE
1990 03 28 0713 121.485 -30.760 1.0 2.90 MW MGO
1990 04 01 1035 122.589 -13.359 33.0 3.90 MW ISC
1990 04 13 1722 136.920 -19.844 5.0 2.80 MW AUST
1990 04 21 2136 127.301 -26.144 10.0 3.10 MW MGO
1990 04 30 0424 116.808 -30.529 1.0 3.00 MW MGO
1990 05 11 0426 116.812 -30.548 1.0 2.80 MW MGO
1990 05 30 1943 116.806 -30.534 3.0 3.20 MW MGO
1990 06 09 1342 143.269 -11.898 0.0 4.50 MW ISC
1990 06 26 2030 126.799 -18.698 5.0 3.30 MW MGO
1990 07 17 0513 121.477 -30.769 1.0 3.20 MW MGO
1990 07 28 1339 134.900 -12.400 5.0 3.80 MW AUST
1990 08 11 1754 130.270 -23.120 10.0 4.50 MW ISC
1990 09 27 1241 137.510 -25.910 10.0 3.80 MW ISC
1990 10 09 1816 128.895 -14.286 5.0 3.30 MW MGO
1990 11 25 2146 126.400 -21.730 5.0 3.00 MW MGO
1990 12 01 2054 131.809 -26.527 12.9 3.30 MW ADE
1990 12 01 2235 131.325 -26.582 21.6 4.10 MW ADE
1991 01 08 0527 117.066 -30.616 3.2 3.30 MW MGO
1991 02 09 0124 139.800 -15.470 0.0 3.30 MW AUST
1991 02 13 0735 125.653 -29.775 1.0 2.90 MW MGO
1991 03 09 0136 121.423 -30.761 11.0 4.20 MW MGO
1991 03 15 0429 124.655 -29.360 1.0 3.00 MW MGO
1991 04 18 0450 132.807 -26.447 10.0 3.00 MW ADE
1991 05 06 0709 131.000 -13.910 5.0 3.00 MW AUST
1991 05 21 0212 125.486 -15.455 5.0 3.00 MW MGO
1991 06 14 1222 122.318 -32.603 5.0 3.60 MW MGO
1991 08 06 1411 143.247 -17.915 5.0 4.80 MW ISC
1991 08 17 0008 115.699 -29.127 5.0 2.90 MW MGO
1991 08 18 1156 128.607 -16.770 10.0 3.90 MW ISC
1991 10 06 2259 129.087 -16.877 5.0 3.60 MW MGO
1991 10 09 1646 128.663 -16.706 5.0 3.70 MW ISC
1991 10 21 1944 123.493 -35.208 5.0 2.80 MW MGO
1991 11 05 0926 122.097 -32.836 5.0 3.80 MW MGO
1991 12 11 1759 117.745 -30.394 2.0 3.20 MW MGO
1991 12 13 0448 117.360 -34.389 1.0 4.30 MW MGO
1991 12 22 1601 128.547 -16.383 5.0 2.80 MW MGO
1992 01 04 0714 117.279 -31.997 1.0 3.30 MW MGO
1992 01 07 0631 123.374 -30.496 37.0 3.10 MW MGO
1992 01 14 2127 117.275 -31.997 5.0 2.90 MW MGO
1992 01 18 0249 126.708 -19.856 5.0 3.00 MW MGO
1992 03 10 0347 130.077 -25.449 5.0 3.20 MW AUST
1992 03 15 0631 124.663 -28.752 5.0 2.80 MW MGO
1992 03 31 0214 126.875 -18.820 10.0 4.30 MW ISC
1992 04 01 0839 117.699 -30.861 3.0 2.80 MW MGO
1992 04 28 2134 116.485 -27.539 37.0 3.20 MW MGO
1992 05 14 0132 122.210 -32.309 5.0 2.90 MW MGO
1992 06 02 0116 127.954 -22.015 5.0 3.20 MW MGO
1992 06 13 1805 130.096 -23.862 16.0 4.50 MW ISC
1992 06 14 1528 129.200 -21.450 10.0 3.10 MW ISC
1992 07 12 1746 123.066 -19.903 5.0 3.00 MW MGO
1992 07 12 2142 114.089 -32.789 5.0 3.40 MW MGO
1992 07 14 0519 129.220 -22.160 10.0 3.30 MW ISC
1992 07 15 0017 126.433 -22.064 5.0 4.80 MW AUST
1992 07 27 0940 129.286 -24.284 5.0 3.00 MW MGO
1992 08 02 0734 126.730 -19.906 5.0 3.20 MW MGO
1992 08 10 0024 136.387 -25.822 5.0 2.80 MW AUST
1992 08 21 2053 130.136 -16.818 5.0 3.90 MW AUST
1992 08 22 1054 128.791 -27.452 5.0 3.80 MW ADE
1992 08 27 1919 123.600 -12.407 33.0 3.70 MW ISC
1992 09 30 1118 134.466 -11.379 15.0 5.10 MW EHB
1992 10 31 1107 123.624 -35.197 5.0 2.80 MW MGO
1992 11 16 2104 127.206 -17.034 5.0 3.20 MW MGO
1992 12 02 1138 125.960 -32.066 5.0 2.80 MW MGO
1992 12 03 1737 131.395 -25.931 10.0 3.60 MW ISC
1992 12 29 2020 129.870 -25.404 0.0 4.00 MW AUST
1993 01 28 2046 116.865 -27.890 5.0 3.10 MW MGO
1993 02 07 0551 116.363 -30.522 5.0 3.00 MW MGO
1993 02 27 2208 122.317 -32.625 5.0 3.40 MW MGO
1993 03 12 1704 115.556 -30.075 9.0 3.10 MW MGO
1993 03 22 0208 129.903 -25.392 0.0 3.20 MW AUST
1993 04 05 1754 127.593 -25.768 5.0 3.00 MW MGO
1993 05 28 1503 121.806 -28.218 1.0 3.60 MW MGO
1993 06 10 0336 122.298 -32.458 5.0 3.30 MW MGO
1993 07 06 2359 126.368 -22.569 5.0 3.30 MW MGO
1993 08 11 1914 126.841 -19.514 10.0 3.50 MW ISC
1993 08 20 2207 143.762 -16.859 8.0 2.90 MW BRS
1993 08 28 1926 127.925 -16.133 5.0 3.20 MW ISC
1993 09 19 2002 127.403 -15.764 5.0 2.80 MW MGO
1993 11 20 0738 125.726 -20.590 5.0 3.30 MW MGO
1993 11 30 0051 125.087 -29.892 5.0 3.20 MW MGO
1993 12 18 1927 133.857 -11.827 19.3 4.80 MW ISC
1994 01 07 1213 122.297 -32.425 5.0 3.00 MW MGO
1994 02 20 1432 123.757 -29.608 5.0 3.20 MW MGO
1994 02 28 0758 127.270 -15.172 5.0 3.20 MW MGO
1994 04 07 2057 134.799 -11.978 33.0 3.00 MW AGSO
1994 04 19 1125 126.548 -21.917 5.0 3.40 MW MGO
1994 04 26 1549 118.481 -30.605 5.0 4.10 MW MGO
1994 05 13 0420 117.247 -31.175 5.0 2.80 MW MGO
1994 06 06 1017 118.074 -33.715 5.0 2.90 MW MGO
1994 06 23 1355 117.634 -36.238 5.0 3.00 MW MGO
1994 06 26 0736 133.815 -33.605 13.3 3.20 MW ADE
1994 07 04 0910 141.530 -19.580 5.0 3.80 MW AGSO
1994 07 05 1907 141.589 -20.055 5.0 4.20 MW AGSO
1994 07 10 0327 118.422 -33.609 5.0 2.80 MW MGO
1994 07 22 1136 123.418 -12.199 33.0 3.80 MW ISC
1994 08 22 0331 126.315 -21.986 5.0 3.40 MW AUST
1994 09 01 0625 130.459 -22.873 5.0 3.10 MW AGSO
1994 09 04 1301 124.253 -30.688 5.0 4.30 MW AGSO
1994 09 12 1203 136.427 -22.512 5.0 3.90 MW AGSO
1994 10 05 1659 117.782 -33.455 1.0 2.80 MW MGO
1994 10 09 1501 128.070 -16.652 5.0 3.60 MW MGO
1994 10 11 1034 121.307 -33.294 3.0 3.90 MW AGSO
1994 10 19 2007 123.602 -35.208 5.0 3.30 MW MGO
1994 10 25 0809 123.689 -12.213 33.0 4.40 MW ISC
1994 11 23 2053 116.736 -31.977 5.0 3.00 MW MGO
1994 12 02 1942 130.133 -23.587 0.0 4.20 MW AGSO
1994 12 24 0818 139.311 -11.208 5.0 3.50 MW AGSO
1994 12 27 1910 130.248 -23.649 5.0 3.00 MW AGSO
1995 01 03 0633 131.316 -14.037 5.0 4.10 MW ISC
1995 01 07 0330 126.620 -28.153 5.0 2.80 MW MGO
1995 01 11 2238 132.052 -23.401 3.0 2.80 MW AUST
1995 01 18 1302 131.906 -25.995 5.0 2.80 MW AUST
1995 01 23 0819 117.218 -34.249 5.0 2.80 MW MGO
1995 01 28 0720 121.450 -30.773 0.0 2.80 MW MGO
1995 02 01 0955 118.686 -33.743 5.0 2.80 MW MGO
1995 02 23 0403 126.226 -21.905 5.0 3.30 MW MGO
1995 03 06 1056 129.814 -22.129 6.0 3.30 MW AGSO
1995 03 16 2301 130.406 -23.347 5.0 3.00 MW AGSO
1995 03 28 0732 120.440 -27.696 5.0 2.90 MW MGO
1995 04 05 2338 126.953 -32.672 5.0 4.00 MW MGO
1995 04 06 0402 129.025 -17.909 5.0 2.80 MW MGO
1995 04 20 1311 118.184 -33.282 1.8 3.30 MW MGO
1995 04 20 1403 123.605 -12.230 24.5 4.30 MW ISC
1995 05 11 0006 140.960 -19.220 0.0 3.00 MW AGSO
1995 05 29 2033 136.600 -24.800 5.0 3.20 MW AGSO
1995 06 04 2036 125.796 -24.119 5.0 3.70 MW MGO
1995 06 18 0745 126.380 -11.116 150.0 4.20 MW ISC
1995 06 24 1106 117.710 -30.367 3.0 2.80 MW MGO
1995 07 10 1225 132.316 -22.357 0.0 3.20 MW ISC
1995 07 15 0222 115.546 -30.058 5.0 2.90 MW MGO
1995 08 10 0650 131.704 -22.357 0.0 3.10 MW ISC
1995 08 15 1458 128.925 -11.251 33.0 3.40 MW ISC
1995 08 20 1957 122.619 -12.385 59.0 4.10 MW ISC
1995 09 21 0940 127.504 -22.249 10.0 4.20 MW ISC
1995 10 01 1139 134.483 -19.832 24.0 3.60 MW ISC
1995 10 27 0420 129.276 -34.631 20.0 3.70 MW ADE
1995 10 30 1905 135.510 -10.020 151.0 3.50 MW ISC
1995 11 20 1116 131.450 -25.991 10.0 3.50 MW ISC
1995 12 12 2211 124.282 -18.527 5.0 3.30 MW MGO
1995 12 16 0156 127.454 -21.081 5.0 3.40 MW MGO
1995 12 25 1509 134.070 -18.917 0.0 3.10 MW ISC
1996 01 01 1235 127.920 -14.490 33.0 3.40 MW ISC
1996 01 06 0208 140.282 -25.688 0.0 2.90 MW ISC
1996 01 13 1919 129.327 -10.342 626.0 4.10 MW ISC
1996 02 17 2323 135.787 -10.691 33.0 3.40 MW ISC
1996 03 10 1800 128.420 -20.540 5.0 3.00 MW MGO
1996 03 11 0624 117.610 -31.454 1.0 3.10 MW MGO
1996 03 11 2324 127.149 -16.578 5.0 3.60 MW MGO
1996 03 13 0340 123.064 -12.584 33.0 4.00 MW ISC
1996 03 30 0717 121.454 -30.727 1.0 2.80 MW MGO
1996 04 02 0355 127.890 -10.600 64.0 3.50 MW EIDC
1996 04 22 0958 126.595 -22.082 5.0 3.60 MW MGO
1996 04 28 2052 128.651 -16.663 18.0 3.00 MW MGO
1996 04 30 1358 128.803 -11.753 33.0 3.50 MW ISC
1996 05 14 2314 116.802 -34.036 1.0 3.00 MW MGO
1996 05 28 0126 128.573 -10.213 67.0 4.00 MW ISC
1996 06 01 0715 121.468 -30.743 1.0 3.10 MW MGO
1996 06 13 1552 142.488 -15.553 10.0 3.10 MW AGSO
1996 07 02 1627 129.430 -10.850 0.0 3.10 MW EIDC
1996 07 04 1241 134.200 -20.080 0.0 2.80 MW EIDC
1996 07 09 0926 129.936 -26.990 5.0 3.20 MW MGO
1996 07 16 1857 126.628 -18.083 5.0 2.80 MW MGO
1996 08 01 0618 131.610 -11.590 5.0 3.00 MW AUST
1996 08 07 1502 129.757 -16.643 5.0 2.80 MW MGO
1996 08 16 1158 127.206 -11.901 33.0 3.60 MW ISC
1996 08 18 1142 123.668 -35.210 5.0 3.00 MW AGSO
1996 09 02 0546 128.652 -16.563 1.0 3.00 MW MGO
1996 09 04 1211 130.685 -26.444 0.0 3.00 MW AUST
1996 09 18 2335 116.724 -31.978 1.0 3.10 MW MGO
1996 10 18 0528 114.588 -32.761 5.0 4.10 MW MGO
1996 10 23 1823 128.650 -16.598 5.0 3.60 MW MGO
1996 10 26 0854 117.909 -33.900 1.0 3.70 MW MGO
1996 11 12 0502 130.005 -21.963 11.0 3.00 MW AUST
1996 11 16 0621 117.685 -31.454 3.0 3.30 MW MGO
1996 11 30 1723 117.480 -25.230 10.0 3.90 MW USGS
1996 12 01 0450 132.988 -26.695 5.0 3.40 MW MGO
1996 12 03 0755 119.749 -32.004 1.0 3.10 MW MGO
1996 12 06 0401 128.704 -23.405 5.0 2.90 MW MGO
1996 12 08 2129 124.630 -15.197 33.0 3.60 MW ISC
1996 12 10 0602 128.448 -26.251 5.0 3.40 MW MGO
1996 12 17 1102 116.587 -31.004 5.0 2.80 MW MGO
1996 12 20 0611 116.568 -31.009 3.0 2.80 MW MGO
1996 12 21 1231 135.300 -10.630 386.0 3.50 MW EIDC
1996 12 29 0745 128.583 -16.892 5.0 2.80 MW MGO
1996 12 29 0924 112.389 -31.608 19.0 3.20 MW MGO
1997 02 02 1936 124.073 -13.884 33.0 3.80 MW ISC
1997 02 05 1455 123.271 -29.851 5.0 3.30 MW MGO
1997 02 06 1356 123.916 -30.128 5.0 3.30 MW MGO
1997 02 08 1337 129.310 -11.550 281.0 3.10 MW EIDC
1997 02 21 0826 125.243 -27.411 5.0 2.80 MW MGO
1997 02 22 0848 126.327 -21.757 12.0 3.80 MW MGO
1997 03 03 0305 127.003 -16.597 5.0 3.30 MW MGO
1997 03 03 1953 134.702 -37.350 13.4 3.40 MW ADE
1997 03 14 2358 130.547 -10.848 12.0 3.10 MW AGSO
1997 03 27 0614 117.673 -31.475 5.0 3.30 MW MGO
1997 06 06 0617 125.812 -24.156 5.0 3.00 MW MGO
1997 06 13 2222 129.181 -17.001 5.0 2.80 MW MGO
1997 06 23 2044 131.870 -23.110 19.0 4.20 MW AGSO
1997 07 23 1829 126.541 -22.114 5.0 3.60 MW MGO
1997 07 29 0542 130.154 -12.789 0.0 4.20 MW EIDC
1997 07 29 0742 125.807 -28.360 10.0 4.20 MW MEL
1997 08 03 0117 116.059 -28.604 5.0 2.90 MW MGO
1997 08 31 1523 117.684 -31.449 5.0 4.60 MW MGO
1997 09 11 1619 126.262 -30.968 5.0 3.00 MW MGO
1997 09 26 0810 127.560 -22.792 5.0 2.90 MW MGO
1997 11 11 1226 128.168 -16.504 5.0 3.50 MW AGSO
1997 11 23 0420 128.496 -16.798 33.0 2.90 MW ISC
1997 12 07 1750 116.490 -30.998 5.0 3.00 MW MGO
1997 12 28 1556 122.313 -32.621 5.0 3.00 MW MGO
1998 01 11 1432 122.817 -12.569 0.0 3.00 MW EIDC
1998 01 30 1654 143.180 -13.250 10.0 3.50 MW AGSO
1998 03 14 0733 119.550 -27.566 5.0 2.80 MW MGO
1998 03 22 1753 122.164 -31.516 5.0 4.00 MW MGO
1998 03 29 0350 139.168 -12.360 35.0 4.90 MW EHB
1998 03 29 2006 129.278 -14.280 10.0 4.20 MW AGSO
1998 04 08 1641 126.642 -17.925 5.0 2.90 MW MGO
1998 04 10 0346 122.343 -32.589 5.0 4.30 MW MGO
1998 04 12 1510 128.551 -16.924 5.0 2.90 MW MGO
1998 04 13 2303 136.130 -12.941 10.0 3.20 MW AGSO
1998 04 29 1034 117.477 -31.207 3.0 3.00 MW MGO
1998 04 29 2314 128.115 -11.481 0.0 3.10 MW EIDC
1998 05 11 1211 118.080 -33.694 1.0 3.20 MW MGO
1998 05 15 2354 130.940 -26.090 5.0 3.40 MW AGSO
1998 05 25 0503 123.827 -13.827 0.0 3.30 MW EIDC
1998 06 05 1347 121.319 -31.111 5.0 2.80 MW MGO
1998 06 07 2242 117.683 -31.464 5.0 3.60 MW MGO
1998 06 16 1513 134.470 -23.650 7.0 3.20 MW AGSO
1998 06 18 1321 131.031 -12.206 0.0 3.60 MW EIDC
1998 06 23 0838 131.860 -26.080 10.0 3.10 MW AGSO
1998 06 23 1512 132.010 -13.340 0.0 3.10 MW EIDC
1998 06 27 0701 121.605 -30.815 5.0 3.50 MW MGO
1998 07 05 0849 118.640 -26.249 5.0 2.90 MW MGO
1998 07 08 1044 121.416 -30.777 1.0 2.90 MW MGO
1998 07 17 1846 127.845 -26.502 11.0 3.40 MW MGO
1998 07 18 2319 123.793 -30.262 5.0 2.80 MW MGO
1998 07 23 0149 131.350 -23.030 0.0 3.00 MW AGSO
1998 07 31 0046 125.694 -24.301 5.0 3.20 MW MGO
1998 08 04 0145 132.534 -13.211 0.0 3.40 MW AGSO
1998 08 08 1326 123.420 -12.766 33.0 4.30 MW ISC
1998 08 15 1941 123.361 -12.876 33.0 3.60 MW ISC
1998 08 17 0457 135.246 -28.994 8.3 3.60 MW ADE
1998 09 11 0207 132.810 -26.410 0.0 3.10 MW AGSO
1998 09 13 2250 123.208 -12.501 5.0 3.30 MW ISC
1998 10 02 0943 136.388 -13.774 0.0 3.10 MW AGSO
1998 10 08 1621 121.448 -30.833 1.0 2.80 MW MGO
1998 10 14 2226 121.320 -31.033 5.0 3.60 MW MGO
1998 10 15 0404 126.907 -11.718 33.0 3.90 MW ISC
1998 11 10 0158 128.966 -13.794 0.0 3.30 MW EIDC
1998 11 13 1154 124.887 -19.132 7.0 3.80 MW ISC
1998 11 13 2352 129.120 -13.740 0.0 3.10 MW EIDC
1998 11 19 0642 137.790 -25.000 0.0 2.90 MW AGSO
1998 12 05 2311 129.746 -10.275 560.0 3.30 MW EIDC
1999 01 18 1450 126.410 -27.788 10.0 4.20 MW ISC
1999 01 22 0007 116.936 -33.970 1.0 3.20 MW MGO
1999 02 02 2359 140.080 -26.288 10.0 3.20 MW MEL
1999 02 25 2252 129.119 -10.468 0.0 3.30 MW EIDC
1999 03 01 0128 137.590 -25.800 0.0 3.50 MW AGSO
1999 03 06 1530 118.213 -23.589 10.0 3.60 MW ISC
1999 03 07 1959 128.085 -17.275 5.0 2.80 MW MGO
1999 03 22 0122 127.312 -16.692 5.0 3.50 MW MGO
1999 03 27 2209 124.441 -30.832 5.0 3.00 MW MGO
1999 03 29 1512 128.375 -15.126 5.0 2.80 MW MGO
1999 04 09 0728 129.812 -25.189 5.0 2.90 MW MGO
1999 04 10 2227 124.752 -19.621 5.0 3.20 MW MGO
1999 04 18 2143 122.766 -13.679 5.0 3.20 MW MGO
1999 05 19 2331 127.880 -13.730 5.0 3.00 MW MGO
1999 05 31 1915 140.140 -25.850 10.0 3.10 MW AGSO
1999 07 13 0146 117.480 -31.210 3.0 2.80 MW MGO
1999 07 27 0548 127.860 -13.710 5.0 3.00 MW MGO
1999 08 10 2118 126.610 -22.040 5.0 2.80 MW MGO
1999 08 14 1245 131.044 -26.170 10.0 3.60 MW ADE
1999 11 04 1836 127.480 -15.970 5.0 3.00 MW MGO
1999 11 09 0505 121.390 -28.820 5.0 3.60 MW MGO
1999 12 01 1525 126.590 -27.180 5.0 3.20 MW MGO
1999 12 16 1236 125.880 -16.840 5.0 3.00 MW MGO
1999 12 31 0459 119.780 -32.110 1.0 3.00 MW MGO
2000 01 10 2057 124.082 -28.554 10.0 3.00 MW ISC
2000 02 02 2324 118.255 -33.700 5.0 3.20 MW ISC
2000 02 08 0426 128.814 -23.911 5.0 3.10 MW ISC
2000 02 15 1744 127.654 -14.118 0.0 3.40 MW AGSO
2000 02 21 1615 126.430 -16.740 5.0 2.80 MW MGO
2000 02 24 2044 117.790 -30.750 8.0 3.30 MW MGO
2000 02 28 0421 134.588 -27.158 0.0 2.80 MW AGSO
2000 03 01 0611 123.466 -12.610 5.0 3.20 MW MGO
2000 03 30 1555 128.560 -16.640 5.0 2.80 MW MGO
2000 04 03 1109 134.790 -35.087 14.1 3.00 MW ADE
2000 04 13 0314 128.635 -16.421 15.0 3.80 MW AGSO
2000 04 21 1152 134.389 -35.382 7.9 3.00 MW ADE
2000 06 05 0349 118.574 -30.578 2.0 2.90 MW AUST
2000 06 12 2041 132.732 -19.911 0.0 2.80 MW AGSO
2000 06 19 1804 131.404 -22.832 5.0 3.50 MW ISC
2000 06 20 1412 124.121 -11.736 2.0 3.30 MW AGSO
2000 07 22 1328 132.520 -20.570 0.0 3.00 MW AUST
2000 07 25 2056 126.286 -22.291 10.0 2.90 MW ISC
2000 07 29 0245 123.749 -29.933 10.0 3.20 MW ISC
2000 08 01 1123 131.749 -26.787 0.0 3.30 MW AUST
2000 08 11 0401 121.788 -34.639 0.0 2.80 MW AGSO
2000 09 07 0107 131.205 -23.264 10.0 3.10 MW ISC
2000 09 22 0604 117.058 -30.526 1.1 3.60 MW AUST
2000 10 15 0827 128.902 -12.370 28.0 4.30 MW ISC
2000 10 21 1052 129.288 -13.802 19.0 3.30 MW AGSO
2000 10 28 1333 119.345 -26.808 10.0 2.80 MW AGSO
2000 11 11 2200 126.172 -27.637 2.0 3.30 MW ISC
2000 11 15 0848 126.540 -22.039 11.0 3.30 MW AGSO
2000 11 16 0125 118.386 -34.537 0.0 2.90 MW AUST
2000 12 28 0528 130.763 -12.544 0.0 3.60 MW AGSO
2001 01 03 1509 118.036 -30.873 5.0 2.80 MW AUST
2001 01 04 2123 123.887 -28.940 10.0 3.50 MW ISC
2001 01 10 1003 126.635 -27.890 0.0 2.90 MW ISC
2001 01 19 0700 122.425 -28.258 11.0 2.80 MW AGSO
2001 01 25 1406 126.450 -18.350 0.0 3.30 MW AGSO
2001 01 31 0352 116.961 -30.534 0.0 2.80 MW AUST
2001 02 02 0322 122.410 -20.915 20.0 3.10 MW AGSO
2001 02 17 1300 129.194 -13.077 0.0 3.60 MW IDC
2001 02 19 1805 129.240 -14.010 0.0 2.90 MW AUST
2001 03 08 1049 120.326 -31.457 10.0 4.10 MW ISC
2001 03 11 2123 129.571 -11.349 0.0 3.80 MW IDC
2001 03 27 0458 122.408 -32.029 10.0 3.30 MW ISC
2001 03 29 0008 132.807 -10.417 10.0 2.80 MW AGSO
2001 04 12 1822 137.370 -25.673 10.0 3.40 MW USGS
2001 04 12 2237 137.692 -25.843 10.0 3.50 MW USGS
2001 04 21 0856 127.611 -20.013 10.0 3.40 MW USGS
2001 04 25 2337 124.280 -30.910 5.0 3.30 MW AGSO
2001 05 11 0811 127.460 -14.490 0.0 3.80 MW IDC
2001 05 21 1119 119.780 -31.984 0.0 2.90 MW AGSO
2001 05 24 0951 122.638 -12.149 10.0 3.20 MW AGSO
2001 05 28 0743 131.680 -26.500 10.0 3.00 MW AGSO
2001 06 30 0817 117.822 -32.145 0.0 2.90 MW AUST
2001 07 03 0513 121.790 -28.760 7.0 2.80 MW AGSO
2001 07 19 1107 129.475 -11.984 0.0 3.30 MW IDC
2001 07 27 0423 124.366 -18.384 0.0 3.40 MW AGSO
2001 07 28 1949 126.662 -22.137 10.0 3.70 MW ISC
2001 08 06 1421 128.803 -10.044 90.0 3.20 MW IDC
2001 08 10 1014 131.231 -12.487 5.0 3.00 MW AGSO
2001 08 14 0803 127.580 -22.940 0.0 3.80 MW AGSO
2001 08 18 0205 122.555 -33.416 10.0 3.00 MW USGS
2001 09 08 1031 133.529 -34.272 7.2 3.00 MW ADE
2001 09 28 0254 117.061 -30.536 2.3 5.20 MW AUST
2001 10 07 1354 139.767 -24.934 0.0 3.00 MW AUST
2001 10 13 0507 129.014 -30.501 12.6 2.80 MW AUST
2001 10 19 0418 129.547 -23.601 1.0 4.00 MW AUST
2001 10 19 1743 120.628 -33.712 10.0 5.20 MW ISC
2001 10 23 0617 124.381 -28.200 10.0 2.90 MW ISC
2001 11 02 0238 123.428 -12.695 33.0 3.60 MW ISC
2001 11 23 1407 126.311 -12.499 33.0 3.60 MW ISC
2001 12 01 2209 122.592 -12.967 23.0 3.40 MW AUST
2001 12 07 2138 123.695 -35.240 10.0 2.90 MW AUST
2001 12 26 1854 117.688 -31.380 2.9 3.10 MW AUST
2002 02 06 0448 120.413 -22.785 10.0 3.70 MW AUST
2002 03 17 0109 125.388 -27.539 5.0 3.30 MW AUST
2002 03 24 1156 131.680 -26.691 2.0 3.50 MW ADE
2002 04 13 0037 137.714 -26.480 12.0 3.00 MW AUST
2002 04 14 0444 128.429 -17.010 0.0 2.80 MW IDC
2002 04 15 2244 130.040 -23.151 3.0 3.40 MW AUST
2002 04 16 1601 129.965 -23.024 2.0 3.40 MW AUST
2002 04 30 1517 114.013 -32.993 10.0 3.40 MW AUST
2002 06 28 1257 130.090 -23.291 5.0 3.20 MW AUST
2002 07 18 0423 119.872 -32.195 10.0 4.00 MW MEL
2002 07 24 2048 121.243 -30.382 10.0 3.20 MW AUST
2002 08 02 1343 121.207 -30.917 3.0 3.80 MW AUST
2002 09 09 0657 126.709 -31.527 6.0 3.90 MW AUST
2002 10 06 1457 129.274 -22.186 1.0 3.70 MW AUST
2002 10 25 0425 126.813 -32.415 5.0 3.50 MW AUST
2002 11 01 0855 129.904 -11.931 10.0 4.20 MW ISC
2002 11 05 0912 135.239 -22.479 10.0 3.10 MW AUST
2002 12 21 2116 132.689 -26.714 9.3 2.80 MW ADE
2003 01 15 0203 137.306 -25.947 10.0 3.20 MW ADE
2003 01 16 1902 137.705 -26.304 10.0 2.80 MW ADE
2003 03 06 0357 126.675 -22.162 10.0 3.30 MW ISC
2003 03 27 1440 133.274 -33.780 24.1 3.50 MW ADE
2003 05 16 0514 136.320 -11.500 5.0 3.00 MW AUST
2003 05 19 1705 129.679 -10.713 76.0 3.60 MW ISC
2003 05 20 1232 128.431 -16.846 5.0 2.80 MW AUST
2003 06 06 1140 126.524 -22.073 0.0 3.20 MW AUST
2003 06 21 1551 132.673 -21.097 0.0 3.20 MW AUST
2003 07 03 0536 120.149 -25.795 21.8 3.60 MW AUST
2003 07 18 1319 119.609 -34.372 5.0 2.90 MW AUST
2003 07 18 2008 116.547 -31.172 0.0 2.80 MW AUST
2003 07 27 2257 125.142 -19.012 10.0 3.10 MW AUST
2003 08 07 0510 129.882 -23.343 0.0 3.20 MW AUST
2003 08 15 0541 122.647 -28.608 0.0 3.10 MW IDC
2003 09 16 1616 130.389 -22.676 0.0 3.20 MW AUST
2003 10 31 1214 138.146 -13.874 10.0 3.10 MW ISC
2003 11 12 2057 122.797 -13.237 105.0 3.60 MW ISC
2003 12 05 2226 126.844 -18.387 10.0 4.20 MW ISC
2004 01 14 0109 122.789 -12.864 75.0 3.70 MW USGS
2004 01 23 0928 132.786 -22.297 10.0 3.20 MW AUST
2004 01 23 1531 123.549 -31.672 14.9 4.30 MW AUST
2004 01 23 1820 123.700 -12.020 107.0 3.70 MW ISC
2004 01 26 2039 131.849 -26.181 10.0 3.20 MW AUST
2004 02 03 2339 117.094 -30.746 0.0 2.90 MW AUST
2004 02 11 1935 121.132 -31.129 0.0 2.90 MW AUST
2004 02 18 1541 131.671 -27.600 27.6 3.00 MW ADE
2004 02 23 1723 125.571 -20.832 5.0 3.80 MW AUST
2004 03 01 2233 123.171 -32.423 1.7 3.10 MW AUST
2004 03 05 0011 127.084 -32.346 10.0 4.40 MW ISC
2004 03 24 0627 124.144 -29.849 10.0 3.10 MW AUST
2004 03 31 1322 128.200 -10.007 33.0 3.50 MW ISC
2004 04 02 2222 128.185 -11.851 0.0 3.70 MW IDC
2004 04 03 0729 128.715 -16.756 10.0 3.10 MW AUST
2004 04 08 1024 124.198 -12.349 98.0 4.10 MW ISC
2004 04 10 0555 130.093 -25.064 10.0 3.10 MW ISC
2004 04 11 0347 140.659 -20.035 0.0 2.80 MW IDC
2004 05 05 1008 131.071 -26.042 10.0 3.50 MW ISC
2004 05 31 2232 121.760 -31.326 0.0 3.70 MW AUST
2004 06 07 1340 125.483 -27.695 6.8 3.80 MW AUST
2004 07 01 1158 127.590 -22.940 0.0 3.00 MW AUST
2004 08 14 1537 130.950 -26.090 0.8 3.50 MW AUST
2004 09 02 1056 131.885 -26.548 0.0 2.80 MW AUST
2004 09 04 1044 117.030 -30.902 1.7 2.80 MW AUST
2004 09 10 0847 117.061 -30.550 5.0 3.00 MW AUST
2004 09 15 1623 125.035 -29.645 12.0 2.80 MW AUST
2004 09 25 1510 129.152 -16.776 10.0 4.00 MW AUST
2004 10 11 1225 117.098 -30.879 0.0 3.10 MW AUST
2004 10 18 2227 127.437 -16.527 9.0 2.80 MW AUST
2004 11 01 1315 124.844 -19.111 8.9 3.90 MW AUST
2004 11 23 1050 127.153 -16.937 10.0 4.00 MW AUST
2004 11 24 0242 117.726 -30.548 10.0 4.16 MW ISC
2004 12 13 1326 117.070 -30.427 2.1 3.00 MW AUST
2004 12 16 0955 125.120 -17.597 11.8 3.60 MW AUST
2004 12 23 0427 124.414 -15.048 0.0 3.90 MW IDC
2005 01 03 0040 117.479 -30.652 1.5 3.50 MW AUST
2005 01 12 1917 127.876 -23.004 0.9 2.80 MW AUST
2005 01 27 1717 119.236 -31.416 5.4 3.50 MW AUST
2005 01 27 1729 122.381 -32.467 10.0 3.30 MW AUST
2005 02 13 1835 117.539 -30.652 9.4 2.80 MW AUST
2005 02 16 1826 131.537 -31.461 9.2 2.90 MW ADE
2005 02 18 1757 121.085 -32.827 0.0 3.30 MW AUST
2005 02 24 1657 117.485 -30.629 2.5 3.30 MW AUST
2005 02 27 0617 118.282 -33.606 0.0 3.60 MW AUST
2005 03 13 0209 131.694 -26.205 5.0 4.60 MW ISC
2005 03 14 1126 131.719 -34.143 10.9 2.80 MW ADE
2005 03 16 0127 117.464 -30.639 2.6 3.55 MW AUST
2005 03 18 1104 117.343 -30.717 10.0 2.80 MW AUST
2005 03 19 0729 130.868 -26.091 10.0 4.10 MW AUST
2005 03 25 0416 117.217 -31.160 5.0 2.90 MW AUST
2005 03 29 1615 126.605 -22.144 5.0 3.50 MW AUST
2005 04 02 0914 127.241 -16.645 0.0 2.90 MW AUST
2005 04 07 2018 130.149 -10.380 0.0 2.90 MW IDC
2005 04 14 1717 118.344 -33.507 0.0 2.80 MW AUST
2005 04 18 1353 118.273 -33.614 2.0 2.80 MW AUST
2005 05 01 0943 117.912 -30.194 2.7 4.10 MW AUST
2005 05 04 1845 117.319 -25.932 9.0 3.20 MW AUST
2005 05 06 0659 115.963 -31.635 2.0 2.80 MW AUST
2005 05 15 2154 117.423 -30.689 10.0 2.80 MW AUST
2005 05 27 1210 117.447 -30.650 4.3 3.30 MW AUST
2005 06 12 1051 117.108 -30.802 2.3 4.30 MW AUST
2005 06 12 2036 117.030 -30.558 7.6 4.50 MW AUST
2005 09 21 2246 117.165 -30.146 2.0 4.06 MW USGS
2005 11 08 0922 143.969 -16.804 7.8 3.30 MW RC
2005 11 15 1450 128.666 -16.486 2.0 3.00 MW AUST
2005 11 25 2032 117.195 -30.134 2.2 3.60 MW AUST
2005 12 01 0152 117.038 -30.536 2.5 2.90 MW AUST
2005 12 26 0750 128.746 -16.133 0.0 3.00 MW AUST
2006 02 22 0842 128.384 -10.382 35.0 3.30 MW ISC
2006 03 07 0106 117.142 -30.146 2.2 3.60 MW AUST
2006 03 29 1257 117.685 -30.280 0.0 3.00 MW AUST
2006 04 01 0109 130.972 -26.046 10.0 4.30 MW ISC
2006 04 02 0839 119.081 -22.368 10.0 4.00 MW ISC
2006 04 24 1245 137.742 -25.734 0.0 3.20 MW IDC
2006 05 02 0247 137.341 -25.877 10.0 3.60 MW ISC
2006 05 24 2134 129.984 -23.204 10.0 3.90 MW ISC
2006 05 24 2200 127.138 -16.534 2.3 2.90 MW AUST
2006 05 26 0738 128.691 -16.664 0.0 2.90 MW AUST
2006 06 06 1534 117.838 -25.119 10.0 4.50 MW ISC
2006 06 15 1520 131.777 -23.003 0.0 2.80 MW AUST
2006 06 17 2041 132.479 -21.248 0.0 2.80 MW AUST
2006 07 04 1608 121.526 -30.779 7.0 3.20 MW AUST
2006 09 13 0547 126.611 -22.141 10.0 3.20 MW ISC
2006 11 28 2151 123.951 -28.561 9.0 3.10 MW AUST
2006 12 07 1058 117.411 -25.188 14.0 3.30 MW AUST
2006 12 21 1210 121.456 -30.731 0.0 2.90 MW AUST
2007 02 05 1717 125.413 -19.294 5.0 3.00 MW AUST
2007 02 17 1344 126.617 -17.903 0.0 3.30 MW AUST
2007 03 02 1019 136.708 -23.580 6.9 3.60 MW ISC
2007 03 06 0407 124.341 -29.933 1.0 3.90 MW AUST
2007 04 05 0942 132.208 -24.721 0.0 2.80 MW IDC
2007 04 20 0719 132.900 -26.572 0.0 3.10 MW IDC
2007 04 25 2027 127.151 -18.119 0.0 3.00 MW AUST
2007 04 28 2219 124.759 -12.018 21.0 4.30 MW ISC
2007 07 01 1356 128.633 -23.003 10.0 3.90 MW ISC
2007 08 03 0838 120.571 -23.394 0.0 2.90 MW IDC
2007 08 05 0712 117.648 -33.185 17.0 3.50 MW AUST
2007 08 24 0609 128.672 -16.657 0.0 2.80 MW AUST
2007 08 28 1533 115.942 -35.429 18.0 4.60 MW AUST
2007 09 10 0320 130.369 -15.344 9.0 2.90 MW AUST
2007 09 18 1704 139.626 -15.156 9.4 2.80 MW AUST
2007 09 28 0840 120.660 -23.150 0.0 3.10 MW IDC
2007 10 09 2358 117.505 -33.946 0.0 4.70 MW AUST
2007 11 05 0641 129.666 -22.390 0.0 3.40 MW AUST
2007 11 12 1326 121.519 -30.699 4.0 2.80 MW AUST
2007 11 19 2001 143.735 -12.336 24.0 4.80 MW AUST
2007 11 26 1005 123.719 -30.127 2.0 3.30 MW AUST
2007 12 01 2058 129.657 -22.291 10.0 3.40 MW AUST
2007 12 13 0529 122.823 -12.537 15.0 3.80 MW AUST
2008 01 13 1616 117.069 -26.650 2.5 2.90 MW AUST
2008 01 18 1040 118.590 -30.534 13.9 2.80 MW AUST
2008 01 19 1224 122.127 -33.016 0.0 3.20 MW AUST
2008 02 06 0646 129.644 -13.402 6.7 4.20 MW AUST
2008 02 22 0258 123.526 -19.097 2.1 3.10 MW AUST
2008 03 17 0656 137.427 -25.975 10.0 3.70 MW AUST
2008 03 19 0717 134.047 -19.654 15.0 3.70 MW AUST
2008 03 20 0515 126.017 -23.696 0.0 3.00 MW AUST
2008 03 24 1731 118.385 -30.668 12.8 3.00 MW AUST
2008 04 10 0813 116.960 -30.429 12.0 2.80 MW AUST
2008 04 21 0729 117.210 -30.581 10.0 2.80 MW AUST
2008 05 01 1352 124.316 -28.028 8.0 2.80 MW AUST
2008 05 03 2214 117.365 -31.168 5.0 3.70 MW AUST
2008 05 17 0036 116.975 -30.117 0.0 3.40 MW AUST
2008 05 20 0825 129.609 -23.363 0.0 3.60 MW AUST
2008 06 23 1317 127.722 -18.176 0.0 2.80 MW AUST
2008 07 02 0240 121.473 -30.739 0.0 3.30 MW AUST
2008 07 09 2345 125.223 -26.034 1.4 4.62 MW AUST
2008 07 27 0644 127.744 -18.144 0.0 2.80 MW AUST
2008 08 01 1727 117.132 -30.495 0.0 3.10 MW AUST
2008 11 06 1456 116.655 -30.876 8.0 3.20 MW AUST
2008 11 14 2115 129.800 -12.600 0.0 2.80 MW AUST
2008 12 05 1530 127.550 -22.203 3.0 3.00 MW AUST
2008 12 15 1652 118.889 -30.409 7.2 2.80 MW AUST
2009 01 14 2257 133.172 -29.228 12.5 3.00 MW ADE
2009 04 04 1240 133.943 -33.593 8.7 3.90 MW ADE
2009 04 06 2050 117.191 -31.950 0.0 3.00 MW AUST
2009 04 07 2126 121.461 -30.785 0.0 3.10 MW AUST
2009 04 08 0531 116.881 -34.148 0.0 4.10 MW AUST
2009 04 28 1906 121.553 -30.644 3.0 3.10 MW AUST
2009 05 26 2025 128.477 -10.066 0.0 2.80 MW IDC
2009 06 21 0608 124.631 -30.308 10.0 3.10 MW AUST
2009 10 02 0506 137.780 -11.790 0.0 3.70 MW IDC
2009 10 16 0224 133.119 -34.419 32.3 4.20 MW ADE
2009 10 24 1626 120.659 -33.468 10.0 3.30 MW AUST
2009 11 03 0654 125.792 -27.579 9.5 3.40 MW AUST
2009 11 08 0541 138.819 -10.450 30.0 4.00 MW MEL
2009 12 20 0856 128.380 -10.100 0.0 3.00 MW IDC
2010 01 05 0555 128.600 -17.009 10.0 3.20 MW ISC
2010 02 14 1014 122.307 -32.506 0.0 2.90 MW AUST
2010 03 11 1257 132.472 -22.413 0.0 2.80 MW AUST
2010 03 20 1056 126.785 -18.718 1.0 2.90 MW AUST
2010 03 23 0340 128.712 -15.797 3.0 3.00 MW AUST
2010 03 29 2038 117.032 -30.533 0.0 3.00 MW AUST
2010 04 11 1202 132.830 -16.924 20.0 3.43 MW AUST
2010 04 20 0017 121.770 -30.745 10.0 4.16 MW ISC
2010 04 21 1545 118.049 -32.322 3.0 2.80 MW AUST
2010 04 22 1122 121.520 -32.838 0.0 2.80 MW AUST
2010 04 30 0038 117.763 -30.754 7.0 2.80 MW AUST
2010 06 09 1541 123.256 -22.166 0.0 3.29 MW AUST
2010 06 21 0404 129.752 -21.524 5.0 3.55 MW AUST
2010 07 05 1229 131.061 -25.940 0.0 3.20 MW IDC
2010 07 26 1838 121.343 -30.911 0.0 2.90 MW AUST
2010 07 27 0635 128.845 -23.113 0.0 3.40 MW IDC
2010 07 29 1359 116.460 -30.640 1.0 2.80 MW AUST
2010 08 30 0417 127.636 -22.936 0.0 3.00 MW IDC
2010 08 30 1349 134.033 -20.633 10.0 3.50 MW ISC
2010 09 02 0725 129.351 -14.310 0.0 3.10 MW AUST
2010 09 03 1505 123.232 -20.281 10.0 3.00 MW AUST
2010 09 26 2259 117.447 -30.520 0.0 2.90 MW AUST
2010 10 14 1100 135.707 -23.319 0.0 3.10 MW AUST
2010 10 17 1053 117.759 -30.209 0.0 2.90 MW AUST
2010 10 24 1017 124.228 -30.582 31.0 2.90 MW AUST
2010 10 27 0825 135.708 -25.995 0.0 3.60 MW IDC
2010 10 30 2335 118.208 -33.303 2.1 2.80 MW AUST
2010 11 10 0104 136.649 -23.320 10.0 3.10 MW AUST
2010 11 14 1629 140.353 -26.758 28.9 2.90 MW ADE
2010 12 05 1325 128.900 -14.885 30.0 3.57 MW AUST
2010 12 15 0616 140.985 -25.345 0.0 3.20 MW IDC
2010 12 21 1500 127.327 -13.115 10.0 3.53 MW AUST
2010 12 25 1201 129.721 -22.197 15.0 3.20 MW AUST
2011 01 11 0311 124.491 -27.997 0.0 3.53 MW AUST
2011 02 21 2159 135.420 -20.903 0.6 3.97 MW AUST
2011 02 24 0226 120.084 -26.564 10.0 3.00 MW AUST
2011 04 01 0817 134.067 -18.870 0.0 3.50 MW IDC
2011 04 10 1612 131.513 -13.296 0.0 2.80 MW AUST
2011 04 26 0756 128.469 -16.631 0.0 2.80 MW IDC
2011 04 26 1427 117.155 -30.508 0.0 3.41 MW AUST
2011 05 11 1215 133.096 -26.709 0.0 2.90 MW IDC
2011 05 11 2034 125.207 -12.614 0.0 3.20 MW IDC
2011 05 12 1836 122.068 -32.463 19.0 3.10 MW AUST
2011 05 20 2003 119.504 -23.567 10.0 4.66 MW ISC
2011 05 23 1347 131.059 -26.250 10.0 3.20 MW ADE
2011 07 02 0048 123.958 -18.366 0.0 4.00 MW IDC
2011 07 07 0001 121.473 -30.832 0.0 2.80 MW AUST
2011 07 14 0235 114.173 -33.165 0.0 3.43 MW AUST
2011 07 27 0402 121.529 -30.573 0.0 3.32 MW AUST
2011 08 17 1109 128.677 -16.919 0.0 3.80 MW IDC
2011 08 30 0242 137.405 -25.967 20.0 3.42 MW ADE
2011 09 07 2228 136.132 -36.602 14.9 3.50 MW ADE
2011 09 09 2224 136.522 -26.987 31.3 3.54 MW ADE
2011 09 22 0451 117.217 -33.733 5.0 3.37 MW AUST
2011 09 27 1913 117.800 -30.642 2.0 3.10 MW AUST
2011 10 05 1706 117.236 -33.730 16.0 3.45 MW AUST
2011 10 27 0705 126.529 -22.061 10.0 3.10 MW AUST
2011 10 29 0748 117.874 -36.357 10.0 2.80 MW AUST
2011 11 11 1943 127.337 -21.368 15.0 2.80 MW AUST
2011 11 23 1100 122.593 -12.527 0.0 3.00 MW IDC
2011 11 26 1530 138.567 -25.631 10.0 3.77 MW AUST
2011 11 26 2059 138.351 -26.012 28.2 3.52 MW ADE
2011 12 14 0549 123.152 -32.513 15.0 3.43 MW AUST
2012 01 10 1844 118.222 -33.308 0.0 3.26 MW AUST
2012 01 24 1142 116.935 -30.449 10.6 3.00 MW AUST
2012 02 04 0841 133.119 -34.889 15.2 4.00 MW ADE
2012 02 22 1411 137.819 -26.956 37.0 3.30 MW ADE
2012 03 09 0616 117.840 -30.410 8.0 3.37 MW AUST
2012 03 10 0530 117.005 -34.125 10.0 2.90 MW AUST
2012 03 13 2026 117.186 -34.134 15.0 3.00 MW AUST
2012 03 23 0925 131.971 -26.178 10.0 5.18 MW GG
2012 03 25 1657 117.843 -30.405 10.0 3.38 MW AUST
2012 04 08 1845 139.939 -28.822 22.1 3.20 MW ADE
2012 04 19 2103 132.976 -26.050 20.3 3.63 MW ADE
2012 04 21 0133 118.203 -31.222 11.0 3.00 MW AUST
2012 05 11 1827 128.104 -10.582 116.0 4.50 MW USGS
2012 06 03 0920 129.173 -17.083 15.0 2.80 MW AUST
2012 06 23 1540 121.557 -30.672 10.0 2.80 MW AUST
2012 06 23 1555 121.554 -30.649 1.0 2.80 MW AUST
2012 06 29 1228 136.882 -23.931 10.0 3.20 MW AUST
2012 07 09 0655 133.780 -33.562 18.3 3.10 MW ADE
2012 07 18 0920 117.794 -30.429 2.0 3.54 MW AUST
2012 08 09 0420 117.770 -30.436 4.0 2.80 MW AUST
2012 08 09 0433 117.836 -30.411 6.0 2.80 MW AUST
2012 08 14 0051 117.789 -30.452 10.0 2.80 MW AUST
2012 08 28 1942 117.773 -30.438 5.0 2.80 MW AUST
2012 09 03 1006 115.990 -28.654 9.0 2.80 MW AUST
2012 09 14 1710 129.475 -20.951 5.0 3.20 MW AUST
2012 09 26 0522 132.163 -26.054 13.0 3.46 MW AUST
2012 09 26 1737 121.072 -30.996 10.0 3.00 MW AUST
2012 10 07 0320 120.630 -27.768 0.0 3.20 MW AUST
2012 10 08 1028 137.065 -25.474 33.1 3.00 MW ADE
2012 10 12 1927 127.681 -22.881 10.0 3.52 MW AUST
2012 11 05 1931 129.045 -11.546 39.0 4.29 MW AUST
2012 11 08 0356 127.209 -29.907 32.5 3.55 MW ADE
2012 11 13 0747 139.784 -28.308 10.0 3.00 MW ADE
2012 11 14 2023 117.802 -30.322 2.0 2.80 MW AUST
2012 11 21 0621 128.603 -22.974 10.0 3.27 MW AUST
2012 11 28 2235 125.943 -27.757 0.0 3.89 MW AUST
2012 11 30 1624 122.560 -32.374 14.0 3.10 MW AUST
2012 12 01 1719 127.661 -16.195 10.0 3.42 MW AUST
2012 12 22 0929 122.512 -32.529 10.0 2.80 MW AUST
2013 01 05 0232 120.611 -27.808 0.0 3.00 MW AUST
2013 02 01 0949 117.427 -30.650 2.0 3.20 MW AUST
2013 02 13 1649 136.589 -12.796 10.0 3.56 MW AUST
2013 03 03 2136 119.276 -32.375 1.0 3.39 MW AUST
2013 03 08 2159 122.228 -21.738 10.0 3.39 MW AUST
2013 03 15 0440 127.693 -22.755 10.0 3.56 MW AUST
2013 03 21 0408 127.736 -25.581 10.0 2.90 MW AUST
2013 03 26 1807 120.887 -33.017 15.0 3.00 MW AUST
2013 04 24 0749 132.173 -31.786 0.0 3.10 MW ADE
2013 05 03 1710 120.710 -33.768 12.0 2.80 MW AUST
2013 05 07 2148 132.113 -26.185 4.0 3.25 MW AUST
2013 05 13 2044 122.826 -31.691 0.0 2.80 MW AUST
2013 05 17 1511 117.456 -30.619 4.0 3.33 MW AUST
2013 06 03 2025 116.977 -34.292 0.0 2.90 MW AUST
2013 06 06 0944 121.471 -30.696 0.0 2.80 MW AUST
2013 06 09 1422 132.230 -25.953 33.4 5.38 MW ADE
2013 06 12 1330 127.743 -22.752 0.0 3.64 MW AUST
2013 06 13 1530 117.439 -30.628 5.0 2.80 MW AUST
2013 06 13 1541 117.375 -30.672 0.0 2.80 MW AUST
2013 07 05 0153 117.591 -33.458 5.0 2.90 MW AUST
2013 07 14 0339 119.636 -22.577 0.0 2.90 MW AUST
2013 07 23 0934 117.905 -30.857 9.0 2.80 MW AUST
2013 07 29 0521 131.669 -22.675 0.0 3.20 MW AUST
2013 08 02 1746 121.413 -26.146 10.0 3.00 MW AUST
2013 08 03 1633 132.024 -26.360 0.8 2.90 MW ADE
2013 08 17 2144 121.210 -28.123 10.0 3.00 MW AUST
2013 08 21 1102 117.655 -33.449 0.0 2.90 MW AUST
2013 09 28 0400 129.119 -15.610 0.0 3.42 MW AUST
2013 09 30 2114 121.498 -31.898 12.0 3.68 MW AUST
2013 10 04 2003 117.658 -30.622 0.0 3.40 MW AUST
2013 10 14 1554 130.825 -24.050 0.0 3.44 MW AUST
2013 10 20 0752 123.697 -35.195 10.0 3.10 MW AUST
2013 10 30 2225 120.746 -27.786 0.0 3.71 MW AUST
2013 11 18 1743 128.660 -16.606 0.0 3.00 MW AUST
2013 11 25 1539 124.529 -19.312 10.0 3.32 MW AUST
2013 11 30 0549 139.480 -28.545 21.5 3.68 MW ADE
2013 12 02 1154 121.690 -31.400 15.0 2.80 MW AUST
2013 12 06 1045 121.179 -35.832 10.0 3.10 MW AUST
2013 12 07 2024 125.528 -31.506 10.0 3.10 MW AUST
2013 12 12 1724 139.775 -25.627 12.3 2.90 MW ADE
2013 12 14 1432 117.026 -32.248 13.0 3.00 MW AUST
2013 12 15 0732 125.637 -31.637 10.0 2.80 MW AUST
2013 12 16 1838 125.154 -21.811 15.0 3.20 MW AUST
2013 12 27 1333 139.889 -25.638 9.5 3.20 MW ADE
2013 12 30 0907 128.700 -16.604 0.0 3.10 MW AUST
2014 01 16 2054 129.678 -15.073 10.0 2.90 MW AUST
2014 01 24 0032 117.678 -30.610 0.0 3.00 MW AUST
2014 01 31 0303 117.585 -33.454 6.0 2.90 MW AUST
2014 02 06 1341 129.565 -15.058 10.0 3.32 MW AUST
2014 02 07 0118 126.183 -32.285 0.0 3.20 MW AUST
2014 02 15 0458 125.979 -31.640 0.0 3.00 MW AUST
2014 02 22 1705 141.257 -24.615 0.0 3.00 MW AUST
2014 02 26 0000 121.187 -30.679 0.0 4.32 MW AUST
2014 03 16 0324 124.438 -17.414 10.0 4.01 MW AUST
2014 04 05 0255 117.778 -30.414 7.0 3.10 MW AUST
2014 04 12 1911 115.553 -35.819 10.0 2.90 MW AUST
2014 05 01 0817 126.419 -18.205 5.0 3.10 MW AUST
2014 05 04 2237 128.589 -23.005 10.0 3.91 MW AUST
2014 05 11 2034 117.474 -30.618 12.0 2.90 MW AUST
2014 05 13 1351 122.339 -28.327 9.0 3.00 MW AUST
2014 06 02 1012 126.236 -32.693 10.0 3.25 MW AUST
2014 06 20 1233 121.552 -30.660 0.0 2.80 MW AUST
2014 07 08 0649 116.172 -30.463 10.0 2.80 MW AUST
2014 07 09 1555 127.320 -23.122 10.0 3.49 MW AUST
2014 07 16 0035 128.382 -25.718 10.0 3.47 MW AUST
2014 07 17 1839 117.798 -30.371 13.0 3.30 MW AUST
2014 07 22 1949 117.689 -30.642 10.0 3.25 MW AUST
2014 07 29 0650 123.863 -26.105 10.0 3.46 MW AUST
2014 08 17 0228 119.335 -23.055 0.0 2.80 MW AUST
2014 08 21 1332 116.071 -28.213 10.0 2.80 MW AUST
2014 09 01 0835 137.401 -25.887 10.0 2.80 MW ADE
2014 09 01 1418 139.617 -26.190 23.1 3.29 MW ADE
2014 09 04 0644 117.840 -30.480 10.0 2.80 MW AUST
2014 09 05 1407 143.895 -16.949 0.0 2.90 MW AUST
2014 09 06 1354 124.413 -30.018 13.0 3.20 MW AUST
2014 09 18 0321 126.970 -31.646 15.0 3.25 MW AUST
2014 10 09 1545 127.132 -18.137 9.0 2.90 MW AUST
2014 10 24 1821 129.685 -23.579 0.0 2.90 MW AUST
2014 10 30 1734 117.919 -30.310 10.0 3.50 MW SRC
2014 10 31 1915 121.232 -30.815 10.0 3.88 MW AUST
2014 11 04 0441 117.870 -30.142 10.0 2.90 MW SRC
2014 11 04 1555 121.133 -30.920 9.0 2.90 MW AUST
2014 11 12 0200 125.666 -18.287 18.0 3.82 MW AUST
2014 12 01 1025 131.300 -21.716 10.0 3.73 MW AUST
2014 12 05 0357 117.153 -30.738 5.2 2.80 MW AUST
2014 12 05 2316 123.450 -19.017 10.0 2.90 MW AUST
2014 12 06 0609 127.388 -17.616 10.0 3.34 MW AUST
2015 01 06 1241 133.071 -26.862 4.0 3.36 MW AUST
2015 01 06 1311 133.074 -27.030 16.3 3.40 MW SRC
2015 01 17 1741 119.300 -23.306 0.0 2.80 MW AUST
2015 01 23 0556 121.488 -31.424 4.0 2.80 MW AUST
2015 02 13 2215 121.532 -30.627 13.0 3.28 MW AUST
2015 03 05 1458 117.298 -30.285 14.0 3.00 MW AUST
2015 03 08 2341 137.475 -25.884 24.5 2.90 MW ADE
2015 03 15 1134 121.489 -33.545 10.0 3.10 MW AUST
2015 03 18 0549 131.356 -17.946 15.0 3.10 MW AUST
2015 03 28 1214 128.154 -27.009 0.0 3.00 MW AUST
2015 04 26 2242 121.234 -30.760 15.0 3.10 MW AUST
2015 04 28 1816 124.700 -18.383 10.0 3.50 MW AUST
2015 05 01 1321 129.244 -13.924 20.0 2.90 MW AUST
2015 05 02 2131 132.111 -25.916 23.0 3.28 MW AUST
2015 05 16 1450 127.875 -17.295 10.0 2.90 MW AUST
2015 05 23 2107 128.744 -16.873 10.0 3.34 MW AUST
2015 06 03 2115 121.301 -30.856 0.0 2.80 MW AUST
2015 06 22 1258 119.190 -33.209 0.0 2.80 MW AUST
2015 07 24 1137 123.050 -30.517 10.0 3.10 MW AUST
2015 08 16 0013 133.254 -29.278 17.3 3.20 MW ADE
2015 09 02 1640 116.086 -33.092 10.0 3.20 MW AUST
2015 09 28 0012 117.927 -31.878 10.0 2.90 MW AUST
2015 10 13 2219 121.356 -30.771 10.0 3.00 MW SRC
2015 10 27 0632 126.526 -20.267 10.0 3.73 MW AUST
2015 11 01 2333 117.846 -30.875 12.0 2.80 MW AUST
2015 11 11 2012 130.546 -12.181 20.0 3.00 MW AUST
2015 11 28 1952 128.752 -16.593 6.0 2.90 MW AUST
2015 12 06 2212 118.086 -33.508 10.0 2.90 MW AUST
2015 12 10 0208 117.858 -25.611 10.0 2.80 MW AUST
2015 12 15 1628 132.503 -32.552 17.9 2.90 MW ADE
2015 12 18 0200 132.059 -16.293 8.0 3.25 MW AUST
2015 12 25 0712 138.109 -25.613 32.1 3.30 MW ADE
2016 01 01 1946 129.230 -13.891 15.0 3.20 MW AUST
2016 03 11 0148 121.576 -26.102 10.0 3.00 MW AUST
2016 03 30 1334 117.263 -30.348 3.3 3.20 MW SRC
2016 04 25 2030 121.233 -30.650 10.0 3.10 MW AUST
2016 04 30 1945 123.858 -19.061 10.0 3.51 MW AUST
2016 05 16 2013 128.602 -22.904 10.0 4.15 MW AUST
2016 05 19 1346 119.029 -22.390 3.0 3.00 MW AUST
2016 05 20 1814 129.832 -25.579 0.0 6.09 MW AUST
2016 05 23 1500 117.737 -30.455 10.0 3.10 MW AUST
2016 06 09 1018 124.392 -30.880 10.0 3.59 MW AUST
2016 06 10 0149 126.347 -28.009 0.0 3.40 MW AUST
2016 06 23 1609 121.375 -30.771 0.0 2.90 MW AUST
2016 06 30 0025 117.343 -30.137 17.0 3.33 MW AUST
2016 07 01 0314 139.316 -25.364 10.0 3.10 MW AUST
2016 07 05 0655 117.512 -30.054 0.0 3.26 MW AUST
2016 07 08 0940 122.346 -32.541 10.0 4.97 MW USGS
2016 07 16 0345 119.789 -28.715 10.0 2.80 MW AUST
2016 08 25 0405 124.792 -19.502 10.0 3.10 MW AUST
2016 09 04 0624 121.409 -30.807 0.0 2.90 MW AUST
2016 09 10 1534 127.115 -23.514 0.0 3.20 MW AUST
2016 09 11 1622 126.303 -16.798 9.0 2.90 MW AUST
2016 09 20 0108 132.526 -26.517 9.0 3.30 MW AUST
2016 09 29 0149 119.181 -31.452 10.0 2.90 MW AUST
2016 10 10 0429 119.320 -23.042 18.0 2.80 MW AUST
2016 11 06 0954 128.002 -19.102 10.0 4.48 MW USGS
2016 12 05 0531 116.550 -29.334 10.0 2.90 MW AUST
2016 12 24 0040 117.120 -30.826 10.0 3.43 MW AUST
2016 12 26 1259 137.217 -27.210 10.0 3.25 MW AUST
2017 01 03 1530 118.455 -30.609 10.0 4.18 MW AUST
2017 01 13 2336 121.784 -31.430 10.0 2.80 MW AUST
2017 01 24 0502 123.500 -35.172 10.0 3.20 MW AUST
2017 02 12 0919 131.951 -26.097 10.0 2.90 MW AUST
2017 03 15 1252 120.120 -33.326 10.0 2.80 MW AUST
2017 03 19 0920 117.786 -30.420 10.0 3.00 MW AUST
2017 03 21 0815 121.140 -33.044 10.0 3.00 MW AUST
2017 03 22 0036 137.442 -25.870 10.0 2.80 MW AUST
2017 03 22 1449 125.259 -17.323 10.0 3.00 MW AUST
2017 03 26 2000 122.891 -31.616 10.0 3.69 MW AUST
2017 03 31 1604 121.124 -33.085 10.0 3.20 MW AUST
2017 04 04 0355 128.939 -25.903 10.0 3.97 MW AUST
2017 04 08 0347 119.863 -28.684 10.0 2.80 MW AUST
2017 04 10 0440 117.796 -30.429 10.0 2.90 MW AUST
2017 05 03 1756 127.936 -22.607 10.0 3.10 MW AUST
2017 05 13 0927 119.272 -33.204 10.0 3.10 MW AUST
2017 05 15 1912 123.588 -27.167 10.0 3.90 MW AUST
2017 07 15 2127 131.897 -26.122 0.0 3.20 MW AUST
