1929 08 16 2128 120.660 -16.990  33.0 6.24 MW BMR
1961 08 23 1801 119.000 -18.500  18.0 4.67 MW MGO
1963 08 27 1915 128.600 -16.600  33.0 5.07 MW MGO
1964 03 23 2241 123.042 -17.875  27.3 4.95 MW EHB
1965 05 19 0213 111.953 -25.027   4.7 5.22 MW EHB
1966 11 13 0341 111.900 -24.200  33.0 4.59 MW ISC
1967 04 03 0440 126.320 -12.200  18.0 4.59 MW ISC
1968 06 19 0555 124.900 -19.100  18.0 4.95 MW ISC
1968 08 06 1908 123.200 -18.500  18.0 5.19 MW MGO
1969 06 23 1414 123.100 -17.600   7.0 4.71 MW MGO
1969 09 14 2258 123.100 -17.900   7.0 4.59 MW MGO
1969 10 09 0129 117.460 -18.820   0.0 4.83 MW BMR
1971 01 14 1744 114.600 -24.730   0.0 4.71 MW BMR
1971 07 12 2259 115.160 -24.540   0.0 4.95 MW BMR
1972 04 07 2208 124.900 -18.290   0.0 3.95 MW BMR
1974 02 08 1243 121.756 -14.151  33.0 4.47 MW ISC
1974 11 07 0153 118.650 -18.160   0.0 5.19 MW MGO
1975 03 06 2351 126.488 -17.212   0.0 5.07 MW ISC
1975 04 18 1634 113.860 -24.400   0.0 4.23 MW MGO
1975 08 25 1128 123.286 -18.958   0.0 4.47 MW ISC
1976 11 28 1834 122.417 -18.618  33.0 4.11 MW ISC
1978 05 06 1952 126.560 -19.550  17.0 5.07 MW BMR
1979 01 24 2149 115.690 -31.070  25.0 3.12 MW MGO
1979 03 26 0014 126.070 -16.350   0.0 3.11 MW MGO
1979 03 31 0445 127.030 -18.040   0.0 3.29 MW MGO
1979 04 23 0545 120.163 -16.617  30.8 6.20 MW EHB
1979 05 26 0418 117.340 -18.660  37.0 3.32 MW MGO
1979 06 10 2014 115.150 -24.720  16.0 3.27 MW MGO
1979 07 14 0940 122.755 -18.103  15.0 5.00 MW EHB
1979 07 16 2039 127.049 -17.224  10.0 4.52 MW ISC
1979 07 17 1727 113.790 -25.600  10.0 3.02 MW MGO
1979 10 26 0256 128.570 -16.460   0.0 3.28 MW MGO
1979 10 31 1407 114.430 -20.630  37.0 3.64 MW MGO
1979 11 05 0942 127.300 -16.450   0.0 3.38 MW MGO
1980 01 02 1749 122.090 -17.810  37.0 3.08 MW MGO
1980 02 09 1850 122.740 -19.780   8.0 3.11 MW MGO
1980 03 15 0709 121.640 -18.770   0.0 3.76 MW BMR
1980 04 01 1522 123.790 -17.170   0.0 3.17 MW BMR
1980 04 09 0542 118.790 -17.220   0.0 3.20 MW BMR
1980 06 22 1620 119.250 -18.500   0.0 3.42 MW BMR
1980 07 04 0404 119.530 -17.770  37.0 3.10 MW MGO
1980 07 26 0641 128.370 -16.880  19.0 3.04 MW MGO
1980 07 31 1219 120.960 -19.510   0.0 4.07 MW MGO
1980 08 01 1824 128.710 -16.440  37.0 3.00 MW MGO
1980 08 01 2019 119.360 -17.030  37.0 3.51 MW MGO
1980 11 24 1954 123.868 -15.853  33.0 3.43 MW ISC
1980 12 05 0841 128.370 -16.650   0.0 3.03 MW MGO
1981 01 01 0900 122.756 -17.510  33.0 4.21 MW ISC
1981 02 21 0619 114.550 -29.420   0.0 3.02 MW MGO
1981 03 15 1829 123.412 -18.590  37.0 3.37 MW ISC
1981 03 17 2138 123.230 -18.660  37.0 3.12 MW MGO
1981 04 03 2000 123.150 -18.120   0.0 3.69 MW MGO
1981 05 05 0552 121.840 -18.940  37.0 3.69 MW MGO
1981 06 02 1213 121.630 -18.590  37.0 3.41 MW MGO
1981 06 27 2333 122.654 -17.784  37.0 3.30 MW ISC
1981 06 28 0823 126.500 -17.880  17.0 3.11 MW MGO
1981 07 03 1739 128.760 -16.530  10.0 3.23 MW MGO
1981 07 14 0614 130.734 -10.997  33.0 4.11 MW ISC
1981 07 16 1246 114.240 -21.030  10.0 3.97 MW MGO
1981 08 15 1923 121.057 -15.986  33.0 3.43 MW ISC
1981 11 04 2135 120.750 -18.500  37.0 3.07 MW MGO
1981 12 06 0140 114.169 -22.902   0.0 3.84 MW ISC
1981 12 06 1255 128.730 -16.820  10.0 3.21 MW MGO
1981 12 14 1159 122.651 -13.902  33.0 3.75 MW ISC
1981 12 15 0043 125.120 -19.400   0.0 3.18 MW ISC
1982 02 08 1423 123.433 -12.627  37.0 3.08 MW ISC
1982 02 19 0111 123.349 -18.902   0.0 3.71 MW MGO
1982 02 19 0936 118.430 -18.840  10.0 3.26 MW MGO
1982 02 19 2026 113.900 -22.290  10.0 3.03 MW MGO
1982 02 26 1524 122.490 -17.670  37.0 3.30 MW MGO
1982 02 27 1843 121.180 -18.860  37.0 3.18 MW MGO
1982 03 17 0429 127.600 -14.974  10.0 3.62 MW ISC
1982 03 27 1543 114.000 -22.470  10.0 3.39 MW MGO
1982 04 22 1444 120.190 -15.710  37.0 3.01 MW MGO
1982 06 16 1513 118.470 -18.050  37.0 4.01 MW MGO
1982 11 20 0200 127.090 -19.036  19.0 3.66 MW ISC
1982 12 16 1431 121.150 -18.320  37.0 3.27 MW MGO
1982 12 31 2219 124.142 -17.450  33.0 4.23 MW ISC
1983 01 13 0247 120.100 -16.400  37.0 3.83 MW MGO
1983 03 13 1658 118.760 -18.000  37.0 3.23 MW MGO
1983 03 14 0329 128.597 -16.676  10.0 3.23 MW ISC
1983 04 21 2118 118.970 -18.090  37.0 3.82 MW MGO
1983 04 24 0820 116.930 -19.110  25.0 3.10 MW MGO
1983 05 29 1938 126.619 -12.221  33.0 4.71 MW ISC
1983 06 07 0616 125.581 -15.009  10.0 3.73 MW ISC
1983 06 29 1524 122.621 -18.972  10.0 3.17 MW ISC
1983 07 15 1704 111.810 -25.070  10.0 3.32 MW MGO
1983 08 06 0227 112.520 -26.270  10.0 3.15 MW MGO
1983 08 29 0733 121.210 -15.850  37.0 3.09 MW MGO
1983 09 02 1822 113.030 -23.990  10.0 3.10 MW MGO
1983 09 14 2051 130.320 -11.290  10.0 3.13 MW MGO
1983 10 03 0751 112.940 -25.010  10.0 3.14 MW MGO
1983 10 24 0053 114.920 -26.940  10.0 3.59 MW MGO
1983 10 30 0109 123.740 -16.530  37.0 3.61 MW MGO
1983 11 01 1046 118.340 -18.320  37.0 3.06 MW MGO
1983 11 11 1821 116.340 -19.560  37.0 3.13 MW MGO
1983 12 18 1510 120.309 -17.084  37.0 3.35 MW ISC
1984 01 04 1618 126.860 -15.670  10.0 3.01 MW MGO
1984 03 02 0501 122.420 -17.660  10.0 3.52 MW MGO
1984 03 16 0345 123.344 -15.003  37.0 4.47 MW ISC
1984 06 02 1536 113.380 -22.750  10.0 3.37 MW MGO
1984 06 30 1245 116.494 -19.937  10.0 4.06 MW ISC
1984 08 07 2051 127.320 -15.550   0.0 3.55 MW BMR
1984 10 01 1547 126.830 -18.760  10.0 3.26 MW MGO
1984 10 27 1846 114.300 -23.560  10.0 3.14 MW MGO
1984 11 18 2119 122.890 -17.670  37.0 3.04 MW MGO
1984 12 28 2148 125.810 -19.270  10.0 3.11 MW MGO
1984 12 28 2153 114.590 -23.780  10.0 3.28 MW MGO
1985 02 25 2040 117.420 -18.870  37.0 3.00 MW MGO
1985 03 03 1104 126.590 -18.270  10.0 3.22 MW MGO
1985 03 13 2152 121.678 -15.427  33.0 4.41 MW ISC
1985 03 28 2240 112.960 -24.150  37.0 3.00 MW MGO
1985 04 12 0318 130.140 -14.750  10.0 3.95 MW AUST
1985 04 24 1538 114.060 -21.730  10.0 3.45 MW MGO
1985 05 06 1621 122.416 -12.312  33.0 4.14 MW ISC
1985 05 07 1004 118.880 -18.950  10.0 3.89 MW MGO
1985 05 20 2258 120.860 -18.410  10.0 3.53 MW MGO
1985 06 10 1500 113.435 -22.398  33.0 3.95 MW ISC
1985 07 23 0947 126.797 -19.310  10.0 4.29 MW ISC
1985 08 13 1234 117.869 -18.892  37.0 3.61 MW ISC
1985 08 18 0109 113.960 -22.960  10.0 3.73 MW MGO
1985 09 13 2116 127.970 -17.750  10.0 3.01 MW MGO
1985 11 05 2205 113.700 -21.780  37.0 3.23 MW MGO
1985 11 13 1748 120.515 -16.552  33.0 3.42 MW ISC
1985 11 15 0835 113.530 -23.740  10.0 3.76 MW MGO
1985 11 24 0926 124.640 -15.910  33.0 4.11 MW MGO
1985 11 29 1932 114.360 -25.930  10.0 3.05 MW MGO
1986 01 02 2313 115.150 -20.790   5.0 3.14 MW MGO
1986 01 14 0038 113.440 -23.870   5.0 3.96 MW MGO
1986 02 02 2256 115.930 -20.290   5.0 3.04 MW MGO
1986 02 06 1144 119.201 -18.654   5.0 3.54 MW ISC
1986 04 24 0823 127.880 -18.090   5.0 3.15 MW MGO
1986 05 08 1747 116.540 -19.620   5.0 3.26 MW MGO
1986 05 31 2038 117.949 -18.846  10.0 3.76 MW ISC
1986 09 13 0237 120.950 -15.810   5.0 3.60 MW MGO
1986 09 13 1913 113.250 -22.680   5.0 3.07 MW MGO
1986 10 16 2136 114.590 -22.610   5.0 4.04 MW MGO
1986 11 05 0757 118.850 -18.470   5.0 3.67 MW MGO
1986 12 04 1347 115.830 -20.250   5.0 3.80 MW MGO
1986 12 14 0932 121.510 -19.180   5.0 3.46 MW MGO
1986 12 18 0126 122.808 -17.265   5.0 3.37 MW ISC
1987 01 07 0526 117.750 -19.310   5.0 3.26 MW MGO
1987 03 14 1925 114.100 -22.750   5.0 3.15 MW MGO
1987 03 29 1539 118.840 -18.900   5.0 3.00 MW MGO
1987 04 10 0643 122.100 -17.250   5.0 3.25 MW MGO
1987 05 17 1542 122.590 -17.470   5.0 3.04 MW MGO
1987 05 21 0315 128.348 -16.842   0.0 3.39 MW BMR
1987 06 21 1615 118.990 -18.170   5.0 3.64 MW MGO
1987 07 05 1105 120.700 -18.470   5.0 3.14 MW MGO
1987 07 19 0303 113.060 -27.220   5.0 4.22 MW MGO
1987 08 30 1423 128.679 -16.739  14.0 4.20 MW BMR
1987 09 18 0041 119.220 -16.760   5.0 3.47 MW MGO
1987 09 24 2046 115.650 -19.670   5.0 3.68 MW MGO
1987 10 16 1119 112.560 -25.760   5.0 3.98 MW MGO
1987 10 21 0233 112.840 -26.360   5.0 3.33 MW MGO
1987 10 25 2242 119.220 -18.170   5.0 3.40 MW MGO
1987 11 06 1336 122.966 -13.388  10.0 3.68 MW ISC
1987 11 15 1237 114.000 -23.310   5.0 3.23 MW MGO
1987 12 04 1315 120.624 -17.655  10.0 4.30 MW ISC
1987 12 25 1936 120.652 -16.326  10.0 3.92 MW ISC
1987 12 27 0807 114.380 -23.760   5.0 3.53 MW MGO
1988 02 06 0524 124.730 -16.601  15.0 5.10 MW EHB
1988 03 12 1359 128.829 -16.640   5.0 3.21 MW BMR
1988 05 18 0903 122.280 -18.960   5.0 3.20 MW MGO
1988 05 29 0606 122.435 -13.864  10.0 3.34 MW ISC
1988 06 23 1131 128.606 -16.814  10.0 4.15 MW ISC
1988 07 14 2236 128.783 -16.862  33.0 4.02 MW BMR
1988 07 30 0414 123.540 -18.410   5.0 3.17 MW MGO
1988 08 22 1313 121.660 -16.420   5.0 3.40 MW MGO
1988 08 25 2133 128.583 -16.694  10.0 3.31 MW ISC
1988 09 21 0228 128.130 -17.380   5.0 3.50 MW MGO
1988 10 24 1759 115.830 -20.260   5.0 3.33 MW MGO
1988 11 30 1429 127.970 -10.055 183.0 3.87 MW USGS
1988 12 15 1856 124.583 -19.164   5.0 3.76 MW BMR
1988 12 29 1140 117.890 -18.680   5.0 3.04 MW MGO
1989 01 24 0458 128.725 -10.658 147.0 4.35 MW ISC
1989 02 17 1151 117.550 -19.340   5.0 3.14 MW MGO
1989 02 17 1416 121.148 -14.933   5.0 3.26 MW ISC
1989 02 27 2325 122.586 -12.337  33.0 3.87 MW ISC
1989 03 21 1800 114.580 -23.240  10.0 3.60 MW MGO
1989 04 10 0737 126.618 -17.124   5.0 3.37 MW MGO
1989 07 20 0929 114.888 -33.967   5.0 3.23 MW MGO
1989 09 12 0943 128.396 -15.559  33.0 4.59 MW ISC
1989 11 04 0057 127.798 -17.236   5.0 3.43 MW MGO
1989 12 21 1729 114.086 -21.867   5.0 3.13 MW MGO
1990 02 18 2247 117.982 -18.183   5.0 4.40 MW ISC
1990 02 20 1418 128.532 -16.713  10.0 3.28 MW ISC
1990 03 20 2109 124.310 -18.506   5.0 3.51 MW ISC
1990 03 30 1131 113.385 -24.022   5.0 3.59 MW MGO
1990 04 01 1035 122.589 -13.359  33.0 3.50 MW ISC
1990 04 15 0620 114.057 -22.327   5.0 3.36 MW MGO
1990 05 09 0014 114.679 -21.615   5.0 3.00 MW MGO
1990 05 28 0823 113.839 -27.549   5.0 3.14 MW MGO
1990 06 26 2030 126.799 -18.698   5.0 3.43 MW MGO
1990 06 27 1423 123.117 -18.833   5.0 3.28 MW MGO
1990 07 08 1100 121.453 -18.886  28.0 3.07 MW MGO
1990 07 13 1818 116.318 -18.853   5.0 3.21 MW MGO
1990 08 17 1214 122.631 -17.849  10.0 4.15 MW ISC
1990 08 28 1004 112.751 -22.864   5.2 3.66 MW MGO
1990 09 12 1205 122.870 -18.630   5.0 3.36 MW MGO
1990 10 09 1816 128.895 -14.286   5.0 3.43 MW MGO
1990 10 15 1949 113.924 -22.505   5.0 3.36 MW ISC
1990 10 17 1432 115.214 -25.059  31.0 3.00 MW MGO
1991 01 09 1022 123.921 -17.534  10.0 3.74 MW ISC
1991 02 08 0015 114.246 -24.638   5.0 3.14 MW MGO
1991 02 08 1657 118.100 -18.748   5.0 3.00 MW MGO
1991 03 12 1040 114.573 -27.775   5.0 3.00 MW MGO
1991 03 17 0938 114.010 -28.092   5.0 3.43 MW MGO
1991 04 20 1508 112.506 -27.384   5.0 3.28 MW MGO
1991 05 02 0556 115.886 -33.738   2.0 3.00 MW MGO
1991 05 07 0528 118.407 -18.799   5.0 3.21 MW MGO
1991 05 15 0906 113.042 -22.325  35.0 3.21 MW MGO
1991 05 21 0212 125.486 -15.455   5.0 3.21 MW MGO
1991 06 23 1520 113.147 -27.431   5.0 3.00 MW MGO
1991 07 28 0531 122.305 -17.719   5.0 3.28 MW MGO
1991 08 17 0008 115.699 -29.127   5.0 3.14 MW MGO
1991 08 18 1156 128.607 -16.770  10.0 3.90 MW ISC
1991 08 22 0916 123.763 -16.568   5.0 3.07 MW MGO
1991 09 05 0611 112.678 -25.093   5.0 3.21 MW MGO
1991 09 11 0212 114.042 -22.536   5.0 3.14 MW MGO
1991 10 04 1746 114.126 -27.916   5.0 3.00 MW MGO
1991 10 06 2259 129.087 -16.877   5.0 3.66 MW MGO
1991 10 09 1646 128.663 -16.706   5.0 3.74 MW ISC
1991 10 24 0457 116.137 -20.340   5.0 3.00 MW MGO
1991 11 24 1438 117.001 -19.375   5.0 3.28 MW MGO
1991 12 22 1601 128.547 -16.383   5.0 3.07 MW MGO
1992 01 18 0249 126.708 -19.856   5.0 3.21 MW MGO
1992 03 16 2044 114.272 -22.435   5.0 3.07 MW MGO
1992 03 31 0214 126.875 -18.820  10.0 3.99 MW ISC
1992 04 18 2040 123.250 -17.322  10.0 3.59 MW ISC
1992 06 25 1959 113.135 -23.552   5.0 3.36 MW MGO
1992 07 12 1746 123.066 -19.903   5.0 3.21 MW MGO
1992 07 18 0753 121.169 -15.598   5.0 3.00 MW MGO
1992 07 27 1159 122.139 -17.616   5.0 3.98 MW MGO
1992 08 02 0734 126.730 -19.906   5.0 3.36 MW MGO
1992 08 05 2152 114.409 -21.585   5.0 3.14 MW MGO
1992 08 27 1919 123.600 -12.407  33.0 3.74 MW ISC
1992 08 30 1740 119.064 -18.214   5.0 3.28 MW MGO
1992 10 21 2142 121.912 -15.252   5.0 3.36 MW ISC
1992 10 27 1715 119.110 -18.193  33.0 3.82 MW ISC
1992 11 09 0536 119.275 -18.202   5.0 3.51 MW MGO
1992 11 16 2104 127.206 -17.034   5.0 3.36 MW MGO
1993 02 21 1823 113.596 -22.337   5.0 3.07 MW MGO
1993 03 03 0723 113.955 -22.859   5.0 3.00 MW MGO
1993 03 11 2216 114.606 -21.552   5.0 3.59 MW MGO
1993 03 12 1704 115.556 -30.075   9.0 3.28 MW MGO
1993 03 17 2358 121.057 -15.961   5.0 3.00 MW MGO
1993 03 26 0020 113.925 -22.043  37.5 3.21 MW MGO
1993 03 27 0808 122.821 -18.561   5.0 3.28 MW MGO
1993 04 15 0005 121.138 -15.724  10.0 3.43 MW ISC
1993 04 28 1450 119.434 -17.822   5.0 3.14 MW MGO
1993 05 14 2014 113.472 -22.978   5.0 3.98 MW MGO
1993 06 02 1718 116.334 -20.026  33.0 3.00 MW MGO
1993 06 07 1508 119.174 -18.093   5.0 3.21 MW MGO
1993 07 20 1951 120.560 -15.498   5.0 3.07 MW MGO
1993 08 11 1914 126.841 -19.514  10.0 3.59 MW ISC
1993 08 28 1926 127.925 -16.133   5.0 3.36 MW ISC
1993 09 19 2002 127.403 -15.764   5.0 3.07 MW MGO
1993 09 24 0526 118.827 -18.296   5.0 3.00 MW MGO
1993 10 03 0231 113.722 -22.019   5.0 3.21 MW MGO
1993 11 20 0120 113.978 -23.051   5.0 3.14 MW MGO
1993 12 31 1040 126.731 -19.881   5.0 3.00 MW MGO
1994 02 28 0758 127.270 -15.172   5.0 3.36 MW MGO
1994 04 20 2040 116.288 -20.224   5.0 3.14 MW MGO
1994 04 26 0408 128.632 -16.477   5.0 3.00 MW MGO
1994 07 22 1136 123.418 -12.199  33.0 3.38 MW ISC
1994 10 08 1710 114.428 -22.604   5.0 3.07 MW MGO
1994 10 09 1501 128.070 -16.652   5.0 3.66 MW MGO
1994 10 25 0809 123.689 -12.213  33.0 4.11 MW ISC
1995 01 27 1914 123.229 -18.859   5.0 3.51 MW MGO
1995 02 11 0812 113.904 -27.206   5.0 3.14 MW MGO
1995 02 16 1227 122.109 -16.943   5.0 3.07 MW MGO
1995 02 21 0126 122.512 -18.886   5.0 3.28 MW MGO
1995 03 17 0927 123.529 -18.086   5.0 3.14 MW MGO
1995 04 20 1403 123.605 -12.230  24.5 3.99 MW ISC
1995 06 18 0745 126.380 -11.116 150.0 4.15 MW ISC
1995 06 25 2023 121.439 -16.066   5.0 3.43 MW ISC
1995 07 01 1843 122.416 -17.483  36.5 3.36 MW MGO
1995 07 15 0222 115.546 -30.058   5.0 3.14 MW MGO
1995 08 15 0157 120.813 -18.414   5.0 3.28 MW MGO
1995 08 17 1336 113.199 -25.618   5.0 3.28 MW MGO
1995 08 20 1957 122.619 -12.385  59.0 3.87 MW ISC
1995 08 25 1150 112.183 -23.754   5.0 4.35 MW ISC
1995 09 15 0440 118.049 -19.354  22.0 3.21 MW MGO
1995 10 19 0355 122.835 -18.546   5.0 3.43 MW MGO
1995 10 29 0655 113.531 -24.063   5.0 3.51 MW MGO
1995 12 09 1015 128.319 -16.635   5.0 3.00 MW MEL
1995 12 10 1251 123.248 -14.281   5.0 3.43 MW ISC
1995 12 12 2211 124.282 -18.527   5.0 3.43 MW MGO
1995 12 26 1259 114.526 -22.756   5.0 3.00 MW MGO
1996 01 09 0407 112.237 -23.336   5.0 3.07 MW MGO
1996 01 13 1919 129.327 -10.342 626.0 3.75 MW ISC
1996 01 26 1041 117.205 -19.438   5.0 3.14 MW MGO
1996 02 04 1755 120.897 -18.863   5.0 3.51 MW MGO
1996 03 11 0039 113.860 -29.209   5.0 3.21 MW MGO
1996 03 11 2324 127.149 -16.578   5.0 3.66 MW MGO
1996 03 13 0340 123.064 -12.584  33.0 3.98 MW ISC
1996 03 17 2239 114.302 -21.820   5.0 3.51 MW MGO
1996 03 26 1400 112.556 -23.092   5.0 3.00 MW MGO
1996 04 02 0355 127.890 -10.600  64.0 3.59 MW EIDC
1996 04 06 0846 119.397 -17.902   5.0 3.36 MW MGO
1996 04 28 2052 128.651 -16.663  18.0 3.21 MW MGO
1996 04 30 1358 128.803 -11.753  33.0 3.02 MW ISC
1996 05 21 2021 121.966 -18.535  30.0 3.36 MW MGO
1996 05 28 0126 128.573 -10.213  67.0 3.62 MW ISC
1996 07 02 1627 129.430 -10.850   0.0 3.28 MW EIDC
1996 07 16 1857 126.628 -18.083   5.0 3.07 MW MGO
1996 08 16 1158 127.206 -11.901  33.0 3.14 MW ISC
1996 09 02 0546 128.652 -16.563   1.0 3.21 MW MGO
1996 09 06 2024 115.047 -27.240   5.0 3.43 MW MGO
1996 10 18 0528 114.588 -32.761   5.0 4.06 MW MGO
1996 10 23 1823 128.650 -16.598   5.0 3.66 MW MGO
1996 11 08 0038 114.852 -23.998   5.0 3.07 MW MGO
1996 11 20 0555 113.280 -21.970   0.0 3.43 MW EIDC
1996 12 08 2129 124.630 -15.197  33.0 3.66 MW ISC
1996 12 29 0745 128.583 -16.892   5.0 3.07 MW MGO
1996 12 31 1504 122.458 -17.708   5.0 3.36 MW MGO
1997 01 22 1504 112.051 -23.659  17.0 3.07 MW MGO
1997 02 02 1936 124.073 -13.884  33.0 3.38 MW ISC
1997 02 20 1445 120.863 -15.951   5.0 3.59 MW MGO
1997 02 21 0932 114.728 -24.035   5.0 3.07 MW MGO
1997 03 03 0305 127.003 -16.597   5.0 3.43 MW MGO
1997 03 14 2358 130.547 -10.848  12.0 3.28 MW AGSO
1997 03 18 2324 119.532 -19.209  33.0 3.43 MW ISC
1997 04 21 1337 113.898 -22.729   5.0 3.28 MW MGO
1997 04 25 1328 115.449 -25.336   5.0 3.00 MW MGO
1997 05 18 0835 112.975 -23.740   5.0 3.21 MW MGO
1997 05 21 1158 122.072 -14.902   5.0 3.36 MW MGO
1997 06 05 0515 122.376 -12.718   0.0 3.36 MW EIDC
1997 06 28 0100 114.474 -23.512  12.9 3.21 MW MGO
1997 07 08 2134 114.330 -28.465   5.0 4.15 MW MGO
1997 07 29 0542 130.154 -12.789   0.0 4.15 MW EIDC
1997 07 31 1914 123.284 -17.317   5.0 3.21 MW MGO
1997 08 10 0920 124.333 -16.159  20.0 6.20 MW EHB
1997 08 17 1305 121.784 -17.151   5.0 3.28 MW MGO
1997 08 30 1855 118.691 -18.295   5.0 3.43 MW MGO
1997 09 01 0948 123.138 -18.116   5.0 4.40 MW MGO
1997 09 12 1822 114.960 -21.106  37.0 3.74 MW MGO
1997 09 13 1158 113.653 -24.219   5.0 3.14 MW MGO
1997 10 04 1938 116.096 -19.235   5.0 3.00 MW MGO
1997 10 10 1717 116.786 -19.381   5.0 3.36 MW MGO
1997 10 19 1859 115.584 -28.849   5.0 3.00 MW MGO
1997 10 22 1255 113.499 -21.919   5.0 3.14 MW MGO
1997 11 10 1753 114.283 -23.248   5.0 3.07 MW MGO
1997 11 11 1226 128.168 -16.504   5.0 3.59 MW AGSO
1997 11 20 0144 118.855 -18.385   5.0 3.43 MW MGO
1997 11 23 0420 128.496 -16.798  33.0 3.14 MW ISC
1997 12 14 1836 112.980 -23.943  84.0 3.43 MW MGO
1998 01 11 1432 122.817 -12.569   0.0 3.21 MW EIDC
1998 02 08 0446 122.259 -17.831   5.0 3.21 MW MGO
1998 02 13 0510 124.087 -17.484   5.0 3.43 MW MGO
1998 02 21 0209 113.487 -27.437   5.0 3.00 MW MGO
1998 03 12 1240 113.308 -23.750   5.0 3.36 MW MGO
1998 03 29 2006 129.278 -14.280  10.0 4.15 MW AGSO
1998 04 08 1641 126.642 -17.925   5.0 3.14 MW MGO
1998 04 12 1510 128.551 -16.924   5.0 3.14 MW MGO
1998 04 17 0716 113.066 -24.875   5.0 3.07 MW MGO
1998 04 29 2314 128.115 -11.481   0.0 3.28 MW EIDC
1998 05 25 0503 123.827 -13.827   0.0 3.43 MW EIDC
1998 05 29 2150 118.707 -18.554   5.0 3.07 MW MGO
1998 06 13 2013 117.531 -18.955   5.0 3.28 MW MGO
1998 07 13 0531 120.981 -15.904   5.0 3.28 MW MGO
1998 07 21 1223 113.504 -28.226   5.0 3.21 MW MGO
1998 08 08 0736 123.997 -15.634   0.0 3.51 MW EIDC
1998 08 08 1326 123.420 -12.766  33.0 3.99 MW ISC
1998 08 15 1941 123.361 -12.876  33.0 3.14 MW ISC
1998 08 17 0245 123.565 -17.662   5.0 3.21 MW MGO
1998 09 13 2250 123.208 -12.501   5.0 3.43 MW ISC
1998 09 14 0608 127.300 -17.155   5.0 3.00 MW MGO
1998 10 15 0404 126.907 -11.718  33.0 3.50 MW ISC
1998 10 27 2240 128.472 -17.002   5.0 3.00 MW MGO
1998 11 10 0158 128.966 -13.794   0.0 3.43 MW EIDC
1998 11 13 1154 124.887 -19.132   7.0 3.82 MW ISC
1998 11 13 2352 129.120 -13.740   0.0 3.28 MW EIDC
1998 11 23 1542 115.476 -20.684   5.0 3.07 MW MGO
1999 02 25 2252 129.119 -10.468   0.0 3.43 MW EIDC
1999 03 07 1959 128.085 -17.275   5.0 3.07 MW MGO
1999 03 22 0122 127.312 -16.692   5.0 3.59 MW MGO
1999 03 29 1512 128.375 -15.126   5.0 3.07 MW MGO
1999 04 01 2239 120.917 -15.984   5.0 3.28 MW MGO
1999 04 10 2227 124.752 -19.621   5.0 3.36 MW MGO
1999 04 18 2143 122.766 -13.679   5.0 3.36 MW MGO
1999 05 19 2331 127.880 -13.730   5.0 3.21 MW MGO
1999 05 24 1920 127.780 -15.470   5.0 3.00 MW MGO
1999 06 20 1143 122.680 -16.950   5.0 3.07 MW MGO
1999 06 25 0036 113.910 -22.850   5.0 3.98 MW MGO
1999 07 14 1254 122.080 -14.920   5.0 3.07 MW MGO
1999 07 27 0548 127.860 -13.710   5.0 3.21 MW MGO
1999 08 21 0714 112.260 -23.660   5.0 3.07 MW MGO
1999 08 25 1223 112.570 -24.340   5.0 3.21 MW MGO
1999 09 25 1124 122.502 -12.054   5.0 3.32 MW ISC
1999 10 12 0043 118.230 -18.530   5.0 3.00 MW MGO
1999 10 15 1720 122.480 -12.380   5.0 3.00 MW MGO
1999 10 29 0615 113.780 -22.170  18.0 3.36 MW MGO
1999 11 04 1836 127.480 -15.970   5.0 3.21 MW MGO
1999 12 01 0511 123.220 -17.970   5.0 3.00 MW MGO
1999 12 16 1236 125.880 -16.840   5.0 3.21 MW MGO
2000 01 07 0302 121.430 -18.100   5.0 3.21 MW MGO
2000 01 13 0224 123.806 -16.478   5.0 3.98 MW ISC
2000 01 20 1501 114.050 -24.130   5.0 3.51 MW MGO
2000 02 06 1251 121.705 -17.121   5.0 3.36 MW ISC
2000 02 08 1337 122.277 -13.529  33.0 3.38 MW ISC
2000 02 15 1744 127.654 -14.118   0.0 3.51 MW AGSO
2000 02 21 1615 126.430 -16.740   5.0 3.07 MW MGO
2000 02 29 1124 120.960 -17.500   5.0 3.07 MW MGO
2000 03 01 0611 123.466 -12.610   5.0 3.36 MW MGO
2000 03 01 2211 119.290 -18.100   5.0 3.21 MW MGO
2000 03 19 2307 113.190 -24.100  11.0 3.21 MW AGSO
2000 03 30 1555 128.560 -16.640   5.0 3.07 MW MGO
2000 04 01 1329 111.629 -25.186   0.0 4.23 MW AGSO
2000 04 13 0314 128.635 -16.421  15.0 3.82 MW AGSO
2000 05 14 1239 112.960 -23.282  10.0 3.75 MW ISC
2000 05 25 0425 114.792 -20.722   5.0 3.28 MW AGSO
2000 06 20 1412 124.121 -11.736   2.0 3.43 MW AGSO
2000 07 25 0333 113.630 -24.190   5.0 3.82 MW AUST
2000 07 30 1850 122.760 -17.720  10.0 3.14 MW AUST
2000 09 09 1731 124.086 -16.678  10.0 3.82 MW ISC
2000 09 16 0429 113.055 -22.612  27.0 3.21 MW AGSO
2000 09 24 0907 114.791 -22.090  10.0 3.43 MW ISC
2000 10 02 1133 113.143 -22.696  13.0 3.66 MW AUST
2000 10 15 0827 128.902 -12.370  28.0 4.23 MW ISC
2000 10 21 1052 129.288 -13.802  19.0 3.43 MW AGSO
2000 12 13 0549 119.877 -18.175   0.0 3.07 MW AGSO
2000 12 28 0528 130.763 -12.544   0.0 3.66 MW AGSO
2001 01 25 1406 126.450 -18.350   0.0 3.43 MW AGSO
2001 02 17 1300 129.194 -13.077   0.0 3.66 MW IDC
2001 02 19 1805 129.240 -14.010   0.0 3.14 MW AUST
2001 03 11 2123 129.571 -11.349   0.0 3.82 MW IDC
2001 04 29 1954 114.042 -27.651   9.0 3.50 MW ISC
2001 04 30 2338 113.070 -24.500  18.0 3.51 MW AGSO
2001 05 11 0811 127.460 -14.490   0.0 3.82 MW IDC
2001 05 24 0951 122.638 -12.149  10.0 3.36 MW AGSO
2001 07 19 1107 129.475 -11.984   0.0 3.43 MW IDC
2001 07 27 0423 124.366 -18.384   0.0 3.51 MW AGSO
2001 08 06 1421 128.803 -10.044  90.0 3.36 MW IDC
2001 08 25 0338 120.940 -18.870   5.0 3.51 MW AGSO
2001 09 04 1656 115.192 -27.288   5.0 3.51 MW ISC
2001 09 11 0356 114.990 -24.820   2.0 3.43 MW AUST
2001 10 06 1631 120.046 -17.656   0.0 3.59 MW AUST
2001 11 02 0238 123.428 -12.695  33.0 3.14 MW ISC
2001 11 23 1407 126.311 -12.499  33.0 3.14 MW ISC
2001 12 01 2209 122.592 -12.967  23.0 3.51 MW AUST
2002 02 05 1751 122.320 -17.457   0.0 3.59 MW AUST
2002 04 05 1910 112.388 -25.181  10.0 4.06 MW ISC
2002 04 06 1135 114.450 -26.355   5.0 3.07 MW AUST
2002 04 14 0444 128.429 -17.010   0.0 3.07 MW IDC
2002 05 02 0405 119.599 -17.742   2.0 3.51 MW AUST
2002 05 11 1350 113.192 -25.023   6.0 3.14 MW AUST
2002 08 16 2225 114.461 -22.814  10.0 3.90 MW ISC
2002 10 08 1554 115.498 -25.263   5.0 4.40 MW AUST
2002 10 25 0646 123.114 -15.743   8.0 3.43 MW AUST
2002 10 31 2251 123.752 -16.814   0.0 3.14 MW AUST
2002 11 01 0855 129.904 -11.931  10.0 4.15 MW ISC
2002 11 05 1225 123.320 -16.362   0.0 4.15 MW IDC
2003 03 18 1906 123.629 -17.086   5.0 3.82 MW ISC
2003 04 08 0313 121.917 -14.642  33.0 3.66 MW AUST
2003 04 10 0041 114.333 -29.330  10.0 3.43 MW AUST
2003 05 19 1705 129.679 -10.713  76.0 3.14 MW ISC
2003 05 20 1232 128.431 -16.846   5.0 3.07 MW AUST
2003 06 01 0255 114.108 -21.933   1.7 3.00 MW AUST
2003 06 04 2004 115.269 -33.552   5.0 3.00 MW AUST
2003 06 19 0726 113.192 -25.481   1.0 3.21 MW AUST
2003 07 27 2257 125.142 -19.012  10.0 3.28 MW AUST
2003 10 04 0145 122.465 -13.731   5.0 3.28 MW AUST
2003 10 19 0842 112.143 -24.983 116.0 3.51 MW AUST
2003 11 12 2057 122.797 -13.237 105.0 3.14 MW ISC
2003 12 05 2226 126.844 -18.387  10.0 3.87 MW ISC
2004 01 14 0109 122.789 -12.864  75.0 3.74 MW USGS
2004 01 17 1608 122.396 -18.783  10.0 3.98 MW AUST
2004 01 23 1820 123.700 -12.020 107.0 3.26 MW ISC
2004 03 31 1322 128.200 -10.007  33.0 3.04 MW ISC
2004 04 02 2222 128.185 -11.851   0.0 3.74 MW IDC
2004 04 03 0729 128.715 -16.756  10.0 3.28 MW AUST
2004 04 08 1024 124.198 -12.349  98.0 3.75 MW ISC
2004 05 10 1839 113.004 -24.516  20.0 3.51 MW AUST
2004 05 12 1125 116.924 -19.780  36.0 3.43 MW AUST
2004 08 30 1540 122.421 -12.155  67.0 3.45 MW ISC
2004 09 25 1510 129.152 -16.776  10.0 3.98 MW AUST
2004 09 26 0903 113.761 -22.813  27.0 3.07 MW AUST
2004 10 18 2227 127.437 -16.527   9.0 3.07 MW AUST
2004 11 01 1315 124.844 -19.111   8.9 3.90 MW AUST
2004 11 23 1050 127.153 -16.937  10.0 3.98 MW AUST
2004 12 02 2128 117.635 -18.650  20.0 3.21 MW AUST
2004 12 13 2334 113.895 -21.936   0.0 3.07 MW AUST
2004 12 16 0955 125.120 -17.597  11.8 3.66 MW AUST
2004 12 23 0427 124.414 -15.048   0.0 3.90 MW IDC
2005 01 24 0943 122.587 -17.530  10.0 3.82 MW AUST
2005 02 23 1935 122.095 -14.636  10.0 4.35 MW USGS
2005 03 07 1452 112.565 -24.309  10.0 3.43 MW AUST
2005 03 08 0454 122.014 -14.738  10.0 3.87 MW USGS
2005 04 02 0914 127.241 -16.645   0.0 3.14 MW AUST
2005 04 07 2018 130.149 -10.380   0.0 3.14 MW IDC
2005 05 06 0659 115.963 -31.635   2.0 3.07 MW AUST
2005 11 15 1450 128.666 -16.486   2.0 3.21 MW AUST
2005 12 20 1949 114.102 -29.400  10.0 3.82 MW AUST
2005 12 26 0750 128.746 -16.133   0.0 3.21 MW AUST
2005 12 26 2040 122.762 -13.834  10.0 4.35 MW ISC
2005 12 27 0932 112.757 -24.860   0.0 3.59 MW AUST
2006 03 04 1703 115.912 -33.618   0.0 3.00 MW AUST
2006 05 08 0122 127.859 -17.673   0.0 3.00 MW AUST
2006 05 14 0927 127.311 -18.327   0.0 3.00 MW AUST
2006 05 24 2200 127.138 -16.534   2.3 3.14 MW AUST
2006 05 26 0738 128.691 -16.664   0.0 3.14 MW AUST
2006 06 03 1626 121.808 -16.813  10.0 3.36 MW ISC
2006 10 06 1206 113.904 -22.269  26.0 3.21 MW AUST
2007 02 05 1717 125.413 -19.294   5.0 3.21 MW AUST
2007 02 09 1634 123.613 -17.818  15.0 3.36 MW AUST
2007 02 15 1538 113.383 -25.918  10.0 5.10 MW ISC
2007 02 17 1344 126.617 -17.903   0.0 3.43 MW AUST
2007 02 28 2022 123.232 -18.723  16.0 3.59 MW AUST
2007 04 25 2027 127.151 -18.119   0.0 3.21 MW AUST
2007 04 28 2219 124.759 -12.018  21.0 3.99 MW ISC
2007 06 19 0525 116.482 -20.042  14.0 3.07 MW AUST
2007 08 24 0609 128.672 -16.657   0.0 3.07 MW AUST
2007 11 07 1910 114.933 -23.833   0.0 4.31 MW AUST
2007 12 13 0529 122.823 -12.537  15.0 3.82 MW AUST
2008 01 28 1537 113.872 -22.683   7.2 3.28 MW AUST
2008 02 06 0646 129.644 -13.402   6.7 4.15 MW AUST
2008 02 18 1918 112.770 -26.693  10.0 3.07 MW AUST
2008 02 22 0258 123.526 -19.097   2.1 3.28 MW AUST
2008 04 17 1822 122.519 -18.709  10.0 3.36 MW AUST
2008 05 28 0430 122.323 -18.596   0.0 4.57 MW AUST
2008 05 28 0935 118.920 -18.430   5.0 3.66 MW AUST
2008 06 01 1214 113.506 -24.208  10.0 3.28 MW AUST
2008 06 23 1317 127.722 -18.176   0.0 3.07 MW AUST
2008 07 27 0644 127.744 -18.144   0.0 3.07 MW AUST
2008 07 29 1109 122.110 -14.550   0.0 4.40 MW AUST
2008 11 14 2115 129.800 -12.600   0.0 3.07 MW AUST
2009 03 06 0135 121.240 -16.271  10.0 4.93 MW ISC
2009 04 05 2210 119.480 -16.940  10.0 4.47 MW BKK
2009 05 26 2025 128.477 -10.066   0.0 3.07 MW IDC
2009 06 06 1826 113.267 -28.278   0.0 3.51 MW AUST
2009 12 05 1540 114.013 -22.036  21.0 3.21 MW AUST
2009 12 20 0856 128.380 -10.100   0.0 3.21 MW IDC
2010 01 05 0555 128.600 -17.009  10.0 3.36 MW ISC
2010 03 20 1056 126.785 -18.718   1.0 3.14 MW AUST
2010 03 23 0340 128.712 -15.797   3.0 3.21 MW AUST
2010 06 08 2007 113.534 -21.935  34.0 3.86 MW AUST
2010 07 04 0348 113.667 -22.370  13.0 3.28 MW AUST
2010 07 16 1635 119.068 -18.000   0.0 3.76 MW AUST
2010 09 02 0725 129.351 -14.310   0.0 3.28 MW AUST
2010 09 18 1253 114.650 -22.045   0.0 3.14 MW AUST
2010 10 15 1306 117.435 -19.603  10.0 3.62 MW AUST
2010 11 24 1744 121.321 -17.094  10.0 3.28 MW AUST
2010 12 02 1224 130.429 -11.930   0.0 3.00 MW AUST
2010 12 05 1325 128.900 -14.885  30.0 3.64 MW AUST
2010 12 09 1653 127.410 -17.223   5.0 3.00 MW AUST
2010 12 10 2210 129.110 -14.842  10.0 3.00 MW AUST
2010 12 21 1500 127.327 -13.115  10.0 3.61 MW AUST
2011 01 08 1257 128.795 -14.771  10.0 3.00 MW AUST
2011 04 04 1203 127.984 -17.452   0.0 3.00 MW AUST
2011 04 14 0118 123.730 -18.197  20.0 3.63 MW AUST
2011 05 07 0523 123.021 -17.833  10.0 3.95 MW ISC
2011 05 09 0818 112.972 -27.250  10.0 3.56 MW AUST
2011 06 21 2003 113.481 -25.292   0.0 3.28 MW AUST
2011 07 02 0048 123.958 -18.366   0.0 3.98 MW IDC
2011 07 11 1939 116.135 -20.051  33.0 3.58 MW AUST
2011 07 14 0235 114.173 -33.165   0.0 3.53 MW AUST
2011 07 24 1316 114.557 -23.533  10.0 3.36 MW AUST
2011 08 17 1109 128.677 -16.919   0.0 3.38 MW IDC
2011 09 01 0156 123.300 -18.845  10.0 3.83 MW AUST
2011 11 23 1100 122.593 -12.527   0.0 3.21 MW IDC
2011 12 05 1910 114.777 -21.809  10.0 5.28 MW ISC
2012 02 18 0402 113.603 -24.096  10.0 3.14 MW AUST
2012 03 01 0418 120.644 -16.505  33.0 3.82 MW AUST
2012 03 16 1304 113.952 -27.009   5.0 3.21 MW AUST
2012 03 29 0505 114.224 -29.031   3.0 3.49 MW AUST
2012 05 11 1827 128.104 -10.582 116.0 4.23 MW USGS
2012 07 20 1702 113.708 -27.303   8.0 3.14 MW AUST
2012 09 10 0316 113.395 -24.438   0.0 3.07 MW AUST
2012 11 05 1931 129.045 -11.546  39.0 4.22 MW AUST
2012 12 01 1719 127.661 -16.195  10.0 3.53 MW AUST
2012 12 19 2350 112.497 -24.921   0.0 3.21 MW AUST
2012 12 28 1204 112.396 -24.344   3.0 3.77 MW AUST
2012 12 29 1743 113.024 -24.529  10.0 3.21 MW AUST
2013 01 15 0711 112.861 -25.040   0.0 3.53 MW AUST
2013 01 18 1535 118.563 -18.486   5.0 3.73 MW AUST
2013 03 20 2314 123.373 -17.630  10.0 3.28 MW AUST
2013 06 23 1248 114.766 -25.094   0.0 3.36 MW AUST
2013 08 19 1214 114.120 -23.772  10.0 3.14 MW AUST
2013 09 28 0400 129.119 -15.610   0.0 3.53 MW AUST
2013 10 04 1335 113.311 -23.878  10.0 3.14 MW AUST
2013 10 23 1952 120.234 -17.087  30.0 3.21 MW AUST
2013 11 18 1743 128.660 -16.606   0.0 3.21 MW AUST
2013 11 25 1539 124.529 -19.312  10.0 3.45 MW AUST
2013 12 06 1207 112.649 -25.349  10.0 3.36 MW AUST
2013 12 30 0907 128.700 -16.604   0.0 3.28 MW AUST
2014 01 16 2054 129.678 -15.073  10.0 3.14 MW AUST
2014 02 03 0106 114.251 -24.941  10.0 3.14 MW AUST
2014 02 06 1341 129.565 -15.058  10.0 3.45 MW AUST
2014 03 01 1414 122.304 -17.698  10.0 3.36 MW AUST
2014 03 05 1825 114.719 -21.871   0.0 3.14 MW AUST
2014 03 16 0324 124.438 -17.414  10.0 3.99 MW AUST
2014 04 21 0942 114.918 -24.753  10.0 3.00 MW AUST
2014 05 01 0817 126.419 -18.205   5.0 3.28 MW AUST
2014 06 15 0738 121.783 -15.314  10.0 3.59 MW AUST
2014 07 19 2152 117.917 -19.503  23.0 3.58 MW AUST
2014 07 29 0439 118.765 -18.315  40.0 3.86 MW AUST
2014 08 14 1708 114.219 -24.595  10.0 3.00 MW AUST
2014 08 22 0725 114.610 -23.505  10.0 3.83 MW AUST
2014 09 13 2209 113.285 -24.903  15.0 3.36 MW AUST
2014 09 29 1927 120.989 -18.972  10.0 3.28 MW AUST
2014 10 09 1545 127.132 -18.137   9.0 3.14 MW AUST
2014 10 10 0423 113.734 -27.269  10.0 3.57 MW AUST
2014 10 12 0443 113.893 -29.923  10.0 3.43 MW MEL
2014 10 22 0240 114.583 -22.501  10.0 3.07 MW AUST
2014 11 03 1337 112.773 -26.559   0.0 3.07 MW AUST
2014 11 12 0200 125.666 -18.287  18.0 3.84 MW AUST
2014 11 28 0301 112.569 -26.054  15.0 3.98 MW AUST
2014 12 05 2316 123.450 -19.017  10.0 3.14 MW AUST
2014 12 06 0609 127.388 -17.616  10.0 3.46 MW AUST
2015 01 14 1212 114.522 -23.460  10.0 3.36 MW AUST
2015 03 04 0301 119.213 -18.134 105.0 3.65 MW AUST
2015 04 02 0013 115.070 -26.926  10.0 3.28 MW AUST
2015 04 13 0225 122.621 -17.544  10.0 3.36 MW AUST
2015 04 28 1816 124.700 -18.383  10.0 3.59 MW AUST
2015 05 01 1321 129.244 -13.924  20.0 3.14 MW AUST
2015 05 11 1331 127.779 -18.152  10.0 3.00 MW AUST
2015 05 16 1450 127.875 -17.295  10.0 3.14 MW AUST
2015 05 23 2107 128.744 -16.873  10.0 3.46 MW AUST
2015 05 28 1831 123.598 -18.074  15.0 3.42 MW AUST
2015 07 06 2254 113.626 -27.700  10.0 3.21 MW SRC
2015 07 20 2218 119.875 -18.557  15.0 3.89 MW AUST
2015 10 07 2030 121.874 -17.229  14.0 4.36 MW USGS
2015 10 27 0632 126.526 -20.267  10.0 3.77 MW AUST
2015 10 27 0638 115.570 -20.507  10.0 3.58 MW AUST
2015 11 11 2012 130.546 -12.181  20.0 3.21 MW AUST
2015 11 28 1952 128.752 -16.593   6.0 3.14 MW AUST
2015 12 19 1213 113.267 -25.144  10.0 3.40 MW AUST
2016 01 01 1946 129.230 -13.891  15.0 3.36 MW AUST
2016 01 13 1225 116.789 -19.397  10.0 3.47 MW AUST
2016 03 26 1454 111.834 -24.981  15.0 3.21 MW AUST
2016 04 30 1945 123.858 -19.061  10.0 3.59 MW AUST
2016 05 03 1728 114.402 -29.520  10.0 3.14 MW AUST
2016 07 16 0319 123.960 -17.064  10.0 3.44 MW AUST
2016 08 25 0405 124.792 -19.502  10.0 3.28 MW AUST
2016 09 05 0946 123.566 -16.567   0.0 3.46 MW AUST
2016 09 11 1622 126.303 -16.798   9.0 3.14 MW AUST
2016 09 19 0705 119.611 -18.734  10.0 3.76 MW AUST
2016 11 11 0621 115.325 -24.784  15.0 3.28 MW AUST
2016 12 12 1733 113.115 -27.652  10.0 3.21 MW AUST
2017 01 21 1354 119.287 -17.733  10.0 3.45 MW AUST
2017 02 26 1741 112.877 -24.785  10.0 3.36 MW AUST
2017 03 05 0458 123.876 -15.489  10.0 3.58 MW AUST
2017 03 22 1449 125.259 -17.323  10.0 3.21 MW AUST
2017 04 26 0725 116.329 -20.293  10.0 3.28 MW AUST
