1840 03 31 0630 138.600 -34.900   7.0 2.94 MW ADE
1848 09 13 0630 138.600 -34.900   7.0 3.12 MW ADE
1848 09 14 1830 138.900 -33.700  10.0 3.49 MW ADE
1852 05 19 1030 138.517 -35.150   7.0 2.94 MW ADE
1853 09 15 1630 138.110 -32.850  11.0 4.09 MW ADE
1855 02 18 2200 138.950 -34.350   7.0 3.62 MW ADE
1856 06 24 1650 138.700 -34.650   7.0 4.02 MW ADE
1858 08 21 1245 139.000 -34.567   8.0 3.56 MW ADE
1859 11 21 1850 145.200 -40.700  10.0 4.74 MW Leiba
1862 12 14 2055 138.700 -34.067   8.0 3.89 MW ADE
1866 08 24 1245 138.867 -34.883   7.0 3.82 MW ADE
1866 12 02 2020 139.133 -33.367   8.0 3.30 MW ADE
1868 10 28 0345 138.700 -33.580   7.0 3.96 MW ADE
1871 01 11 0745 138.833 -33.783  10.0 3.69 MW ADE
1871 01 12 1155 139.000 -32.667  11.0 3.37 MW ADE
1872 01 30 1340 138.883 -34.067   9.0 4.30 MW ADE
1876 03 19 1530 139.083 -34.517   7.0 3.56 MW ADE
1877 08 21 1630 138.767 -35.017   7.0 2.94 MW ADE
1879 11 30 0030 138.550 -33.817   7.0 3.89 MW ADE
1880 01 25 1130 138.367 -33.617   9.0 3.30 MW ADE
1880 02 03 0630 146.400 -43.000  10.0 4.82 MW Leiba
1880 04 28 0930 139.250 -35.333   7.0 3.82 MW ADE
1882 03 18 1630 138.900 -35.267   7.0 3.12 MW ADE
1882 09 18 0730 138.630 -34.517   7.0 3.18 MW ADE
1883 07 07 1358 138.700 -35.100  10.0 4.23 MW ADE
1884 09 15 1341 138.833 -32.983   6.0 3.00 MW ADE
1886 06 01 0545 138.717 -35.117   7.0 3.43 MW ADE
1886 07 11 0645 138.617 -33.500  11.0 3.62 MW ADE
1886 09 28 1845 138.900 -34.250  10.0 4.09 MW KMcC
1887 01 08 1030 138.000 -32.450  10.0 4.59 MW ADE
1887 04 16 1310 139.000 -33.500  10.0 4.02 MW ADE
1887 04 16 2210 135.800 -34.300  14.0 4.97 MW ADE
1887 08 07 0410 138.450 -32.533   8.0 3.75 MW ADE
1889 02 12 0645 139.000 -34.000   0.0 4.16 MW ADE
1889 03 11 1250 137.750 -34.100   8.0 3.82 MW ADE
1890 07 23 2130 138.700 -32.850   8.0 3.89 MW ADE
1891 08 29 0916 138.367 -31.917  10.0 4.02 MW ADE
1893 08 13 0210 138.970 -34.380  10.0 3.49 MW Malpas
1894 08 07 1258 138.917 -34.167   7.0 3.30 MW ADE
1896 08 22 0256 138.917 -33.750   0.0 3.96 MW ADE
1898 01 28 0820 139.033 -34.417   8.0 3.49 MW ADE
1902 05 07 0510 138.500 -32.750   0.0 4.30 MW ADE
1902 05 13 1850 138.880 -34.150   0.0 3.43 MW ADE
1902 06 05 2235 138.350 -33.166   0.0 3.18 MW ADE
1902 09 18 2100 138.500 -33.500  10.0 4.02 MW ADE
1902 09 19 1035 138.000 -35.000  10.0 5.20 MW ADE
1903 04 07 0101 138.450 -33.100  10.0 3.69 MW ADE
1903 08 14 2110 138.500 -33.917   0.0 3.82 MW ADE
1904 09 21 1345 138.500 -31.800   0.0 3.75 MW BurkeG
1905 08 21 1835 138.800 -34.200  14.0 4.16 MW ADE
1908 04 09 1625 138.617 -33.917   0.0 4.21 MW ADE
1908 05 04 0950 145.400 -42.000  10.0 4.40 MW Leiba
1911 02 19 1340 139.083 -32.883   6.0 4.29 MW ADE
1911 10 26 1000 136.417 -33.667   0.0 4.45 MW ADE
1911 11 04 0127 145.100 -42.100  10.0 4.16 MW Leiba
1912 08 16 0405 138.433 -33.067  10.0 3.30 MW ADE
1913 12 06 2205 138.867 -33.150   7.0 3.90 MW ADE
1914 05 28 1321 138.700 -34.900   0.0 3.54 MW ADE
1914 08 06 0718 138.467 -33.133   7.0 4.07 MW ADE
1915 03 30 2255 138.200 -33.700   7.0 4.30 MW ADE
1916 10 23 1430 137.250 -35.583   6.0 4.22 MW ADE
1921 04 23 1900 138.833 -33.267   0.0 4.52 MW ADE
1922 07 13 0122 148.500 -43.200   0.0 3.45 MW ISS
1924 03 01 1155 145.000 -41.600  10.0 4.49 MW Leiba
1927 09 20 0900 148.200 -43.300  10.0 3.68 MW KMcC
1928 01 19 0120 147.800 -41.750  10.0 4.71 MW KMcC
1929 12 28 0122 147.560 -41.540  10.0 4.84 MW KMcC
1932 02 14 1527 148.650 -40.500  10.0 3.54 MW MELOBS
1932 05 20 1118 139.083 -33.600  10.0 3.68 MW ADE
1932 06 16 1530 139.050 -34.083  10.0 3.10 MW ADE
1934 08 04 1145 137.633 -33.933   7.0 3.06 MW ADE
1936 05 17 1310 138.767 -35.017   7.0 3.52 MW ADE
1939 05 01 1907 138.000 -31.400   0.0 4.67 MW ADE
1939 06 05 1220 138.500 -31.500   0.0 4.67 MW ADE
1941 06 20 2030 138.717 -35.100   7.0 3.15 MW ADE
1942 02 14 2250 136.000 -29.500   0.0 3.74 MW ADE
1959 05 21 1128 139.000 -31.400  10.0 3.96 MW ADE
1962 06 01 0419 145.510 -42.850  10.0 3.33 MW TAU
1962 07 07 0430 138.600 -31.300   0.0 3.21 MW ADE
1962 07 18 1348 138.150 -33.700   0.0 3.13 MW ADE
1962 09 06 1448 139.000 -34.500   0.0 3.37 MW ADE
1962 09 26 0550 138.330 -35.000   7.0 3.27 MW ADE
1963 01 08 2146 144.590 -41.250  10.0 2.81 MW TAU
1963 06 18 0240 138.600 -32.600   0.0 3.07 MW ADE
1963 09 02 0944 137.900 -32.350   0.0 2.94 MW ADE
1963 12 03 0459 138.420 -31.880  21.0 3.31 MW ADE
1964 01 20 1258 138.730 -31.333  21.3 2.99 MW ADE
1964 03 06 0048 138.856 -34.152  16.0 2.91 MW ADE
1964 07 12 0039 134.659 -34.102   8.6 3.40 MW ADE
1964 11 15 0337 144.720 -40.340  10.0 3.40 MW TAU
1965 01 06 0951 138.501 -33.350  13.6 2.94 MW ADE
1965 02 24 1636 138.954 -33.951  23.2 3.01 MW ADE
1965 03 01 1339 138.105 -30.347   0.0 3.33 MW ADE
1965 03 07 0156 138.669 -30.861   9.9 3.01 MW ADE
1965 06 05 2113 138.584 -33.219  17.3 3.12 MW ADE
1965 11 22 2215 134.332 -33.827   8.2 3.23 MW ADE
1965 11 25 0241 145.181 -42.169  10.0 3.03 MW TAU
1965 12 11 1943 138.098 -32.912   3.1 3.22 MW ADE
