1885 01 05 1220 114.000 -29.000 0.0 6.5 MW BMR
1929 08 16 2128 120.660 -16.990 33.0 6.6 MW BMR
1961 08 23 1801 119.000 -18.500 18.0 5.0 MW MGO
1965 05 19 0213 111.953 -25.027 4.8 4.7 MW EHB
1967 01 31 0625 120.200 -17.400 18.0 4.1 MW MGO
1967 11 12 0505 120.200 -17.800 18.0 4.1 MW MGO
1968 06 30 1921 121.400 -16.400 18.0 4.5 MW ISC
1969 06 30 1738 120.100 -18.000 7.0 4.6 MW MGO
1969 10 09 0129 117.460 -18.820 0.0 4.7 MW BMR
1971 01 14 1744 114.600 -24.730 0.0 4.6 MW BMR
1971 05 28 0416 114.100 -22.100 0.0 4.0 MW MGO
1971 07 12 2259 115.160 -24.540 0.0 4.7 MW BMR
1972 04 07 0812 120.340 -16.460 0.0 4.4 MW BMR
1974 08 16 0437 114.100 -21.000 nan 3.8 MW MGO
1974 11 07 0153 118.650 -18.160 nan 5.0 MW MGO
1975 04 18 1634 113.860 -24.400 0.0 4.3 MW MGO
1979 04 22 2106 120.420 -16.956 39.0 4.7 MW ISC
1979 04 23 0545 120.164 -16.616 31.6 6.2 MW EHB
1979 04 24 0308 119.965 -16.280 0.0 3.6 MW ISC
1979 04 25 2213 120.084 -16.877 26.8 5.1 MW EHB
1979 04 27 0826 119.875 -16.238 0.0 3.5 MW ISC
1979 10 21 2046 120.346 -16.785 42.0 3.9 MW ISC
1979 10 31 1407 114.430 -20.630 37.0 3.5 MW MGO
1980 04 09 0542 118.790 -17.220 0.0 3.0 MW BMR
1980 06 22 1620 119.250 -18.500 0.0 3.1 MW BMR
1980 08 01 2019 119.360 -17.030 37.0 3.2 MW MGO
1980 12 02 1451 120.012 -17.195 37.0 3.0 MW ISC
1981 07 16 1246 114.240 -21.030 10.0 4.2 MW MGO
1981 07 29 0452 113.880 -21.670 10.0 3.1 MW MGO
1981 08 15 1923 121.057 -15.986 33.0 3.1 MW ISC
1981 12 06 0140 114.169 -22.902 0.0 4.2 MW ISC
1981 12 14 1159 122.651 -13.902 33.0 3.0 MW ISC
1982 02 19 2026 113.900 -22.290 10.0 3.2 MW MGO
1982 03 04 2344 120.110 -16.490 37.0 3.0 MW MGO
1982 03 11 1420 120.243 -16.232 35.0 3.3 MW BMR
1982 03 27 1543 114.000 -22.470 10.0 3.7 MW MGO
1982 06 16 1513 118.470 -18.050 37.0 3.7 MW MGO
1982 07 11 0222 114.470 -22.930 10.0 3.0 MW MGO
1982 12 07 1440 120.250 -16.880 37.0 3.5 MW MGO
1983 01 13 0247 120.100 -16.400 37.0 3.5 MW MGO
1983 04 21 2118 118.970 -18.090 37.0 3.5 MW MGO
1983 07 15 1704 111.810 -25.070 10.0 3.1 MW MGO
1983 09 02 1822 113.030 -23.990 10.0 3.1 MW MGO
1983 10 24 0053 114.920 -26.940 10.0 3.3 MW MGO
1983 12 18 1510 120.309 -17.084 37.0 3.0 MW ISC
1984 03 28 1652 120.290 -16.650 37.0 3.1 MW MGO
1984 06 02 1536 113.380 -22.750 10.0 3.0 MW MGO
1984 06 30 1245 116.494 -19.937 10.0 3.8 MW ISC
1984 07 03 0155 116.380 -20.020 37.0 3.5 MW MGO
1985 01 08 1027 120.970 -16.236 33.0 3.0 MW ISC
1985 03 13 2152 121.678 -15.427 33.0 4.2 MW ISC
1985 04 24 1538 114.060 -21.730 10.0 3.1 MW MGO
1985 05 07 1004 118.880 -18.950 10.0 3.6 MW MGO
1985 06 10 1500 113.435 -22.398 33.0 3.7 MW ISC
1985 08 13 1234 117.869 -18.892 37.0 3.3 MW ISC
1985 08 18 0109 113.960 -22.960 10.0 3.4 MW MGO
1985 11 13 1748 120.515 -16.552 33.0 3.1 MW ISC
1985 11 15 0835 113.530 -23.740 10.0 3.5 MW MGO
1986 01 14 0038 113.440 -23.870 5.0 3.7 MW MGO
1986 01 14 0541 113.600 -23.870 5.0 3.1 MW MGO
1986 02 06 1144 119.120 -18.250 5.0 3.1 MW MGO
1986 05 31 2038 117.949 -18.846 10.0 3.5 MW ISC
1986 09 13 0237 120.950 -15.810 5.0 3.3 MW MGO
1986 10 16 2136 114.590 -22.610 5.0 3.8 MW MGO
1986 11 05 0757 118.850 -18.470 5.0 3.4 MW MGO
1986 12 04 1347 115.830 -20.250 5.0 3.5 MW MGO
1987 06 21 1615 118.990 -18.170 5.0 3.3 MW MGO
1987 07 19 0303 113.060 -27.220 5.0 4.2 MW MGO
1987 09 18 0041 119.220 -16.760 5.0 3.1 MW MGO
1987 09 24 2046 115.650 -19.670 5.0 3.4 MW MGO
1987 10 16 1119 112.560 -25.760 5.0 3.7 MW MGO
1987 10 25 2242 119.220 -18.170 5.0 3.0 MW MGO
1987 11 06 1336 122.966 -13.388 10.0 3.4 MW ISC
1987 12 25 1936 120.652 -16.326 10.0 3.6 MW ISC
1987 12 27 0807 114.380 -23.760 5.0 3.2 MW MGO
1988 05 29 0606 122.435 -13.864 10.0 3.7 MW ISC
1988 10 24 1759 115.830 -20.260 5.0 3.2 MW MGO
1988 12 29 1140 117.890 -18.680 5.0 3.0 MW MGO
1989 02 17 1151 117.550 -19.340 5.0 3.1 MW MGO
1989 02 17 1416 121.148 -14.933 5.0 3.6 MW ISC
1989 03 21 1800 114.580 -23.240 10.0 3.3 MW MGO
1989 03 27 1225 111.730 -25.580 5.0 3.0 MW MGO
1989 07 20 0929 114.888 -33.967 5.0 3.0 MW MGO
1990 02 18 2247 117.982 -18.183 5.0 4.2 MW ISC
1990 03 30 1131 113.385 -24.022 5.0 3.3 MW MGO
1990 04 15 0620 114.057 -22.327 5.0 3.0 MW MGO
1990 08 28 1004 112.751 -22.864 5.2 3.3 MW MGO
1990 10 15 1949 113.924 -22.505 5.0 3.0 MW ISC
1991 03 17 0938 114.010 -28.092 5.0 3.1 MW MGO
1992 06 25 1959 113.135 -23.552 5.0 3.0 MW MGO
1992 10 21 2142 121.912 -15.252 5.0 3.0 MW ISC
1992 10 27 1715 119.110 -18.193 33.0 3.5 MW ISC
1992 11 09 0536 119.275 -18.202 5.0 3.2 MW MGO
1993 02 08 2028 120.943 -16.303 5.0 3.0 MW MGO
1993 03 11 2216 114.606 -21.552 5.0 3.3 MW MGO
1993 04 15 0005 121.138 -15.724 10.0 3.1 MW ISC
1993 05 14 2014 113.472 -22.978 5.0 3.7 MW MGO
1995 05 19 1942 121.139 -16.164 5.0 3.1 MW MGO
1995 06 12 1714 122.082 -12.906 0.0 3.5 MW ISC
1995 06 25 2023 121.439 -16.066 5.0 3.1 MW ISC
1995 10 29 0655 113.531 -24.063 5.0 3.2 MW MGO
1995 12 10 1251 123.248 -14.281 5.0 3.1 MW ISC
1995 12 27 0505 120.444 -16.492 5.0 4.0 MW MGO
1996 02 05 0607 120.150 -16.980 5.0 3.8 MW MGO
1996 03 17 2239 114.302 -21.820 5.0 3.2 MW MGO
1996 03 17 2347 114.278 -21.839 5.0 3.2 MW MGO
1996 03 30 0724 120.156 -16.683 5.0 3.0 MW MGO
1996 04 06 0846 119.397 -17.902 5.0 3.0 MW MGO
1996 07 22 0006 120.459 -17.163 5.0 3.2 MW MGO
1996 09 06 2024 115.047 -27.240 5.0 3.3 MW MGO
1996 10 18 0528 114.588 -32.761 5.0 3.8 MW MGO
1996 11 20 0555 113.280 -21.970 0.0 3.1 MW EIDC
1997 02 20 1445 120.863 -15.951 5.0 3.3 MW MGO
1997 03 18 2324 119.532 -19.209 33.0 3.1 MW ISC
1997 05 21 1158 122.072 -14.902 5.0 3.0 MW MGO
1997 07 08 2134 114.330 -28.465 5.0 3.9 MW MGO
1997 08 30 1855 118.691 -18.295 5.0 3.1 MW MGO
1997 09 12 1822 114.960 -21.106 37.0 3.4 MW MGO
1997 10 10 1717 116.786 -19.381 5.0 3.0 MW MGO
1997 11 20 0144 118.855 -18.385 5.0 3.1 MW MGO
1997 12 14 1836 112.980 -23.943 84.0 3.1 MW MGO
1998 03 12 1240 113.308 -23.750 5.0 3.0 MW MGO
1998 05 25 0503 123.827 -13.827 0.0 3.1 MW EIDC
1998 11 12 1919 121.857 -12.967 26.1 4.2 MW EHB
1998 11 17 1901 121.898 -13.109 5.0 3.3 MW ISC
1999 04 18 2143 122.766 -13.679 5.0 3.0 MW MGO
1999 06 25 0036 113.910 -22.850 5.0 3.7 MW MGO
1999 10 29 0615 113.780 -22.170 18.0 3.0 MW MGO
2000 01 20 1501 114.050 -24.130 5.0 3.2 MW MGO
2000 02 08 1337 122.277 -13.529 33.0 3.8 MW ISC
2000 02 21 0406 120.160 -16.930 5.0 3.5 MW MGO
2000 04 01 1329 111.629 -25.186 0.0 4.0 MW AGSO
2000 05 14 1239 112.960 -23.282 10.0 4.4 MW ISC
2000 07 25 0333 113.630 -24.190 5.0 3.5 MW AUST
2000 09 24 0907 114.791 -22.090 10.0 3.1 MW ISC
2000 10 02 1133 113.143 -22.696 13.0 3.3 MW AUST
2001 04 30 2338 113.070 -24.500 18.0 3.2 MW AGSO
2001 09 11 0356 114.989 -24.818 2.0 3.1 MW AUST
2001 10 06 1631 120.046 -17.656 0.0 3.3 MW AUST
2001 12 01 2209 122.592 -12.967 23.0 3.2 MW AUST
2001 12 28 0132 118.600 -19.000 nan 3.3 MW AUST
2002 04 05 1910 112.388 -25.181 10.0 3.8 MW ISC
2002 04 09 2219 120.116 -16.062 0.0 3.3 MW AUST
2002 05 02 0405 119.599 -17.742 2.0 3.2 MW AUST
2002 08 16 2225 114.461 -22.814 10.0 3.6 MW ISC
2002 10 08 1554 115.498 -25.263 5.0 4.2 MW AUST
2003 04 08 0313 121.917 -14.642 33.0 3.3 MW AUST
2003 04 10 0041 114.333 -29.330 10.0 3.1 MW AUST
2003 10 19 0842 112.143 -24.983 116.0 3.2 MW AUST
2004 05 10 1839 113.004 -24.516 20.0 3.2 MW AUST
2004 05 12 1125 116.924 -19.780 36.0 3.1 MW AUST
2005 02 23 1935 122.064 -14.632 0.8 3.6 MW AUST
2005 03 07 1452 112.565 -24.309 10.0 3.1 MW AUST
2005 03 08 0454 122.168 -14.663 0.0 3.3 MW AUST
2005 12 20 1949 114.102 -29.400 10.0 3.5 MW AUST
2005 12 26 2040 122.673 -13.869 35.0 4.3 MW USGS
2005 12 27 0932 112.757 -24.860 0.0 3.3 MW AUST
2007 02 15 1538 113.383 -25.918 10.0 5.2 MW ISC
2007 10 25 0128 114.667 -23.774 19.0 3.3 MW AUST
2007 11 07 1910 114.933 -23.833 0.0 4.1 MW AUST
2008 05 28 0935 118.920 -18.430 5.0 3.3 MW AUST
2008 07 29 1109 122.110 -14.550 0.0 4.2 MW AUST
2008 08 02 0518 122.166 -14.656 2.6 3.8 MW AUST
2009 03 06 0135 121.252 -16.314 0.0 4.8 MW AUST
2009 06 06 1826 113.267 -28.278 0.0 3.2 MW AUST
2010 06 08 2007 113.534 -21.935 34.0 3.6 MW AUST
2010 07 16 1635 119.068 -18.000 0.4 3.5 MW AUST
