1941 06 27 0755 137.340 -25.950 0.0 6.5 Ms BMR
1963 03 14 0157 137.500 -25.700 10.0 4.9 mb USCGS
1968 06 25 0853 137.474 -25.974 33.0 4.8 mb USCGS
1971 11 05 1611 139.778 -30.314 7.2 3.7 ML ADE
1972 08 28 0218 136.326 -24.992 13.4 5.6 mb EHB
1972 08 28 0235 136.750 -24.720 9.0 3.6 ML ADE
1973 01 26 0441 138.350 -25.510 0.0 4.1 ML BMR
1976 11 19 1937 137.547 -25.838 8.1 3.7 ML ADE
1977 04 08 1657 137.460 -25.925 13.7 3.6 ML ADE
1978 11 25 1321 137.460 -25.880 0.0 4.7 ML BMR
1980 02 09 1433 138.828 -28.822 17.7 3.2 ML ADE
1981 09 04 1227 136.628 -25.178 15.1 3.2 ML ADE
1983 05 17 1011 136.313 -27.886 31.3 3.4 ML ADE
1983 05 18 0036 137.630 -25.741 10.0 4.2 ML MEL
1983 11 21 0304 138.099 -25.749 0.0 3.6 ML BMR
1983 11 28 1346 136.375 -24.989 20.0 3.9 ML BMR
1984 01 11 1048 138.715 -26.758 30.3 3.5 ML ADE
1984 10 14 0047 137.492 -26.787 10.4 3.2 ML ADE
1985 08 06 1843 137.200 -24.800 nan 3.2 ML BMR
1986 05 02 2224 137.543 -25.957 5.0 4.0 ML AUST
1986 11 07 2153 139.860 -24.796 17.5 3.2 ML ADE
1987 05 12 0900 135.632 -27.296 11.1 3.0 ML ADE
1989 07 26 2349 139.711 -29.376 23.3 3.1 ML ADE
1990 02 08 0823 137.342 -27.891 9.0 4.5 ML ADE
1990 02 14 1350 137.633 -26.313 13.5 3.1 ML ADE
1990 03 03 0631 138.177 -25.859 8.4 3.0 ML ADE
1990 09 27 1241 137.510 -25.910 10.0 3.8 ML ISC
1992 11 06 0637 136.387 -24.904 20.0 3.0 ML AUST
1994 11 04 2200 135.440 -28.316 12.5 3.0 ML ADE
1995 05 29 2033 136.600 -24.800 5.0 3.2 ML AGSO
1995 07 03 2316 135.072 -27.601 10.0 3.1 ML ADE
1997 02 05 0015 139.241 -28.710 11.5 3.9 ML ADE
1998 08 17 0457 135.246 -28.994 8.3 3.5 ML ADE
1999 03 01 0128 137.590 -25.800 0.0 3.5 ML AGSO
1999 03 06 2354 139.137 -28.565 6.9 4.0 ML ADE
2001 03 29 1853 135.364 -27.071 20.6 3.2 ML ADE
2001 04 12 1822 137.370 -25.673 10.0 3.4 ML USGS
2001 04 12 2237 137.692 -25.843 10.0 3.5 ML USGS
2001 10 07 1354 139.767 -24.934 0.0 3.0 ML AUST
2002 02 11 2133 136.300 -29.264 8.1 3.3 ML ADE
2002 04 13 0037 137.714 -26.480 12.0 3.0 ML AUST
2003 01 15 0203 137.306 -25.947 10.0 3.2 ML ADE
2003 05 03 2237 138.140 -28.062 3.1 3.0 ML ADE
2003 05 11 0305 135.095 -27.857 2.4 3.8 ML ADE
2005 03 04 0038 139.712 -30.788 7.3 3.1 ML ADE
2005 06 30 0525 135.741 -29.070 6.2 3.0 ML ADE
2006 04 24 1245 137.742 -25.734 0.0 3.2 mb IDC
2006 05 02 0247 137.341 -25.877 10.0 3.6 mb ISC
2008 03 17 0656 137.427 -25.975 10.0 3.7 ML AUST
2009 01 14 2257 133.172 -29.228 12.5 3.0 ML ADE
2009 09 20 2058 136.101 -27.550 17.4 3.3 ML ADE
2009 11 17 1227 136.415 -27.935 33.0 3.1 ML ADE
2010 02 03 0502 138.098 -28.157 7.6 4.0 ML ADE
2010 05 29 2135 136.950 -30.080 0.0 3.1 ML IDC
2010 06 10 1749 138.260 -27.990 0.0 3.3 ML IDC
2010 10 27 0825 135.708 -25.995 0.0 3.6 ML IDC
2011 08 29 1954 137.470 -25.954 10.0 3.3 ML ADE
2011 08 30 0242 137.405 -25.967 20.0 3.4 ML ADE
2011 09 09 2224 136.522 -26.987 31.3 3.7 ML ADE
2011 11 26 1530 138.567 -25.631 10.0 3.8 ML AUST
2011 11 26 2059 138.351 -26.012 28.2 3.5 ML ADE
2012 02 22 1411 137.819 -26.956 37.0 3.3 ML ADE
2012 04 08 1845 139.939 -28.822 22.1 3.2 ML ADE
2012 06 29 1228 136.882 -23.931 10.0 3.2 ML AUST
2012 08 19 1627 135.472 -27.528 7.7 3.6 ML ADE
2012 10 08 1028 137.065 -25.474 33.1 3.0 ML ADE
2012 11 13 0747 139.784 -28.308 10.0 3.0 ML ADE
2013 05 01 1941 136.747 -30.357 0.0 3.5 ML ADE
2013 11 30 0549 139.480 -28.545 21.5 3.9 ML ADE
2014 06 07 0554 135.116 -27.225 27.4 3.1 ML ADE
2014 09 01 1418 139.617 -26.190 23.1 3.5 ML ADE
2015 08 16 0013 133.254 -29.278 17.3 3.2 ML ADE
2015 12 25 0712 138.109 -25.613 32.1 3.3 ML ADE
2016 05 01 1525 137.160 -29.681 10.0 3.1 ML AUST
2016 07 01 0314 139.316 -25.364 10.0 3.1 ML AUST
