1928 12 07 0914 133.840 -4.133 15.0 6.62 MW 
1934 02 02 1505 134.297 -4.259 15.0 6.35 MW 
1936 02 15 1246 133.318 -4.375 15.0 7.14 MW 
1942 01 27 1329 135.102 -4.138 17.5 7.06 MW 
1947 10 05 1840 134.512 -4.308 25.0 6.40 MW 
1959 04 12 1522 133.987 -4.480 25.0 6.27 MW 
1969 03 09 1348 135.504 -4.193 20.0 6.30 MW bibliog
1973 04 17 1234 134.221 -4.211 25.0 6.30 MW bibliog
1976 11 18 0543 135.059 -4.210 15.0 6.48 MW gcmt
1991 10 17 0520 135.416 -4.399 20.6 5.92 MW gcmt
1995 03 19 2353 135.043 -4.220 26.6 6.84 MW gcmt
1999 06 22 0047 133.907 -4.419 10.0 5.67 MW gcmt
2004 02 07 0242 134.985 -4.129 15.0 7.27 MW gcmt
