1920 02 08 0524 111.000 -35.000 10.0 6.05 MW G&R
1967 04 04 0558 114.000 -38.200 18.0 5.39 MW MGO
1969 02 27 2233 121.600 -12.200 33.0 4.70 MW ISC
1970 02 16 2120 111.650 -20.070 0.0 5.43 MW BMR
1973 06 18 1934 110.200 -33.500 10.0 5.31 MW MGO
1973 12 04 1153 126.000 -37.000 10.0 4.71 MW MGO
1974 12 24 0225 153.190 -22.110 63.0 4.49 MW BRS
1974 12 24 0225 153.190 -22.110 63.0 4.49 MW BRS
1975 10 10 0047 149.800 -12.700 33.0 3.98 MW ISC
1975 10 10 0047 149.800 -12.700 33.0 3.98 MW ISC
1976 03 31 2126 113.500 -38.220 0.0 4.70 MW MGO
1979 01 24 1831 112.560 -38.050 10.0 4.40 MW MGO
1980 12 08 0012 114.110 -32.120 37.0 4.65 MW MGO
1981 02 23 0437 122.142 -12.197 33.0 3.87 MW ISC
1981 07 13 1651 122.300 -36.150 10.0 3.58 MW MGO
1981 08 02 1403 119.974 -12.690 33.0 3.32 MW ISC
1981 08 10 1542 119.834 -12.916 37.0 3.90 MW ISC
1981 12 01 1836 122.190 -12.483 33.0 4.28 MW ISC
1982 09 24 1311 146.562 -45.100 10.3 3.63 MW MEL
1983 03 19 0506 112.040 -38.000 10.0 3.74 MW MGO
1984 07 15 1120 113.250 -18.610 10.0 3.03 MW MGO
1984 08 06 1732 123.700 -36.700 37.0 3.62 MW MGO
1986 01 02 2133 112.097 -34.484 11.8 4.59 MW EHB
1986 01 15 2211 114.990 -34.510 5.0 3.59 MW MGO
1986 02 18 0257 119.142 -39.183 10.0 5.11 MW USGS
1986 03 16 2141 121.931 -12.205 33.0 4.70 MW ISC
1986 09 21 0439 112.200 -38.100 5.0 3.51 MW MGO
1987 09 28 1500 121.189 -13.252 33.0 3.73 MW ISC
1989 04 07 1845 122.180 -12.525 33.0 4.70 MW ISC
1990 06 25 1216 121.416 -12.530 33.0 3.87 MW ISC
1992 07 01 0435 111.856 -19.030 5.0 4.23 MW ISC
1992 07 12 2142 114.089 -32.789 5.0 3.51 MW MGO
1992 10 16 0704 116.531 -37.576 5.0 3.74 MW MGO
1992 10 23 2237 120.496 -13.783 33.0 4.49 MW ISC
1995 04 29 0712 125.356 -36.383 5.0 3.98 MW MGO
1995 06 12 1524 121.719 -12.111 0.0 4.31 MW ISC
1995 10 27 0420 129.276 -34.631 20.0 3.74 MW ADE
1996 09 19 1144 121.382 -12.515 33.0 3.73 MW ISC
1996 10 18 0528 114.588 -32.761 5.0 4.06 MW MGO
1997 03 03 1953 134.702 -37.350 13.4 3.51 MW ADE
1998 06 30 0258 152.650 -21.253 3.0 3.90 MW AGSO
1998 06 30 0258 152.650 -21.253 3.0 3.90 MW AGSO
1999 01 23 0441 111.212 -19.595 5.0 3.98 MW MGO
1999 10 17 1328 121.350 -13.900 5.0 3.21 MW MGO
1999 12 27 0050 121.490 -12.850 5.0 3.21 MW MGO
2001 01 14 2305 122.102 -38.076 10.0 3.59 MW AGSO
2001 01 15 0055 122.368 -37.243 10.0 3.66 MW ISC
2001 07 23 0555 111.414 -19.627 10.0 3.43 MW AGSO
2002 04 30 1517 114.013 -32.993 10.0 3.51 MW AUST
2005 12 20 1949 114.102 -29.400 10.0 3.82 MW AUST
2006 09 29 1249 145.238 -44.793 17.0 4.47 MW ISC
2007 08 28 1533 115.942 -35.429 18.0 4.49 MW AUST
2008 11 21 0426 113.000 -15.210 0.0 3.98 MW AUST
2009 07 26 1644 121.283 -12.023 35.0 3.73 MW ISC
2011 07 14 0235 114.173 -33.165 0.0 3.53 MW AUST
2011 09 07 2228 136.132 -36.602 14.9 3.56 MW ADE
2011 10 13 1216 119.799 -12.017 35.0 4.56 MW ISC
2012 02 04 0841 133.119 -34.889 15.2 3.60 MW ADE
2013 05 02 1727 120.696 -36.748 10.0 3.53 MW AUST
2014 01 02 0021 124.339 -36.613 20.0 3.87 MW AUST
2015 05 22 0010 110.996 -32.818 10.0 4.06 MW SRC
2016 07 31 1345 112.121 -19.124 10.0 4.15 MW AUST
