1840 03 31 0630 138.600 -34.900 7.0 2.7 MP ADE
1853 09 15 1630 138.110 -32.850 11.0 4.5 MP ADE
1848 09 14 1830 138.900 -33.700 10.0 3.6 MP ADE
1848 09 13 0630 138.600 -34.900 7.0 3.0 MP ADE
1887 01 08 1030 138.000 -32.450 10.0 5.2 MP ADE
1872 01 30 1340 138.883 -34.067 9.0 4.8 MP ADE
1856 06 24 1650 138.700 -34.650 7.0 4.4 MP ADE
1883 07 07 1358 138.700 -35.100 10.0 4.7 MP ADE
1862 12 14 2055 138.700 -34.067 8.0 4.2 MP ADE
1855 02 18 2200 138.950 -34.350 7.0 3.8 MP ADE
1921 04 23 1900 138.833 -33.267 0.0 5.1 MP ADE
1866 08 24 1245 138.867 -34.883 7.0 4.1 MP ADE
1886 09 28 1845 138.900 -34.250 10.0 4.5 MP KMcC
1852 05 19 1030 138.517 -35.150 7.0 2.7 MP ADE
1858 08 21 1245 139.000 -34.567 8.0 3.7 MP ADE
1855 02 23 1900 138.950 -34.350 7.0 3.1 MP ADE
1868 10 28 0345 138.700 -33.580 7.0 4.3 MP ADE
1889 02 12 0645 139.000 -34.000 0.0 4.6 MP ADE
1872 06 08 0940 138.950 -33.950 7.0 4.1 MP ADE
1902 05 07 0510 138.500 -32.750 0.0 4.8 MP ADE
1879 11 30 0030 138.550 -33.817 7.0 4.2 MP ADE
1858 08 21 1745 139.000 -34.567 8.0 3.2 MP ADE
1858 08 22 0930 139.000 -34.567 8.0 3.2 MP ADE
1902 09 20 0937 138.000 -35.000 10.0 4.8 MP AUST
1868 10 28 1944 138.700 -33.580 7.0 3.5 MP ADE
1883 07 07 1338 138.700 -35.100 14.0 4.2 MP ADE
1871 01 11 0745 138.833 -33.783 10.0 3.9 MP ADE
1905 08 21 1835 138.800 -34.200 14.0 4.6 MP ADE
1871 01 12 1155 139.000 -32.667 11.0 3.4 MP ADE
1908 04 09 1625 138.617 -33.917 0.0 4.7 MP ADE
1866 12 02 2020 139.133 -33.367 8.0 3.3 MP ADE
1858 08 23 1430 139.000 -34.567 8.0 2.7 MP ADE
1911 02 19 1340 139.083 -32.883 6.0 4.8 MP ADE
1887 04 16 1310 139.000 -33.500 10.0 4.4 MP ADE
1876 03 19 1530 139.083 -34.517 7.0 3.7 MP ADE
1887 08 07 0410 138.450 -32.533 8.0 4.0 MP ADE
1876 03 22 1315 139.083 -34.517 7.0 3.5 MP ADE
1889 03 11 1250 137.750 -34.100 8.0 4.1 MP ADE
1890 07 23 2130 138.700 -32.850 8.0 4.2 MP ADE
1891 08 29 0916 138.367 -31.917 10.0 4.4 MP ADE
1868 11 01 0740 138.700 -33.580 7.0 2.7 MP ADE
1886 06 01 0545 138.717 -35.117 7.0 3.5 MP ADE
1896 08 22 0256 138.917 -33.750 0.0 4.3 MP ADE
1896 08 22 0630 138.917 -33.750 0.0 4.0 MP ADE
1876 03 22 0930 139.083 -34.517 7.0 3.1 MP ADE
1886 07 11 0645 138.617 -33.500 11.0 3.8 MP ADE
1896 08 23 1130 138.917 -33.750 0.0 4.2 MP ADE
1902 09 18 2100 138.500 -33.500 10.0 4.4 MP ADE
1880 01 25 1130 138.367 -33.617 9.0 3.3 MP ADE
1882 09 18 0730 138.630 -34.517 7.0 3.1 MP ADE
1902 09 20 0925 138.000 -35.000 10.0 4.4 MP AUST
1883 07 07 1343 138.700 -35.100 14.0 3.1 MP ADE
1877 08 21 1630 138.767 -35.017 7.0 2.7 MP ADE
1903 08 14 2110 138.500 -33.917 0.0 4.1 MP ADE
1904 09 21 1345 138.500 -31.800 0.0 4.0 ML BurkeG
1884 09 15 1341 138.833 -32.983 6.0 2.8 MP ADE
1893 08 13 0210 138.970 -34.380 10.0 3.6 MP Malpas
1914 08 06 0718 138.467 -33.133 7.0 4.2 MP ADE
1898 01 28 0820 139.033 -34.417 8.0 3.6 MP ADE
1915 03 30 2255 138.200 -33.700 7.0 4.4 MP ADE
1902 05 13 1850 138.880 -34.150 0.0 3.5 MP ADE
1939 05 01 1907 138.000 -31.400 0.0 4.2 Ms ADE
1939 06 05 1220 138.500 -31.500 0.0 4.2 Ms ADE
1894 08 07 1258 138.917 -34.167 7.0 3.3 MP ADE
1902 09 21 0410 138.500 -33.500 0.0 3.9 MP ADE
1903 04 07 0101 138.450 -33.100 10.0 3.9 MP ADE
1902 06 05 2235 138.350 -33.166 0.0 3.1 MP ADE
1912 08 16 0405 138.433 -33.067 10.0 3.6 MP ADE
1913 12 06 2205 138.867 -33.150 7.0 3.9 MP ADE
1914 05 28 1321 138.700 -34.900 0.0 3.9 MP ADE
1932 05 20 1118 139.083 -33.600 10.0 3.6 MP ADE
1936 05 17 1310 138.767 -35.017 7.0 3.9 MP ADE
1941 06 20 2030 138.717 -35.100 7.0 3.4 MP ADE
1932 06 16 1530 139.050 -34.083 10.0 2.8 MP ADE
1954 03 02 2015 138.564 -35.033 4.0 3.2 ML ADE
1935 05 21 0425 138.883 -34.667 7.0 2.7 MP ADE
1962 09 06 1448 139.000 -34.500 0.0 3.3 ML ADE
1962 07 18 1348 138.150 -33.700 0.0 2.9 ML ADE
1963 12 03 0459 138.420 -31.880 21.0 3.3 ML ADE
1964 01 20 1258 138.730 -31.333 21.3 3.1 ML ADE
1959 03 02 1222 138.730 -34.980 4.0 2.6 MP ADE
1963 06 18 0240 138.600 -32.600 0.0 2.9 ML ADE
1963 09 02 0944 137.900 -32.350 0.0 2.8 ML ADE
1963 04 08 0903 138.100 -32.400 0.0 2.5 ML ADE
1965 04 06 1005 138.370 -30.636 15.2 2.9 ML ADE
1964 03 06 0048 138.856 -34.152 16.0 2.6 ML ADE
1965 06 05 2113 138.584 -33.219 17.3 2.9 ML ADE
1965 01 06 0951 138.501 -33.350 13.6 2.6 ML ADE
1966 07 15 2348 137.808 -35.552 11.8 2.8 ML ADE
1965 02 24 1636 138.954 -33.951 23.2 2.7 ML ADE
1967 06 13 1755 139.100 -33.680 10.2 2.8 ML ADE
1967 08 16 2141 138.188 -32.794 0.0 2.8 ML ADE
1968 04 10 1825 138.813 -32.531 0.0 2.9 ML ADE
1968 04 15 0859 138.662 -32.480 21.9 2.8 ML ADE
1965 12 11 0926 138.300 -30.430 1.0 2.6 ML ADE
1966 11 19 1819 138.178 -32.711 21.7 2.6 ML ADE
1968 12 12 1232 137.874 -31.639 0.0 2.8 ML ADE
1967 03 02 0813 138.110 -32.702 18.2 2.7 ML ADE
1969 01 19 1809 138.492 -33.051 7.5 2.8 ML ADE
1969 05 17 1159 138.088 -32.332 0.0 2.8 ML ADE
1968 02 28 1501 139.657 -32.063 12.3 2.7 ML ADE
1969 07 03 2140 138.556 -30.900 0.0 2.8 ML ADE
1969 10 09 0709 139.788 -31.865 23.5 2.8 ML ADE
1968 04 25 2340 138.814 -33.422 3.3 2.6 ML ADE
1968 04 29 0508 138.998 -32.817 21.3 2.7 ML ADE
1970 04 28 1144 138.601 -31.090 7.7 2.9 ML ADE
1968 04 29 0522 138.958 -32.770 22.9 2.7 ML ADE
1970 06 06 0440 138.510 -32.116 2.2 2.8 ML ADE
1968 05 05 0937 139.480 -31.699 12.5 2.7 ML ADE
1968 08 08 1232 138.234 -33.197 3.1 2.6 ML ADE
1970 10 05 1415 138.129 -33.287 3.2 2.8 ML ADE
1968 12 30 1641 139.605 -31.950 0.7 2.6 ML ADE
1971 07 03 0859 138.382 -35.353 9.8 2.8 ML ADE
1971 10 21 1728 139.499 -31.716 1.5 2.8 ML ADE
1969 08 10 1010 138.489 -32.517 0.0 2.5 ML ADE
1969 09 04 2102 138.199 -32.721 8.8 2.6 ML ADE
1972 05 06 1211 139.549 -31.824 8.1 2.8 ML ADE
1972 06 07 0249 139.488 -31.821 5.6 2.8 ML ADE
1969 09 26 2151 138.190 -32.792 32.0 2.6 ML ADE
1972 10 11 2237 138.185 -33.198 6.1 2.9 ML ADE
1972 11 09 1223 138.276 -32.334 27.0 2.8 ML ADE
1969 11 04 1634 139.741 -31.908 3.1 2.5 ML ADE
1969 11 07 1733 139.198 -34.496 0.0 2.5 ML ADE
1972 11 10 1400 139.054 -32.283 7.7 2.9 ML ADE
1969 11 28 0337 139.353 -31.720 0.0 2.5 ML ADE
1973 02 04 1303 138.634 -33.462 3.8 2.9 ML ADE
1969 11 30 0902 139.347 -32.765 2.3 2.5 ML ADE
1970 03 26 0429 138.298 -33.415 8.9 2.6 ML ADE
1970 04 21 1643 139.088 -33.788 7.2 2.5 ML ADE
1973 06 30 1158 138.022 -29.811 1.7 2.9 ML ADE
1970 07 10 0334 139.345 -31.760 1.3 2.6 ML ADE
1970 07 11 0320 138.798 -33.678 4.0 2.5 ML ADE
1974 03 24 1359 138.850 -34.459 12.8 2.8 ML ADE
1970 07 21 1931 138.618 -30.896 5.9 2.5 ML ADE
1970 10 09 2231 138.368 -32.689 0.0 2.6 ML ADE
1970 10 13 1249 138.576 -30.709 4.5 2.5 ML ADE
1970 11 10 1047 139.197 -33.410 7.1 2.5 ML ADE
1970 11 12 0157 138.686 -31.683 0.0 2.6 ML ADE
1970 11 19 1112 138.606 -31.146 0.0 2.5 ML ADE
1970 12 09 0936 138.736 -33.730 0.0 2.6 ML ADE
1971 01 04 1731 139.138 -34.231 8.3 2.6 ML ADE
1971 03 08 0106 138.148 -33.468 4.0 2.5 ML ADE
1971 03 10 1215 138.075 -32.135 5.0 2.5 ML ADE
1971 10 05 0701 139.617 -31.794 8.8 2.6 ML ADE
1971 10 25 0435 138.696 -31.756 0.9 2.7 ML ADE
1971 11 19 2038 137.966 -32.514 7.0 2.7 ML ADE
1971 12 29 0146 138.816 -31.607 4.7 2.6 ML ADE
1972 04 02 1716 138.597 -31.107 8.6 2.6 ML ADE
1972 04 07 0856 138.813 -32.010 3.5 2.5 ML ADE
1972 04 19 0438 138.627 -31.618 7.2 2.5 ML ADE
1972 12 25 1347 138.255 -32.399 23.3 2.7 ML ADE
1973 01 14 1224 139.092 -32.292 7.5 2.5 ML ADE
1973 01 29 1001 138.794 -30.874 12.3 2.7 ML ADE
1973 02 20 2236 138.961 -32.938 7.2 2.5 ML ADE
1973 04 13 1411 138.425 -31.644 13.6 2.5 ML ADE
1973 04 13 2329 138.383 -31.386 11.1 2.5 ML ADE
1973 06 23 1513 138.718 -33.177 14.0 2.6 ML ADE
1973 07 30 0956 138.433 -30.471 28.3 2.5 ML ADE
1973 08 09 0328 138.469 -33.448 0.0 2.5 ML ADE
1973 09 13 1929 138.343 -30.404 3.9 2.5 ML ADE
1973 09 15 1951 137.720 -29.559 3.5 2.6 ML ADE
1973 10 16 1218 138.388 -33.335 9.3 2.5 ML ADE
1973 10 18 0145 139.492 -33.917 13.9 2.6 ML ADE
1973 11 21 2210 138.464 -31.009 22.1 2.7 ML ADE
1973 12 16 0851 139.239 -32.110 6.5 2.6 ML ADE
1974 01 14 0440 138.256 -32.833 20.0 2.6 ML ADE
1974 08 17 0650 138.646 -33.165 11.5 2.5 ML ADE
1974 12 25 0136 138.359 -32.477 15.9 2.5 ML ADE
1975 03 16 2253 138.944 -32.133 8.0 2.5 ML ADE
1975 05 31 0419 139.026 -31.233 13.5 2.7 ML ADE
1975 08 11 2323 139.524 -33.694 7.0 2.5 ML ADE
1976 01 29 0950 138.680 -30.700 10.0 2.7 ML ADE
1976 02 28 0652 137.102 -29.554 0.0 2.7 ML ADE
1976 05 01 2201 137.654 -29.432 11.2 2.5 ML ADE
1976 05 30 1714 138.732 -31.402 13.6 2.7 ML ADE
1976 10 27 0555 138.478 -33.193 8.6 2.7 ML ADE
1976 12 13 1655 138.103 -32.211 10.3 2.6 ML ADE
1976 12 20 2041 138.497 -31.084 14.3 2.7 ML ADE
1976 12 21 0446 138.281 -32.844 11.8 2.5 ML ADE
1977 02 22 0058 138.861 -32.222 18.3 2.5 ML ADE
1977 03 04 1821 138.206 -32.846 13.0 2.7 ML ADE
1977 04 25 2021 137.568 -34.949 10.9 2.7 ML ADE
1977 05 16 1823 138.759 -32.124 9.3 2.5 ML ADE
1977 06 09 1817 139.256 -32.322 4.0 2.6 ML ADE
1977 09 17 1334 138.867 -34.462 2.3 2.7 ML ADE
1977 11 18 1630 138.391 -33.090 13.4 2.6 ML ADE
1978 02 11 0213 138.216 -33.257 10.5 2.5 ML ADE
1978 03 06 0613 138.188 -32.864 9.4 2.5 ML ADE
1978 04 02 0144 138.391 -31.553 13.9 2.7 ML ADE
1978 04 26 0916 138.254 -30.694 7.7 2.7 ML ADE
1978 05 09 1852 138.432 -31.951 13.6 2.5 ML ADE
1978 05 30 1345 138.248 -33.273 4.0 2.5 ML ADE
1978 06 20 1940 138.613 -31.683 24.3 2.5 ML ADE
1978 09 15 0109 139.019 -31.455 14.1 2.7 ML ADE
1978 10 15 0716 138.289 -32.931 17.8 2.5 ML ADE
1979 01 10 1501 138.512 -33.093 10.8 2.6 ML ADE
1979 04 06 0128 138.294 -32.334 8.0 2.5 ML ADE
1979 06 10 2225 138.774 -34.294 19.5 2.7 ML ADE
1979 06 22 1621 137.143 -29.231 1.5 2.6 ML ADE
1979 07 14 2111 139.426 -33.057 5.5 2.5 ML ADE
1979 07 19 0324 139.249 -31.512 5.9 2.7 ML ADE
1979 09 01 0142 138.158 -35.678 16.4 2.5 ML ADE
1979 09 22 0537 138.673 -31.412 16.9 2.5 ML ADE
1979 10 02 0216 139.221 -33.910 6.3 2.7 ML ADE
1979 10 08 0828 139.208 -33.212 0.6 2.5 ML ADE
1979 10 23 1854 138.919 -32.381 0.0 2.7 ML ADE
1979 11 16 0943 139.370 -31.782 3.5 2.7 ML ADE
