1968 06 30 1921 121.400 -16.400 18.0 5.1 mb ISC
1974 09 26 1638 128.130 -17.240 nan 3.7 ML MGO
1976 11 07 0347 128.663 -16.115 6.0 4.5 ML ISC
1977 05 18 0611 126.700 -17.500 nan 3.6 ML MGO
1978 05 06 1952 126.560 -19.550 17.0 5.2 mb BMR
1979 03 31 0445 127.030 -18.040 nan 3.5 ML MGO
1980 04 01 1522 123.790 -17.170 0.0 3.6 ML BMR
1980 11 24 1954 123.868 -15.853 33.0 4.0 ML ISC
1981 06 28 0823 126.500 -17.880 17.0 3.3 ML MGO
1981 07 14 0614 130.734 -10.997 33.0 4.4 mb ISC
1982 12 31 2219 124.142 -17.450 33.0 4.5 mb ISC
1983 01 08 0452 121.568 -16.328 10.0 3.6 ML ISC
1983 09 14 2051 130.320 -11.290 10.0 3.0 ML MGO
1983 10 30 0109 123.740 -16.530 37.0 4.2 ML MGO
1984 03 16 0345 123.344 -15.003 37.0 4.7 mb ISC
1984 10 01 1547 126.830 -18.760 10.0 3.6 ML MGO
1985 03 03 1104 126.590 -18.270 10.0 3.5 ML MGO
1985 04 12 0318 130.140 -14.750 10.0 4.0 ML AUST
1985 05 07 1657 121.390 -16.240 37.0 3.8 ML MGO
1985 07 23 0947 126.797 -19.310 10.0 5.0 ML ISC
1986 04 24 0823 127.880 -18.090 5.0 3.2 ML MGO
1986 10 25 0158 121.040 -16.620 5.0 3.8 ML MGO
1987 05 21 0315 128.348 -16.842 0.0 3.3 ML BMR
1988 01 09 1613 126.690 -17.670 5.0 3.1 ML MGO
1988 02 06 0524 124.730 -16.601 15.0 5.1 Mw EHB
1988 08 22 1313 121.660 -16.420 5.0 4.0 ML MGO
1988 09 21 0228 128.130 -17.380 5.0 3.5 ML MGO
1989 01 05 0857 123.320 -15.900 5.0 3.2 ML MGO
1989 04 17 1556 121.412 -16.366 5.0 3.0 ML MGO
1989 09 12 0943 128.396 -15.559 33.0 4.8 mb ISC
1989 11 04 0057 127.798 -17.236 5.0 3.4 ML MGO
1990 02 03 1300 121.535 -16.860 5.0 3.4 ML MGO
1990 06 26 2030 126.799 -18.698 5.0 3.3 ML MGO
1991 09 21 1339 121.585 -16.889 23.0 3.1 ML MGO
1992 03 31 0214 126.875 -18.820 10.0 4.3 mb ISC
1993 08 11 1914 126.841 -19.514 10.0 3.5 ML ISC
1993 08 28 1926 127.925 -16.133 5.0 3.2 ML ISC
1994 10 09 1501 128.070 -16.652 5.0 3.6 ML MGO
1995 08 15 1458 128.925 -11.251 33.0 3.4 mb ISC
1996 07 02 1627 129.430 -10.850 0.0 3.1 ML EIDC
1997 02 08 1337 129.310 -11.550 281.0 3.1 mb EIDC
1997 03 14 2358 130.547 -10.848 12.0 3.1 ML AGSO
1997 07 29 0542 130.154 -12.789 0.0 4.2 ML EIDC
1997 08 10 0920 124.333 -16.159 20.0 6.2 Mw EHB
1997 11 11 1226 128.168 -16.504 5.0 3.5 ML AGSO
2000 01 13 0224 123.806 -16.478 5.0 3.8 mb ISC
2000 09 09 1731 124.086 -16.678 10.0 3.8 ML ISC
2001 01 25 1406 126.450 -18.350 0.0 3.3 ML AGSO
2001 03 11 2123 129.571 -11.349 0.0 3.8 ML IDC
2001 07 19 1107 129.475 -11.984 0.0 3.3 ML IDC
2002 10 25 0646 123.114 -15.743 8.0 3.3 ML AUST
2002 11 01 0855 129.904 -11.931 10.0 3.8 mb ISC
2002 11 05 1225 123.320 -16.362 0.0 4.2 ML IDC
2003 03 18 1906 123.629 -17.086 5.0 3.7 mb ISC
2003 05 19 1705 129.679 -10.713 76.0 3.6 mb ISC
2003 12 05 2226 126.844 -18.387 10.0 4.2 mb ISC
2004 12 16 0955 125.120 -17.597 11.8 3.6 ML AUST
2005 12 26 0750 128.746 -16.133 0.0 3.0 ML AUST
2006 06 03 1626 121.808 -16.813 10.0 3.5 mb ISC
2007 02 17 1344 126.617 -17.903 0.0 3.3 ML AUST
2007 04 25 2027 127.151 -18.119 0.0 3.0 ML AUST
2007 08 21 0801 126.210 -17.850 0.0 3.4 ML IDC
2010 03 23 0340 128.712 -15.797 3.0 3.0 ML AUST
2010 12 05 1325 128.900 -14.885 30.0 3.6 ML AUST
2012 11 05 1931 129.045 -11.546 39.0 4.3 ML AUST
2013 09 28 0400 129.119 -15.610 0.0 3.4 ML AUST
2014 02 06 1341 129.565 -15.058 10.0 3.3 ML AUST
2014 03 16 0324 124.438 -17.414 10.0 4.0 ML AUST
2014 05 01 0817 126.419 -18.205 5.0 3.1 ML AUST
2014 11 12 0200 125.666 -18.287 18.0 3.8 Mb AUST
2014 12 06 0609 127.388 -17.616 10.0 3.3 ML AUST
2015 11 11 2012 130.546 -12.181 20.0 3.0 ML AUST
