1946 04 19 2113 114.500 -33.500 nan 5.3 MW MGO
1961 06 12 1800 114.500 -34.200 18.0 3.8 MW MGO
1966 06 09 1946 115.000 -33.700 nan 3.0 MW MGO
1966 06 03 1127 112.000 -24.900 18.0 2.6 MW MGO
1968 02 02 1009 114.700 -23.300 18.0 3.4 MW MGO
1969 06 19 2101 114.700 -23.300 7.0 2.1 MW MGO
1969 11 01 0740 115.150 -31.090 nan 2.0 MW MGO
1972 05 28 1359 128.600 -16.500 0.0 3.0 MW MGO
1972 12 07 0744 120.600 -18.100 0.0 3.3 MW MGO
1973 01 07 1818 128.550 -16.600 10.0 2.4 MW MGO
1973 04 25 1527 128.200 -16.300 10.0 2.1 MW MGO
1973 05 11 2320 128.500 -16.600 10.0 1.7 MW MGO
1976 06 11 0427 125.250 -18.670 nan 3.1 MW MGO
1973 05 30 0854 128.200 -16.700 10.0 2.3 MW MGO
1973 09 24 2029 128.600 -16.600 10.0 2.4 MW MGO
1974 03 08 1200 128.500 -17.200 nan 2.7 MW MGO
1977 04 23 2043 114.471 -21.710 0.0 3.2 MW ISC
1974 05 08 0149 128.700 -16.200 nan 2.0 MW MGO
1977 05 18 0611 126.700 -17.500 nan 3.3 MW MGO
1974 07 14 1132 128.700 -16.200 nan 1.8 MW MGO
1977 07 27 2109 128.560 -16.987 33.0 3.4 MW ISC
1974 08 01 1815 129.000 -16.200 nan 1.0 MW MGO
1977 11 07 1905 119.250 -18.000 0.0 3.2 MW MGO
1974 08 07 1651 128.900 -16.100 nan 2.0 MW MGO
1977 11 12 1853 113.200 -27.800 0.0 3.1 MW MGO
1974 09 07 0800 128.500 -16.600 nan 1.9 MW MGO
1974 09 15 0451 128.600 -16.300 nan 1.7 MW MGO
1979 03 31 0445 127.030 -18.040 nan 3.1 MW MGO
1974 09 21 1605 128.900 -16.600 nan 2.2 MW MGO
1979 06 10 2014 115.150 -24.720 16.0 3.1 MW MGO
1975 01 06 0900 128.900 -16.180 nan 2.9 MW MGO
1975 02 20 1703 128.800 -16.200 nan 1.6 MW MGO
1979 10 26 0256 128.570 -16.460 nan 3.1 MW MGO
1975 03 30 0210 129.500 -16.200 nan 2.9 MW MGO
1979 11 05 0942 127.300 -16.450 0.0 3.2 MW MGO
1975 04 13 1038 128.700 -16.050 nan 2.1 MW MGO
1975 04 18 1445 128.640 -16.040 nan 2.7 MW MGO
1975 05 06 0149 128.800 -16.600 nan 2.0 MW MGO
1975 05 06 0657 128.800 -16.600 nan 2.0 MW MGO
1975 10 10 0620 128.300 -16.500 nan 2.4 MW MGO
1976 03 28 0735 127.600 -17.000 nan 2.6 MW MGO
1976 03 29 0126 127.700 -16.900 nan 2.6 MW MGO
1976 04 12 1524 128.100 -16.400 nan 2.2 MW MGO
1976 05 21 0543 128.250 -16.450 nan 2.5 MW MGO
1976 09 14 1415 128.000 -16.400 nan 2.1 MW MGO
1976 09 27 0217 128.688 -16.719 5.0 1.9 MW ISC
1976 10 10 1218 128.420 -16.560 nan 2.4 MW MGO
1976 12 04 2027 128.100 -17.100 nan 2.9 MW MGO
1977 02 26 0549 128.360 -16.500 nan 2.7 MW MGO
1977 04 06 0122 129.050 -16.530 nan 2.3 MW MGO
1977 08 15 1934 112.978 -27.453 0.0 2.8 MW ISC
1978 02 13 0614 128.660 -16.500 nan 2.5 MW MGO
1978 03 06 0159 127.260 -17.980 9.0 2.5 MW MGO
1978 03 18 0614 128.780 -16.050 nan 2.1 MW MGO
1978 04 05 2032 115.120 -28.100 nan 2.4 MW MGO
1978 05 03 0522 115.380 -27.470 nan 2.1 MW MGO
1978 06 09 1231 115.200 -33.930 5.0 2.8 MW MGO
1978 07 05 2257 119.220 -17.850 nan 2.7 MW MGO
1978 08 24 1236 116.110 -20.380 0.0 2.2 MW MGO
1978 09 02 0849 123.280 -18.450 37.0 2.8 MW MGO
1978 11 12 0909 128.440 -12.570 0.0 2.7 MW AUST
1978 11 27 0422 128.930 -14.320 0.0 2.8 MW AUST
1978 12 25 1340 128.200 -15.660 0.0 2.4 MW MGO
1979 01 17 1731 113.850 -22.950 70.0 2.7 MW MGO
1979 01 24 2149 115.690 -31.070 25.0 2.9 MW MGO
1979 03 26 0014 126.070 -16.350 nan 2.9 MW MGO
1979 05 23 1056 129.590 -15.350 0.0 2.7 MW BMR
1979 06 27 1545 116.600 -19.940 10.0 2.7 MW MGO
1979 06 28 0648 114.400 -23.510 10.0 2.6 MW MGO
1979 07 17 1727 113.790 -25.600 10.0 2.7 MW MGO
1979 08 09 0617 114.410 -33.520 nan 2.3 MW MGO
1979 12 14 2213 116.420 -19.970 0.0 2.8 MW MGO
1980 02 18 1247 128.480 -15.850 nan 1.5 MW MGO
1980 03 18 0546 127.550 -17.620 10.0 2.5 MW MGO
1980 04 01 1522 123.790 -17.170 0.0 2.9 MW BMR
1980 05 01 1231 118.310 -18.360 37.0 2.5 MW MGO
1980 07 04 0404 119.530 -17.770 37.0 2.8 MW MGO
1980 07 14 0117 128.650 -16.240 10.0 1.8 MW MGO
1980 07 16 0655 128.650 -16.240 nan 2.0 MW MGO
1980 07 19 0515 128.630 -16.530 nan 2.3 MW MGO
1980 07 26 0641 128.370 -16.880 19.0 2.8 MW MGO
1980 08 01 1824 128.710 -16.440 37.0 2.7 MW MGO
1980 08 08 0227 112.830 -27.220 19.0 2.6 MW MGO
1980 11 29 1338 125.040 -18.190 37.0 2.6 MW MGO
1980 12 05 0841 128.370 -16.650 nan 2.7 MW MGO
1980 12 23 1425 114.550 -21.200 10.0 2.9 MW MGO
1981 02 21 0619 114.550 -29.420 nan 2.7 MW MGO
1981 03 17 2138 123.230 -18.660 37.0 2.9 MW MGO
1981 03 26 1857 114.370 -21.150 10.0 2.6 MW MGO
1981 04 21 1505 114.080 -22.410 10.0 2.9 MW MGO
1981 05 06 1835 123.320 -19.230 10.0 2.6 MW MGO
1981 06 07 1451 112.180 -24.330 10.0 2.7 MW MGO
1981 06 08 0820 114.080 -22.410 10.0 2.6 MW MGO
1981 06 28 0823 126.500 -17.880 17.0 2.9 MW MGO
1981 07 03 2129 112.970 -25.010 10.0 2.7 MW MGO
1981 07 04 1710 115.880 -29.550 10.0 1.9 MW MGO
1981 11 04 2135 120.750 -18.500 37.0 2.8 MW MGO
1981 11 06 2051 127.360 -17.610 10.0 2.6 MW MGO
1981 11 11 0559 128.710 -16.020 10.0 2.5 MW MGO
1981 12 12 2338 128.860 -17.020 10.0 2.4 MW MGO
1982 01 13 0837 127.910 -15.770 10.0 2.2 MW MGO
1982 02 26 1728 116.340 -20.080 26.0 2.5 MW MGO
1982 04 22 1444 120.190 -15.710 37.0 2.7 MW MGO
1982 06 13 1701 115.300 -24.470 10.0 2.2 MW MGO
1982 09 03 1500 113.790 -22.220 10.0 2.4 MW MGO
1982 09 19 1522 114.090 -29.380 10.0 1.7 MW MGO
1982 12 06 1728 113.570 -27.350 10.0 1.6 MW MGO
1982 12 13 1619 113.020 -27.560 10.0 2.3 MW MGO
1983 02 22 1941 113.040 -27.710 10.0 1.8 MW MGO
1983 03 10 0104 128.680 -16.530 10.0 2.0 MW MGO
1983 03 21 0033 113.280 -28.670 10.0 2.4 MW MGO
1983 04 09 0519 114.380 -29.290 37.0 2.9 MW MGO
1983 04 24 0820 116.930 -19.110 25.0 2.8 MW MGO
1983 05 10 2216 117.970 -18.860 10.0 2.6 MW MGO
1983 06 07 1018 114.470 -23.940 10.0 2.9 MW MGO
1983 06 14 1646 119.600 -18.140 37.0 2.4 MW MGO
1983 06 29 1524 122.621 -18.972 10.0 2.9 MW ISC
1983 08 06 0227 112.520 -26.270 10.0 2.9 MW MGO
1983 08 09 0757 128.530 -16.560 10.0 2.0 MW MGO
1983 08 29 0733 121.210 -15.850 37.0 2.8 MW MGO
1983 09 08 1846 126.220 -16.940 10.0 2.7 MW MGO
1983 09 14 2051 130.320 -11.290 10.0 2.9 MW AUST
1983 11 01 1046 118.340 -18.320 37.0 2.8 MW MGO
1983 11 16 1300 113.660 -25.550 10.0 1.9 MW MGO
1983 12 13 2310 114.110 -28.190 10.0 2.5 MW MGO
1983 12 17 0853 113.480 -27.090 10.0 2.2 MW MGO
1984 01 04 1618 126.860 -15.670 10.0 2.7 MW MGO
1984 01 18 0120 115.620 -29.160 10.0 2.2 MW MGO
1984 01 31 0501 115.510 -29.480 10.0 1.9 MW MGO
1984 02 15 1825 113.690 -29.250 10.0 1.6 MW MGO
1984 04 17 0326 113.940 -29.200 10.0 2.8 MW MGO
1984 06 12 1957 112.420 -23.970 10.0 2.5 MW MGO
1984 07 08 2314 113.900 -25.840 10.0 2.1 MW MGO
1984 07 20 0150 128.580 -16.500 10.0 2.0 MW MGO
1984 09 01 2255 113.320 -27.140 10.0 2.5 MW MGO
1984 09 03 1205 128.720 -16.420 10.0 2.2 MW MGO
1984 09 21 2020 129.560 -16.100 10.0 2.0 MW MGO
1984 10 15 0032 128.790 -16.490 10.0 2.2 MW MGO
1984 10 27 1846 114.300 -23.560 10.0 2.9 MW MGO
1984 11 18 2119 122.890 -17.670 37.0 2.8 MW MGO
1984 12 06 0117 114.340 -29.430 10.0 2.5 MW MGO
1984 12 07 1600 123.250 -18.630 10.0 2.6 MW MGO
1984 12 28 2148 125.810 -19.270 10.0 2.9 MW MGO
1985 01 14 1927 114.730 -22.180 10.0 2.4 MW MGO
1985 01 14 2116 128.480 -16.490 10.0 1.9 MW MGO
1985 02 25 2040 117.420 -18.870 37.0 2.7 MW MGO
1985 03 28 2240 112.960 -24.150 37.0 2.7 MW MGO
1985 04 01 0448 113.960 -24.500 10.0 2.7 MW MGO
1985 04 28 1551 113.770 -22.050 10.0 2.4 MW MGO
1985 06 19 0149 115.360 -29.150 10.0 1.9 MW MGO
1985 07 03 0905 115.310 -25.530 10.0 2.0 MW MGO
1985 09 13 2116 127.970 -17.750 10.0 2.7 MW MGO
1985 09 22 0557 129.230 -16.440 10.0 2.4 MW MGO
1985 10 16 0915 128.630 -15.760 5.0 1.6 MW MGO
1985 11 29 1932 114.360 -25.930 10.0 2.8 MW MGO
1985 12 16 1014 113.230 -27.320 10.0 2.9 MW MGO
1985 12 18 1902 128.520 -16.260 10.0 2.4 MW MGO
1986 01 02 2313 115.150 -20.790 5.0 2.9 MW MGO
1986 01 27 1717 123.000 -18.290 5.0 2.7 MW MGO
1986 01 28 1629 113.590 -25.750 5.0 2.7 MW MGO
1986 02 02 2256 115.930 -20.290 5.0 2.8 MW MGO
1986 02 16 2131 128.160 -16.650 5.0 2.4 MW MGO
1986 03 04 0701 128.460 -16.580 5.0 2.2 MW MGO
1986 03 14 1654 113.710 -29.020 5.0 2.8 MW MGO
1986 04 24 0823 127.880 -18.090 5.0 2.9 MW MGO
1986 05 26 1034 123.550 -17.590 5.0 2.5 MW MGO
1986 08 25 0227 114.410 -29.270 5.0 1.9 MW MGO
1986 09 13 1323 121.200 -18.440 5.0 2.7 MW MGO
1986 09 13 1913 113.250 -22.680 5.0 2.8 MW MGO
1986 10 01 1141 114.980 -32.680 5.0 2.0 MW MGO
1986 11 01 1854 116.410 -19.960 5.0 2.5 MW MGO
1986 11 07 0109 114.310 -22.230 5.0 2.6 MW MGO
1986 11 23 1043 128.700 -16.530 5.0 2.4 MW MGO
1986 11 29 2233 114.000 -27.490 5.0 2.3 MW MGO
1987 01 23 2140 128.560 -16.590 5.0 2.2 MW MGO
1987 03 14 1925 114.100 -22.750 5.0 2.9 MW MGO
1987 03 29 1539 118.840 -18.900 5.0 2.7 MW MGO
1987 05 15 0906 114.290 -29.430 5.0 2.2 MW MGO
1987 05 17 1542 122.590 -17.470 5.0 2.8 MW MGO
1987 07 05 1105 120.700 -18.470 5.0 2.9 MW MGO
1987 09 23 0229 123.380 -17.650 5.0 2.5 MW MGO
1987 11 15 1129 115.050 -29.620 5.0 2.5 MW MGO
1987 12 12 1206 119.570 -16.940 5.0 2.6 MW MGO
1988 01 06 0656 128.460 -17.040 5.0 2.7 MW MGO
1988 02 16 1116 118.880 -18.040 5.0 2.4 MW MGO
1988 04 05 1838 115.790 -20.730 5.0 2.5 MW MGO
1989 01 19 1508 128.590 -16.870 5.0 2.6 MW MGO
1989 03 04 1820 119.520 -18.130 5.0 2.0 MW MGO
1989 06 06 0507 127.736 -18.368 5.0 2.5 MW MGO
1989 06 28 1408 114.001 -26.911 5.0 2.2 MW MGO
1989 07 04 2229 114.581 -33.953 5.0 2.0 MW MGO
1989 07 29 1726 119.116 -18.159 5.0 2.0 MW MGO
1989 08 06 0554 118.300 -18.469 5.0 2.6 MW MGO
1989 08 14 0758 128.620 -16.560 5.0 2.3 MW MGO
1989 08 28 2125 113.796 -22.543 0.0 2.6 MW MGO
1989 09 04 0811 128.784 -16.457 5.0 2.0 MW MGO
1989 09 04 0952 112.980 -25.018 5.0 2.7 MW MGO
1989 10 08 0130 113.253 -27.350 5.0 2.5 MW MGO
1989 11 30 2030 127.126 -16.785 5.0 2.3 MW MGO
1989 12 21 1729 114.086 -21.867 5.0 2.9 MW MGO
1989 12 27 1310 113.320 -26.944 5.0 2.5 MW MGO
1990 02 12 2211 114.527 -22.612 5.0 2.3 MW MGO
1990 03 12 0730 124.700 -19.220 5.0 2.0 MW MGO
1990 03 25 2004 116.144 -20.389 15.0 2.3 MW MGO
1990 04 14 1213 124.574 -15.809 5.0 2.5 MW MGO
1990 05 09 0014 114.679 -21.615 5.0 2.7 MW MGO
1990 05 15 0018 122.117 -18.106 5.0 2.2 MW MGO
1990 05 28 0823 113.839 -27.549 5.0 2.9 MW MGO
1990 06 06 1448 114.133 -22.654 5.0 2.4 MW MGO
1990 06 22 0154 114.457 -29.412 1.0 2.1 MW MGO
1990 07 08 1100 121.453 -18.886 28.0 2.8 MW MGO
1990 07 18 0332 114.700 -29.482 5.0 2.3 MW MGO
1990 08 20 1845 115.578 -32.152 5.0 1.8 MW MGO
1990 10 17 1432 115.214 -25.059 31.0 2.7 MW MGO
1990 11 27 1849 128.440 -16.680 2.0 2.5 MW MGO
1990 12 15 1734 128.650 -16.542 5.0 2.2 MW MGO
1991 01 07 1459 121.778 -15.603 5.0 2.5 MW MGO
1991 01 28 1207 118.935 -18.125 5.0 2.3 MW MGO
1991 02 06 0302 128.580 -16.680 5.0 2.4 MW MGO
1991 02 08 0015 114.246 -24.638 5.0 2.9 MW MGO
1991 02 08 1657 118.100 -18.748 5.0 2.7 MW MGO
1991 02 24 1518 112.590 -26.652 5.0 2.5 MW MGO
1991 03 12 1040 114.573 -27.775 5.0 2.7 MW MGO
1991 05 02 0556 115.886 -33.738 2.0 2.7 MW MGO
1991 06 01 1515 114.728 -23.260 5.0 2.3 MW MGO
1991 06 23 1520 113.147 -27.431 5.0 2.7 MW MGO
1991 08 17 0008 115.699 -29.127 5.0 2.9 MW MGO
1991 08 22 0916 123.763 -16.568 5.0 2.8 MW MGO
1991 09 09 1447 113.272 -23.994 5.0 2.3 MW MGO
1991 09 11 0212 114.042 -22.536 5.0 2.9 MW MGO
1991 10 04 1746 114.126 -27.916 5.0 2.7 MW MGO
1991 10 24 0457 116.137 -20.340 5.0 2.7 MW MGO
1991 12 06 2117 113.029 -24.072 5.0 2.5 MW MGO
1991 12 22 1601 128.547 -16.383 5.0 2.8 MW MGO
1991 12 24 2006 126.197 -17.289 5.0 2.5 MW MGO
1992 01 12 0141 112.307 -26.725 5.0 2.6 MW MGO
1992 03 16 2044 114.272 -22.435 5.0 2.8 MW MGO
1992 05 14 0002 112.801 -25.056 5.0 2.3 MW MGO
1992 07 12 2102 113.951 -24.394 18.0 2.4 MW MGO
1992 07 18 0753 121.169 -15.598 5.0 2.7 MW MGO
1992 08 03 0151 112.739 -23.467 5.0 2.6 MW MGO
1992 08 05 2152 114.409 -21.585 5.0 2.9 MW MGO
1992 08 29 0431 115.878 -33.856 5.0 2.3 MW MGO
1992 09 09 1347 122.813 -19.527 5.0 2.5 MW MGO
1992 09 19 0927 116.318 -19.933 37.0 2.6 MW MGO
1992 10 14 1311 118.998 -18.396 5.0 2.5 MW MGO
1992 11 09 0610 119.161 -18.270 5.0 2.3 MW MGO
1992 11 10 1541 115.091 -23.930 5.0 2.0 MW MGO
1992 11 18 1042 116.348 -20.270 5.0 2.6 MW MGO
1992 11 22 1543 119.374 -18.184 5.0 2.6 MW MGO
1992 12 24 1428 118.151 -18.362 5.0 2.6 MW MGO
1993 02 21 1823 113.596 -22.337 5.0 2.8 MW MGO
1993 03 03 0723 113.955 -22.859 5.0 2.7 MW MGO
1993 03 11 2236 119.203 -18.256 5.0 2.5 MW MGO
1993 03 17 2358 121.057 -15.961 5.0 2.7 MW MGO
1993 04 16 1739 114.892 -26.080 5.0 2.0 MW MGO
1993 04 28 1450 119.434 -17.822 5.0 2.9 MW MGO
1993 05 29 0601 115.650 -32.211 21.0 2.3 MW MGO
1993 06 02 1718 116.334 -20.026 33.0 2.7 MW MGO
1993 07 20 1951 120.560 -15.498 5.0 2.8 MW MGO
1993 09 04 1824 113.525 -27.334 5.0 1.8 MW MGO
1993 09 19 2002 127.403 -15.764 5.0 2.8 MW MGO
1993 09 24 0526 118.827 -18.296 5.0 2.7 MW MGO
1993 11 20 0120 113.978 -23.051 5.0 2.9 MW MGO
1993 12 15 1918 115.188 -33.975 19.0 2.6 MW MGO
1993 12 31 1040 126.731 -19.881 5.0 2.7 MW MGO
1993 12 31 1940 126.731 -19.881 0.0 2.7 MW MGO
1994 01 07 1312 128.547 -16.575 5.0 2.6 MW MGO
1994 01 31 0148 128.624 -16.567 5.0 2.3 MW MGO
1994 02 25 1048 128.508 -16.622 5.0 2.0 MW MGO
1994 04 04 0258 116.399 -20.057 5.0 2.6 MW MGO
1994 04 18 0509 113.742 -28.977 5.0 2.6 MW MGO
1994 04 20 2040 116.288 -20.224 5.0 2.9 MW MGO
1994 04 26 0408 128.632 -16.477 5.0 2.7 MW MGO
1994 06 12 1453 114.820 -23.105 5.0 2.4 MW MGO
1994 07 05 2116 111.707 -25.417 5.0 2.4 MW MGO
1994 08 26 2318 115.620 -31.096 5.0 1.6 MW MGO
1994 10 08 1710 114.428 -22.604 5.0 2.8 MW MGO
1994 11 26 0650 115.490 -29.975 5.0 1.9 MW MGO
1994 12 23 1906 123.583 -17.742 5.0 2.5 MW MGO
1994 12 24 1424 115.448 -30.086 5.0 2.0 MW MGO
1995 02 11 0812 113.904 -27.206 5.0 2.9 MW MGO
1995 02 16 1227 122.109 -16.943 5.0 2.8 MW MGO
1995 02 23 1609 128.280 -16.550 5.0 2.0 MW MGO
1995 03 17 0927 123.529 -18.086 5.0 2.9 MW MGO
1995 03 27 1148 128.695 -16.460 5.0 2.0 MW MGO
1995 06 26 1049 128.605 -16.614 5.0 2.5 MW MEL
1995 07 15 0222 115.546 -30.058 5.0 2.9 MW MGO
1995 07 30 1549 112.846 -26.315 5.0 2.1 MW MGO
1995 09 12 1718 123.552 -17.724 5.0 2.5 MW MGO
1995 09 20 0206 128.631 -16.626 1.0 1.5 MW MGO
1995 10 22 1650 113.650 -27.288 5.0 2.5 MW MGO
1995 11 17 0350 128.592 -16.244 5.0 2.2 MW MGO
1995 12 09 1015 128.319 -16.635 5.0 2.7 MW MEL
1995 12 26 1259 114.526 -22.756 5.0 2.7 MW MGO
1995 12 28 2219 120.804 -15.996 19.0 2.6 MW MGO
1996 01 09 0407 112.237 -23.336 5.0 2.8 MW MGO
1996 01 25 1031 115.754 -31.749 25.0 1.6 MW MGO
1996 01 26 1041 117.205 -19.438 5.0 2.9 MW MGO
1996 02 03 2124 128.784 -16.584 5.0 2.0 MW MGO
1996 03 26 1400 112.556 -23.092 5.0 2.7 MW MGO
1996 03 30 1342 128.730 -16.593 5.0 2.1 MW MGO
1996 04 01 1507 128.231 -16.591 5.0 2.3 MW MGO
1996 04 24 0941 115.500 -28.824 5.0 2.1 MW MGO
1996 06 20 1837 113.798 -22.228 5.0 2.2 MW MGO
1996 07 16 1857 126.628 -18.083 5.0 2.8 MW MGO
1996 10 14 2039 127.949 -15.655 5.0 1.9 MW MGO
1996 11 08 0038 114.852 -23.998 5.0 2.8 MW MGO
1996 11 24 1608 114.687 -24.031 5.0 2.2 MW MGO
1996 12 29 0745 128.583 -16.892 5.0 2.8 MW MGO
1997 01 22 1504 112.051 -23.659 17.0 2.8 MW MGO
1997 02 21 0932 114.728 -24.035 5.0 2.8 MW MGO
1997 02 24 1822 113.869 -27.874 9.0 2.6 MW MGO
1997 04 06 0221 114.809 -24.031 5.0 2.6 MW MGO
1997 04 25 1328 115.449 -25.336 5.0 2.7 MW MGO
1997 08 16 2252 114.483 -22.673 5.0 2.6 MW MGO
1997 09 13 1158 113.653 -24.219 5.0 2.9 MW MGO
1997 10 04 1938 116.096 -19.235 5.0 2.7 MW MGO
1997 10 19 1859 115.584 -28.849 5.0 2.7 MW MGO
1997 10 22 1255 113.499 -21.919 5.0 2.9 MW MGO
1997 11 10 1753 114.283 -23.248 5.0 2.8 MW MGO
1997 11 20 1602 113.811 -22.781 5.0 2.3 MW MGO
1997 11 23 0420 128.496 -16.798 33.0 2.9 MW ISC
1998 02 21 0209 113.487 -27.437 5.0 2.7 MW MGO
1998 03 23 1652 111.933 -25.330 5.0 2.2 MW MGO
1998 04 08 1641 126.642 -17.925 5.0 2.9 MW MGO
1998 04 12 1510 128.551 -16.924 5.0 2.9 MW MGO
1998 04 14 1844 126.114 -19.086 10.0 2.1 MW AGSO
1998 04 17 0716 113.066 -24.875 5.0 2.8 MW MGO
1998 05 14 1606 113.439 -25.772 5.0 2.3 MW MGO
1998 05 18 1824 114.633 -23.223 5.0 2.5 MW MGO
1998 05 22 1731 113.140 -25.401 5.0 2.5 MW MGO
1998 05 29 2150 118.707 -18.554 5.0 2.8 MW MGO
1998 07 15 0749 128.389 -16.981 0.0 2.3 MW AGSO
1998 09 14 0608 127.300 -17.155 5.0 2.7 MW MGO
1998 10 27 2240 128.472 -17.002 5.0 2.7 MW MGO
1998 11 01 1126 114.390 -29.433 5.0 2.1 MW MGO
1998 11 23 1542 115.476 -20.684 5.0 2.8 MW MGO
1998 12 11 1615 113.361 -26.411 5.0 2.4 MW MGO
1999 02 26 1014 113.774 -21.946 5.0 2.5 MW MGO
1999 03 07 1959 128.085 -17.275 5.0 2.8 MW MGO
1999 03 29 1512 128.375 -15.126 5.0 2.8 MW MGO
1999 04 15 1638 113.823 -21.773 24.0 2.5 MW MGO
1999 05 12 2334 113.810 -28.360 5.0 2.2 MW MGO
1999 05 24 1920 127.780 -15.470 5.0 2.7 MW MGO
1999 06 19 1442 113.830 -28.320 5.0 2.5 MW MGO
1999 06 20 1143 122.680 -16.950 5.0 2.8 MW MGO
1999 07 14 1254 122.080 -14.920 5.0 2.8 MW MGO
1999 07 31 0353 116.260 -20.180 5.0 2.5 MW MGO
1999 08 10 1703 114.070 -23.430 5.0 2.5 MW MGO
1999 08 21 0714 112.260 -23.660 5.0 2.8 MW MGO
1999 08 21 1258 116.280 -20.290 5.0 2.5 MW MGO
1999 09 14 1728 112.450 -24.820 5.0 2.2 MW MGO
1999 10 10 1327 116.420 -20.140 5.0 2.6 MW MGO
1999 10 12 0043 118.230 -18.530 5.0 2.7 MW MGO
1999 10 14 0018 127.580 -16.710 5.0 2.6 MW MGO
1999 11 13 0214 115.040 -33.890 1.0 2.3 MW MGO
1999 12 01 0511 123.220 -17.970 5.0 2.7 MW MGO
2000 02 21 1615 126.430 -16.740 5.0 2.8 MW MGO
2000 02 29 1124 120.960 -17.500 5.0 2.8 MW MGO
2000 03 30 1555 128.560 -16.640 5.0 2.8 MW MGO
2000 04 08 2227 116.446 -20.027 5.0 2.5 MW AGSO
2000 07 30 1850 122.760 -17.720 10.0 2.9 MW AUST
2000 08 08 1312 129.402 -13.458 0.0 1.6 MW AUST
2000 08 17 0653 128.743 -15.967 0.0 2.4 MW AUST
2000 09 14 1653 114.785 -24.690 0.0 2.4 MW AUST
2000 09 21 1644 114.000 -27.800 0.0 2.3 MW AUST
2000 10 04 1816 114.009 -22.299 12.4 2.1 MW AUST
2000 12 13 0549 119.877 -18.175 0.0 2.8 MW AGSO
2000 12 20 1833 114.675 -34.360 0.0 2.0 MW AUST
2001 01 12 1451 113.621 -28.046 15.0 2.5 MW ISC
2001 02 19 1805 129.240 -14.010 0.0 2.9 MW AUST
2001 02 26 0915 115.559 -29.354 0.0 2.2 MW AUST
2001 04 07 1020 115.518 -31.009 0.0 1.5 MW AUST
2001 06 04 1407 114.390 -26.530 14.0 2.6 MW AGSO
2001 06 29 1832 114.530 -23.540 9.0 2.4 MW AUST
2001 10 15 0616 113.713 -22.479 10.0 2.5 MW AUST
2002 03 20 1702 114.678 -23.308 20.0 2.5 MW AUST
2002 04 06 1135 114.450 -26.355 5.0 2.8 MW AUST
2002 04 08 0836 113.313 -27.954 3.0 2.4 MW AUST
2002 04 15 0959 113.405 -28.469 20.0 1.9 MW AUST
2002 05 11 1350 113.192 -25.023 6.0 2.9 MW AUST
2002 09 05 1611 113.920 -29.280 10.0 2.3 MW AUST
2002 10 31 2251 123.752 -16.814 0.0 2.9 MW AUST
2003 05 11 0834 114.144 -29.175 18.0 2.5 MW AUST
2003 05 20 1232 128.431 -16.846 5.0 2.8 MW AUST
2003 06 01 0255 114.108 -21.933 1.7 2.7 MW AUST
2003 06 04 2004 115.269 -33.552 5.0 2.7 MW AUST
2003 11 26 1323 128.365 -16.669 0.0 2.2 MW AUST
2004 07 27 1859 122.552 -17.745 6.0 2.2 MW AUST
2004 09 14 1553 128.714 -16.501 0.0 2.4 MW AUST
2004 09 26 0903 113.761 -22.813 27.0 2.8 MW AUST
2004 10 18 2227 127.437 -16.527 9.0 2.8 MW AUST
2004 12 10 1606 112.628 -24.364 0.0 2.3 MW AUST
2004 12 13 2334 113.895 -21.936 0.0 2.8 MW AUST
2005 01 01 0320 114.339 -28.980 5.0 2.0 MW AUST
2005 01 25 1052 127.225 -17.015 0.0 2.3 MW AUST
2005 03 28 0903 126.417 -17.877 4.0 2.4 MW AUST
2005 04 02 0914 127.241 -16.645 0.0 2.9 MW AUST
2005 05 06 0659 115.963 -31.635 2.0 2.8 MW AUST
2005 06 13 1810 115.970 -33.310 10.0 1.7 MW AUST
2005 07 09 1348 124.660 -14.950 37.0 2.5 MW AUST
2005 07 14 0427 128.789 -16.209 10.0 1.8 MW AUST
2005 09 11 2140 128.730 -16.518 5.0 2.6 MW AUST
2005 12 14 1102 113.701 -21.889 22.0 2.6 MW AUST
2005 12 26 1050 128.898 -15.613 0.0 1.9 MW AUST
2006 02 05 2006 114.959 -23.737 15.0 2.6 MW AUST
2006 02 16 0046 122.536 -17.735 10.0 2.7 MW ISC
2006 03 04 1703 115.912 -33.618 0.0 2.7 MW AUST
2006 04 16 0122 126.866 -18.534 5.0 2.2 MW AUST
2006 04 23 1423 122.075 -17.288 3.0 2.6 MW AUST
2006 05 08 0122 127.859 -17.673 0.0 2.7 MW AUST
2006 05 14 0927 127.311 -18.327 0.0 2.7 MW AUST
2006 05 24 2200 127.138 -16.534 2.3 2.9 MW AUST
2006 05 26 0738 128.691 -16.664 0.0 2.9 MW AUST
2006 07 04 1054 127.119 -17.735 15.0 1.5 MW AUST
2007 05 30 1431 113.822 -28.283 0.0 2.0 MW AUST
2007 06 19 0525 116.482 -20.042 14.0 2.8 MW AUST
2007 07 17 1031 113.319 -25.535 0.0 2.6 MW AUST
2007 08 24 0609 128.672 -16.657 0.0 2.8 MW AUST
2007 09 15 0401 113.824 -28.430 17.0 2.2 MW AUST
2007 12 11 1605 128.777 -16.430 9.0 2.6 MW AUST
2007 12 26 1508 122.317 -15.547 15.0 2.3 MW AUST
2008 01 15 1251 115.739 -29.990 10.0 2.3 MW AUST
2008 02 18 1918 112.770 -26.693 10.0 2.8 MW AUST
2008 06 19 1131 128.741 -16.482 0.0 2.0 MW AUST
2008 06 23 1317 127.722 -18.176 0.0 2.8 MW AUST
2008 07 27 0644 127.744 -18.144 0.0 2.8 MW AUST
2008 11 14 2115 129.800 -12.600 0.0 2.8 MW AUST
2009 12 12 1216 113.752 -27.127 10.0 2.4 MW AUST
2010 06 11 1351 128.459 -16.213 7.9 2.3 MW AUST
