1965 09 14 1253 144.300 -38.700 10.0 5.0 MW Underwood
1969 06 20 1115 146.300 -38.470 19.0 5.0 MW BMR
1970 05 31 0150 146.220 -38.520 0.0 3.9 MW CAN
1970 12 24 1814 146.070 -38.440 19.0 3.7 MW CAN
1971 01 09 1150 146.480 -38.140 7.0 3.6 MW CAN
1971 07 06 2154 145.048 -38.452 17.0 4.7 MW MEL
1973 02 17 0856 145.390 -38.810 10.0 3.7 MW BMR
1973 09 21 0256 146.790 -38.570 10.0 3.7 MW BMR
1974 09 16 0737 149.550 -38.380 0.0 3.7 MW BMR
1978 08 25 2023 146.305 -38.416 3.6 3.6 MW MEL
1979 07 11 0005 144.592 -39.960 17.0 3.7 MW MEL
1979 09 10 1524 144.439 -39.745 17.2 3.5 MW MEL
1980 01 16 0249 145.483 -39.554 17.2 3.5 MW MEL
1980 01 24 0930 148.502 -38.284 11.2 3.2 MW MEL
1980 06 05 1419 148.566 -38.006 17.2 3.8 MW MEL
1980 09 18 0551 145.678 -38.360 10.4 3.2 MW MEL
1980 10 31 0836 148.610 -37.948 0.0 3.1 MW MEL
1981 05 16 2255 141.664 -38.480 12.5 3.1 MW ADE
1981 06 16 2133 144.245 -38.899 17.2 5.0 MW MEL
1981 12 08 2253 144.383 -39.667 nan 3.1 MW TAU
1982 11 09 2147 149.100 -38.060 0.0 3.4 MW CAN
1983 08 15 0711 150.000 -38.000 0.0 3.4 MW CAN
1983 08 31 1025 146.349 -38.517 17.0 3.1 MW MEL
1983 10 15 2050 145.046 -39.770 15.3 4.1 MW MEL
1984 08 26 0723 142.389 -39.153 17.2 3.6 MW MEL
1984 10 20 0516 145.904 -38.970 16.7 4.1 MW MEL
1985 01 19 1502 145.957 -38.815 12.8 3.2 MW MEL
1985 05 29 1749 146.010 -38.334 13.3 3.2 MW MEL
1986 08 24 0819 146.578 -37.982 15.6 3.2 MW MEL
1986 12 20 1204 143.349 -39.212 13.9 3.5 MW MEL
1987 06 24 1853 144.220 -38.895 24.9 3.2 MW MEL
1987 12 07 1054 149.325 -37.921 12.3 3.0 MW MEL
1987 12 20 0802 145.583 -38.410 16.2 3.5 MW MEL
1989 02 09 1714 147.679 -38.175 10.0 3.1 MW MEL
1989 05 31 0009 142.692 -38.821 0.0 3.1 MW BMR
1989 11 17 1337 144.777 -39.231 3.6 3.1 MW MEL
1990 01 25 1333 148.477 -38.166 3.6 3.1 MW MEL
1990 08 16 0306 149.743 -38.111 15.4 3.5 MW MEL
1991 03 28 2126 146.249 -38.525 20.6 3.5 MW MEL
1992 11 08 0140 143.529 -38.922 12.8 3.4 MW MEL
1993 07 24 1333 146.485 -38.353 15.0 3.2 MW MEL
1993 09 25 0240 146.530 -38.311 10.2 3.3 MW MEL
1993 11 24 0759 147.026 -38.484 17.3 3.0 MW MEL
1994 02 01 0553 146.350 -38.536 17.1 3.7 MW MEL
1994 05 14 1433 143.496 -38.714 12.0 3.2 MW MEL
1994 06 27 0152 145.962 -38.722 11.6 3.0 MW MEL
1995 01 11 0711 145.992 -38.165 8.7 3.1 MW MEL
1995 02 01 1021 146.259 -38.462 10.1 3.1 MW MEL
1995 05 03 1748 146.283 -38.472 15.0 3.4 MW MEL
1996 01 16 1030 145.070 -38.284 10.7 3.0 MW MEL
1996 12 24 2228 145.534 -38.696 17.2 3.3 MW MEL
1997 01 20 1103 145.031 -38.379 19.3 3.4 MW MEL
1997 03 31 2026 145.450 -39.522 14.8 3.1 MW MEL
1997 05 04 2233 145.959 -38.135 14.0 3.2 MW MEL
1998 04 04 0955 146.124 -38.709 16.2 3.4 MW MEL
1998 09 15 1323 147.289 -38.371 20.6 3.4 MW MEL
1998 09 27 2232 144.741 -38.290 20.5 3.5 MW MEL
1998 10 08 1205 145.848 -39.462 17.1 3.5 MW MEL
1999 01 13 0940 146.317 -38.097 12.3 3.5 MW MEL
1999 03 01 1854 147.428 -38.198 9.1 3.0 MW MEL
1999 07 13 0820 145.837 -38.407 5.4 3.0 MW MEL
1999 10 09 0817 148.285 -37.738 11.9 3.1 MW MEL
2000 05 17 1729 143.563 -38.710 17.1 3.0 MW MEL
2000 08 03 1129 145.989 -38.752 16.2 3.2 MW MEL
2000 08 29 1205 146.246 -38.404 15.4 4.2 MW MEL
2000 10 30 1730 146.044 -38.567 15.5 3.2 MW MEL
2000 12 29 2339 144.482 -38.793 17.1 3.6 MW MEL
2001 07 04 0416 146.294 -38.420 6.0 3.3 MW MEL
2001 08 21 2313 145.472 -38.119 13.0 3.7 MW MEL
2002 07 19 0540 144.819 -39.245 8.5 3.1 MW MEL
2002 09 24 0742 146.066 -38.691 3.0 3.7 MW MEL
2002 11 02 0756 143.497 -37.844 10.0 3.2 MW MEL
2003 04 10 0711 145.928 -39.241 18.3 3.9 MW MEL
2003 04 22 0739 146.211 -38.558 4.2 3.3 MW MEL
2003 07 07 0935 148.128 -38.099 3.0 3.2 MW AUST
2005 04 20 2153 146.554 -38.517 7.4 3.4 MW MEL
2005 06 30 1413 142.307 -39.067 22.3 3.2 MW MEL
2005 09 28 2137 146.027 -38.568 7.2 3.0 MW MEL
2006 04 08 0034 142.258 -38.874 5.8 3.4 MW MEL
2006 06 18 1317 146.861 -38.484 13.0 3.2 MW AUST
2006 10 22 1236 145.025 -37.873 16.1 3.0 MW MEL
2006 12 04 0254 144.844 -39.055 13.5 3.2 MW GG
2007 01 03 2227 146.259 -38.467 17.8 3.2 MW GG
2007 02 18 1004 146.279 -38.633 10.3 3.4 MW GG
2007 03 16 0612 145.611 -39.547 10.0 3.1 MW MEL
2007 07 28 1650 144.373 -39.594 10.0 3.1 MW MEL
2008 01 24 0321 144.627 -38.757 14.3 3.3 MW MEL
2008 09 30 0703 149.992 -37.975 10.0 3.1 MW MEL
2008 10 28 1224 144.281 -38.264 6.1 3.1 MW MEL
2009 02 05 0404 144.994 -39.024 10.0 3.5 MW MEL
2009 02 09 0013 145.067 -37.611 10.0 3.5 MW MEL
2009 03 06 0955 145.852 -38.413 9.8 4.4 MW MEL
2009 09 22 0820 145.233 -38.199 5.0 3.1 MW MEL
2009 10 08 0837 148.461 -38.192 10.0 3.2 MW MEL
2009 10 15 2318 145.291 -39.389 10.0 3.1 MW MEL
2010 03 30 0808 144.903 -38.089 9.0 3.2 MW MEL
2010 04 03 1749 146.022 -38.532 14.1 3.2 MW MEL
2010 04 06 0637 147.438 -38.271 10.0 3.0 MW MEL
