1885 01 05 1220 114.000 -29.000 0.0 6.50 MW BMR
1929 08 16 2128 120.660 -16.990 33.0 6.20 MW BMR
1940 12 18 2145 117.200 -32.200 0.0 4.20 MW MGO
1946 04 19 2113 114.500 -33.500 0.0 5.70 MW MGO
1949 05 02 1000 116.400 -30.900 0.0 5.10 MW MGO
1955 08 30 1352 116.400 -30.700 0.0 5.80 MW MGO
1952 03 11 0609 116.500 -31.300 0.0 5.10 MW BMR
1946 09 17 1512 116.900 -32.500 0.0 4.50 MW MGO
1958 03 20 0303 117.200 -32.300 7.0 4.80 MW MGO
1959 11 27 0625 116.200 -25.800 18.0 4.80 MW Doyle
1955 04 29 0914 116.400 -30.900 0.0 4.70 MW MGO
1954 11 27 0836 116.700 -32.000 0.0 3.90 MW MGO
1959 10 03 1207 114.500 -34.500 18.0 4.20 MW Doyle
1959 08 03 0753 117.400 -32.200 0.0 2.50 MW MGO
1960 02 11 0421 118.300 -33.700 0.0 3.20 MW MGO
1961 06 25 1759 117.200 -32.200 18.0 4.40 MW MGO
1960 03 14 1631 116.500 -31.200 0.0 3.40 MW MGO
1960 03 31 0413 118.000 -33.500 0.0 3.40 MW MGO
1960 05 02 1807 116.800 -30.100 0.0 3.00 MW MGO
1963 04 15 0043 120.300 -21.800 18.0 4.30 MW MGO
1960 11 14 2246 116.900 -31.300 0.0 2.90 MW MGO
1961 05 18 0856 117.300 -34.200 0.0 3.30 MW MGO
1960 07 06 2218 116.900 -31.600 0.0 2.50 MW MGO
1963 11 19 1752 116.300 -31.000 18.0 4.20 MW MGO
1961 06 12 1800 114.500 -34.200 18.0 4.10 MW MGO
1961 06 12 1841 116.900 -31.600 0.0 3.30 MW MGO
1964 06 12 1408 118.100 -33.600 18.0 4.30 MW MGO
1961 07 07 0547 117.000 -33.100 0.0 3.20 MW MGO
1967 10 12 1031 123.900 -17.900 18.0 4.50 MW MGO
1961 06 23 0816 116.600 -31.200 0.0 2.60 MW MGO
1961 08 28 1029 116.200 -27.500 18.0 3.50 MW MGO
1967 12 17 0330 111.300 -25.300 18.0 4.70 MW MGO
1961 07 01 1510 116.900 -32.400 0.0 2.60 MW MGO
1968 01 08 0543 128.560 -16.620 18.0 4.40 MW ISC
1961 11 20 2044 117.200 -32.300 0.0 2.90 MW MGO
1961 12 31 2227 116.900 -31.600 0.0 2.80 MW MGO
1968 04 08 0144 117.250 -30.800 0.0 4.40 MW BMR
1962 12 17 0029 118.100 -33.600 0.0 3.00 MW MGO
1963 02 13 0757 118.400 -34.100 0.0 3.20 MW MGO
1968 07 31 1651 124.400 -30.800 18.0 4.30 MW MGO
1963 06 15 1945 114.900 -34.500 0.0 2.80 MW MGO
1962 01 30 0729 117.200 -32.300 0.0 2.60 MW MGO
1963 07 20 0421 114.900 -26.300 18.0 3.80 MW MGO
1968 11 12 1023 124.000 -31.600 18.0 4.60 MW MGO
1962 07 31 0035 118.000 -30.900 0.0 2.60 MW MGO
1963 08 29 0704 116.500 -31.100 0.0 3.10 MW MGO
1969 06 19 2101 114.700 -23.300 7.0 4.20 MW MGO
1963 11 17 0755 116.800 -25.000 18.0 3.80 MW MGO
1969 07 27 0920 117.100 -30.950 7.0 4.20 MW MGO
1964 01 15 0231 117.200 -32.300 0.0 2.90 MW MGO
1969 08 08 1209 111.100 -25.500 7.0 4.30 MW MGO
1963 04 28 0918 116.400 -31.000 0.0 2.50 MW MGO
1969 08 17 1755 116.000 -25.100 7.0 4.20 MW MGO
1963 06 11 2200 118.200 -33.300 0.0 2.50 MW MGO
1964 03 09 1135 121.500 -30.800 18.0 3.90 MW MGO
1964 03 20 0256 117.200 -32.300 0.0 2.90 MW MGO
1964 06 11 2002 116.200 -30.700 0.0 2.80 MW MGO
1964 10 23 1252 117.200 -32.200 18.0 3.50 MW MGO
1964 10 26 2218 116.200 -30.700 0.0 2.80 MW MGO
1964 11 05 0550 116.700 -32.100 18.0 3.80 MW MGO
1965 07 14 2307 117.300 -26.600 18.0 3.30 MW MGO
1966 01 25 0706 117.000 -32.800 18.0 3.90 MW MGO
1966 02 15 0155 117.000 -32.300 0.0 3.10 MW MGO
1966 05 01 1602 116.640 -32.040 0.0 3.20 MW MGO
1966 05 06 0857 118.800 -32.300 18.0 3.70 MW MGO
1966 05 31 1638 112.700 -28.300 18.0 3.50 MW MGO
1966 06 03 1127 112.000 -24.900 18.0 3.60 MW MGO
1966 06 09 1946 115.000 -33.700 0.0 3.20 MW MGO
1966 09 30 1405 116.800 -30.600 0.0 3.00 MW MGO
1966 10 03 2139 117.200 -30.600 18.0 3.60 MW MGO
1966 10 07 1024 116.700 -30.400 7.0 3.30 MW MGO
1966 02 22 0721 118.110 -31.450 0.0 2.50 MW MGO
1966 11 30 1530 117.000 -32.790 0.0 2.80 MW MGO
1966 04 26 0329 121.600 -31.400 0.0 2.50 MW MGO
1966 12 25 2234 116.400 -31.000 18.0 3.80 MW MGO
1967 04 03 0801 116.500 -30.700 18.0 3.00 MW MGO
1967 08 29 2109 117.300 -31.900 18.0 3.40 MW MGO
1966 05 10 1012 118.700 -27.100 0.0 2.50 MW MGO
1967 10 22 1038 117.300 -32.000 18.0 3.50 MW MGO
1967 11 27 1632 110.800 -25.600 18.0 4.00 MW MGO
1967 12 14 1417 124.100 -29.000 18.0 2.80 MW MGO
1966 06 19 1105 117.170 -32.170 0.0 2.50 MW MGO
1966 09 21 0420 116.420 -31.120 0.0 2.60 MW MGO
1967 12 27 0610 112.800 -29.100 18.0 4.10 MW MGO
1968 02 02 1009 114.700 -23.300 18.0 4.10 MW MGO
1968 06 06 1931 123.800 -30.700 0.0 3.20 MW MGO
1966 11 21 1808 117.310 -31.980 0.0 2.70 MW MGO
1968 06 21 0754 118.230 -30.800 0.0 4.00 MW BMR
1968 09 26 1807 116.400 -30.700 18.0 3.20 MW MGO
1968 10 06 2236 116.400 -30.910 25.0 3.40 MW MGO
1968 10 20 0906 117.310 -32.040 18.0 3.80 MW MGO
1967 12 14 1727 116.450 -30.780 0.0 2.50 MW MGO
1968 11 27 1439 117.180 -32.290 18.0 3.10 MW MGO
1968 12 29 1109 116.460 -30.680 18.0 3.00 MW MGO
1969 01 20 2330 117.230 -32.130 7.0 3.70 MW MGO
1968 02 14 0919 117.040 -32.450 0.0 2.60 MW MGO
1969 03 11 1200 116.570 -30.640 7.0 3.50 MW MGO
1968 02 26 0535 116.250 -30.940 0.0 2.70 MW MGO
1969 03 21 1950 117.250 -32.150 7.0 3.00 MW MGO
1968 02 29 1210 116.640 -31.870 0.0 2.50 MW MGO
1969 03 28 0333 116.200 -25.400 7.0 3.30 MW MGO
1968 03 08 1521 117.170 -32.030 0.0 2.60 MW MGO
1969 04 02 2212 117.000 -32.400 7.0 3.20 MW MGO
1969 05 09 1120 117.300 -32.000 7.0 3.50 MW MGO
1969 05 16 0422 117.200 -30.900 7.0 3.70 MW MGO
1969 06 23 2144 116.910 -30.820 0.0 2.80 MW MGO
1969 06 26 0038 117.180 -30.760 7.0 3.40 MW MGO
1968 08 31 0840 116.210 -31.120 0.0 2.60 MW MGO
1969 08 11 0855 115.700 -24.900 7.0 4.00 MW MGO
1969 08 21 2357 117.160 -30.750 0.0 3.20 MW MGO
1969 01 07 0449 116.860 -32.250 0.0 2.70 MW MGO
1969 10 22 2017 117.110 -30.860 0.0 2.90 MW MGO
1969 11 05 0706 116.500 -31.260 15.0 2.80 MW MGO
1969 11 22 1505 116.930 -32.530 0.0 3.60 MW MGO
1970 01 12 2356 115.030 -23.030 0.0 3.40 MW MGO
1969 03 28 0418 117.150 -31.980 0.0 2.60 MW MGO
1970 07 19 1638 116.710 -31.180 7.0 3.80 MW MGO
1970 12 26 1825 116.310 -31.080 7.0 4.00 MW MGO
1971 03 05 0359 119.200 -21.800 10.0 3.80 MW MGO
1969 06 09 1757 117.010 -30.660 0.0 2.60 MW MGO
1971 03 21 0005 119.500 -21.100 10.0 3.20 MW MGO
1971 04 03 0400 119.600 -22.000 0.0 3.10 MW MGO
1971 04 03 0635 119.000 -22.100 0.0 3.00 MW MGO
1971 05 12 0916 115.200 -22.900 0.0 3.80 MW MGO
1971 05 19 0422 115.500 -22.900 0.0 4.10 MW MGO
1971 05 28 0416 114.100 -22.100 0.0 4.10 MW MGO
1971 08 18 1720 117.850 -31.750 0.0 3.00 MW MGO
1971 09 28 0424 116.980 -22.750 0.0 3.00 MW BMR
1972 01 08 1705 121.530 -30.820 1.0 3.40 MW BMR
1969 10 03 1224 117.750 -30.050 0.0 2.70 MW MGO
1972 01 16 0343 124.000 -31.000 0.0 3.30 MW MGO
1972 02 18 0758 116.880 -30.840 0.0 2.90 MW MGO
1972 02 26 1115 117.020 -30.810 0.0 3.30 MW MGO
1969 11 01 0553 117.090 -30.840 0.0 2.70 MW MGO
1972 03 19 0711 116.920 -31.140 0.0 2.80 MW MGO
1969 11 08 0846 117.210 -30.900 0.0 2.50 MW MGO
1972 04 20 0929 118.200 -23.330 0.0 4.10 MW BMR
1970 01 30 1811 116.770 -31.100 0.0 2.60 MW MGO
1972 04 22 1347 118.370 -30.760 0.0 3.30 MW MGO
1972 05 28 1359 128.600 -16.500 0.0 3.00 MW MGO
1970 02 01 2214 116.900 -32.600 0.0 2.60 MW MGO
1972 09 14 0250 116.630 -31.250 0.0 2.80 MW MGO
1970 06 26 1203 116.640 -30.620 0.0 2.60 MW MGO
1970 06 28 1914 116.660 -30.890 0.0 2.50 MW MGO
1972 11 08 2254 117.200 -30.900 0.0 3.00 MW MGO
1970 08 24 1653 117.300 -32.000 0.0 2.50 MW MGO
1972 12 21 1343 124.300 -30.700 0.0 4.10 MW MGO
1973 02 28 2242 117.080 -30.900 10.0 2.80 MW MGO
1970 09 18 0146 116.300 -31.100 0.0 2.60 MW MGO
1970 11 30 0035 117.250 -32.210 0.0 2.60 MW MGO
1973 03 25 0612 116.790 -29.550 10.0 2.90 MW MGO
1973 04 02 1423 116.790 -31.210 10.0 3.00 MW MGO
1973 06 10 0807 119.700 -21.200 10.0 3.60 MW MGO
1973 09 27 2002 116.000 -22.200 10.0 3.80 MW MGO
1971 02 19 0418 119.200 -21.000 10.0 2.70 MW MGO
1973 10 31 1033 116.660 -31.380 10.0 3.30 MW MGO
1973 12 04 0930 116.300 -21.900 10.0 3.90 MW MGO
1974 01 23 0243 116.990 -32.840 0.0 3.90 MW MGO
1974 02 16 2042 117.620 -27.160 0.0 4.00 MW MGO
1974 02 25 1307 117.230 -32.300 0.0 3.70 MW MGO
1974 04 15 0237 118.500 -31.100 0.0 2.80 MW MGO
1974 04 16 0942 116.500 -22.000 0.0 3.30 MW MGO
1974 04 29 1440 116.500 -30.200 0.0 3.30 MW MGO
1974 06 20 1707 118.500 -33.500 0.0 2.80 MW MGO
1974 08 16 0437 114.100 -21.000 0.0 3.80 MW MGO
1971 12 12 1921 117.280 -31.980 0.0 2.60 MW MGO
1974 09 26 1638 128.130 -17.240 0.0 3.70 MW MGO
1974 11 05 2024 117.160 -30.650 0.0 3.10 MW MGO
1972 02 01 0415 117.060 -30.900 0.0 2.70 MW MGO
1975 01 06 0900 128.900 -16.180 0.0 2.90 MW MGO
1975 01 21 0150 117.080 -30.830 0.0 2.90 MW MGO
1975 03 12 2009 118.200 -31.000 0.0 2.90 MW MGO
1975 03 30 0210 129.500 -16.200 0.0 2.90 MW MGO
1975 05 01 1333 117.130 -30.900 0.0 3.10 MW MGO
1975 08 05 1127 127.420 -16.450 0.0 3.70 MW MGO
1975 08 23 1922 116.900 -30.770 0.0 3.50 MW MGO
1975 09 07 0621 118.050 -32.950 0.0 2.90 MW MGO
1975 09 22 0724 116.830 -30.640 0.0 2.80 MW MGO
1972 12 26 0658 117.130 -32.320 0.0 2.50 MW MGO
1975 10 11 1152 116.920 -32.440 0.0 3.70 MW MGO
1973 02 17 1427 117.220 -30.970 10.0 2.50 MW MGO
1973 03 15 0201 118.250 -30.900 10.0 2.50 MW MGO
1976 05 24 2256 117.859 -33.172 17.0 3.10 MW USGS
1976 06 11 0427 125.250 -18.670 0.0 3.80 MW MGO
1976 08 08 0310 116.930 -34.400 0.0 2.90 MW MGO
1976 10 16 1811 112.000 -27.000 0.0 4.00 MW MGO
1976 12 04 2027 128.100 -17.100 0.0 3.00 MW MGO
1977 01 10 0834 115.100 -29.500 0.0 3.90 MW MGO
1977 02 07 0932 117.350 -34.090 0.0 2.90 MW MGO
1974 03 08 1200 128.500 -17.200 0.0 2.70 MW MGO
1977 03 01 2008 117.690 -33.480 0.0 3.60 MW MGO
1977 04 09 0947 117.440 -34.440 0.0 3.50 MW MGO
1977 04 18 1233 116.370 -30.930 0.0 2.90 MW MGO
1977 04 23 2043 114.471 -21.710 0.0 3.90 MW ISC
1974 05 12 1549 117.010 -30.830 0.0 2.70 MW MGO
1977 05 18 0611 126.700 -17.500 0.0 3.60 MW MGO
1977 07 04 1914 117.950 -31.000 7.0 2.90 MW MGO
1974 07 25 0543 117.000 -32.750 0.0 2.50 MW MGO
1977 07 20 1219 120.200 -17.300 0.0 4.10 MW MGO
1977 07 27 2109 128.560 -16.987 33.0 3.40 MW ISC
1977 08 15 1934 112.978 -27.453 0.0 3.50 MW ISC
1977 11 07 1905 119.250 -18.000 0.0 3.70 MW MGO
1977 11 12 1853 113.200 -27.800 0.0 3.80 MW MGO
1974 11 04 1745 117.060 -31.220 0.0 2.60 MW MGO
1977 11 30 0730 117.310 -33.590 0.0 3.00 MW MGO
1978 01 17 2215 115.520 -22.720 30.0 3.70 MW MGO
1975 03 04 0415 117.100 -32.300 10.0 2.70 MW MGO
1978 03 06 0159 127.260 -17.980 9.0 2.80 MW MGO
1978 03 13 1457 115.800 -24.320 0.0 3.20 MW MGO
1978 03 16 1348 112.510 -27.560 0.0 2.90 MW MGO
1978 04 05 2032 115.120 -28.100 0.0 3.00 MW MGO
1975 04 18 1445 128.640 -16.040 0.0 2.60 MW MGO
1978 06 09 1231 115.200 -33.930 5.0 3.00 MW MGO
1978 07 05 2257 119.220 -17.850 0.0 3.20 MW MGO
1978 07 10 1648 120.140 -21.250 19.0 3.80 MW MGO
1978 07 27 2045 117.730 -33.450 6.0 3.50 MW MGO
1978 08 24 1236 116.110 -20.380 0.0 2.80 MW MGO
1978 08 31 1811 118.670 -22.030 0.0 2.90 MW MGO
1978 09 02 0849 123.280 -18.450 37.0 3.50 MW MGO
1978 11 10 2046 118.270 -33.630 5.0 2.90 MW MGO
1975 09 04 2041 116.900 -30.770 0.0 2.50 MW MGO
1978 11 16 2217 118.400 -33.400 0.0 3.70 MW MGO
1975 09 19 1254 116.920 -30.760 0.0 2.60 MW MGO
1978 11 28 1146 124.570 -30.140 15.0 3.00 MW MGO
1975 09 25 0426 117.750 -33.330 0.0 2.50 MW MGO
1975 11 22 0719 118.200 -33.100 0.0 2.50 MW MGO
1976 03 04 2107 116.670 -30.620 0.0 2.50 MW MGO
1976 03 17 2251 116.770 -30.500 0.0 2.50 MW MGO
1976 03 28 0735 127.600 -17.000 0.0 2.70 MW MGO
1976 03 29 0126 127.700 -16.900 0.0 2.70 MW MGO
1976 05 11 0926 117.090 -30.900 0.0 2.50 MW MGO
1976 05 11 1054 116.600 -30.700 0.0 2.60 MW MGO
1976 05 21 0543 128.250 -16.450 0.0 2.50 MW MGO
1976 07 01 1403 117.900 -33.700 0.0 2.60 MW MGO
1977 02 26 0549 128.360 -16.500 0.0 2.70 MW MGO
1977 03 08 1702 117.480 -31.170 0.0 2.50 MW MGO
1978 02 13 0614 128.660 -16.500 0.0 2.50 MW MGO
1978 05 03 0522 115.380 -27.470 0.0 2.60 MW MGO
1978 11 19 0714 118.400 -34.400 0.0 2.70 MW MGO
1978 12 25 1340 128.200 -15.660 0.0 2.50 MW MGO
1979 04 10 1811 117.760 -33.400 5.0 2.50 MW MGO
1979 05 25 0810 116.580 -32.750 5.0 2.60 MW MGO
1979 06 26 1913 124.190 -31.790 10.0 2.60 MW MGO
1979 07 26 1227 117.620 -31.290 10.0 2.50 MW MGO
1979 08 09 0617 114.410 -33.520 0.0 2.50 MW MGO
1979 10 06 0651 116.260 -29.550 0.0 2.50 MW MGO
1980 01 31 1104 117.300 -30.400 25.0 2.60 MW MGO
1980 06 12 2029 117.750 -33.430 5.0 2.70 MW MGO
1980 07 04 1811 122.820 -28.620 10.0 2.60 MW MGO
1980 08 01 1824 128.710 -16.440 37.0 2.70 MW MGO
1980 08 11 0020 116.510 -29.850 0.0 2.60 MW MGO
1981 01 09 2033 120.960 -30.880 0.0 2.50 MW MGO
1981 03 26 1857 114.370 -21.150 10.0 2.70 MW MGO
1981 06 08 0820 114.080 -22.410 10.0 2.70 MW MGO
1981 08 16 0240 116.760 -30.210 10.0 2.50 MW MGO
1981 12 02 1929 116.740 -31.000 10.0 2.70 MW MGO
1982 04 30 1055 120.720 -22.230 10.0 2.70 MW MGO
1982 09 03 1500 113.790 -22.220 10.0 2.50 MW MGO
1982 11 24 1612 117.400 -32.330 10.0 2.50 MW MGO
1983 01 20 1353 118.100 -33.820 5.0 2.50 MW MGO
1983 02 08 1945 121.360 -30.740 0.0 2.50 MW MGO
1983 02 12 2203 117.730 -33.410 10.0 2.60 MW MGO
1983 02 22 1941 113.040 -27.710 10.0 2.50 MW MGO
1983 04 06 1939 124.080 -29.200 10.0 2.50 MW MGO
1983 07 25 1503 122.850 -28.540 10.0 2.70 MW MGO
1983 11 16 1300 113.660 -25.550 10.0 2.50 MW MGO
1984 01 30 0244 116.940 -32.520 10.0 2.50 MW MGO
1984 06 09 0704 121.530 -30.750 0.0 2.50 MW MGO
1984 07 08 2314 113.900 -25.840 10.0 2.70 MW MGO
1984 07 16 1807 118.220 -33.580 10.0 2.50 MW MGO
1984 08 10 1348 117.300 -33.980 5.0 2.60 MW MGO
1984 08 19 2011 117.280 -33.340 10.0 2.60 MW MGO
1984 12 06 0117 114.340 -29.430 10.0 2.50 MW MGO
1985 01 14 1927 114.730 -22.180 10.0 2.50 MW MGO
1985 03 03 0028 117.730 -33.400 6.0 2.50 MW MGO
1985 04 24 2304 116.690 -31.990 10.0 2.50 MW MGO
1985 04 28 1551 113.770 -22.050 10.0 2.50 MW MGO
1985 07 03 0905 115.310 -25.530 10.0 2.50 MW MGO
1985 12 10 1133 117.010 -25.320 10.0 2.50 MW MGO
1986 02 09 0224 117.880 -30.880 5.0 2.50 MW MGO
1986 04 03 0806 116.460 -30.820 5.0 2.50 MW MGO
1986 04 05 1528 117.390 -32.220 5.0 2.60 MW MGO
1986 05 09 0836 121.038 -31.109 5.0 2.60 MW MGO
1986 05 20 1718 121.290 -21.080 5.0 2.60 MW MGO
1986 06 05 0707 117.380 -34.700 5.0 2.50 MW MGO
1986 06 17 1625 117.810 -30.750 5.0 2.50 MW MGO
1986 07 28 2005 115.180 -23.710 5.0 2.50 MW MGO
1986 08 08 1414 121.012 -31.087 5.0 2.50 MW MGO
1986 10 18 1306 119.750 -22.290 5.0 2.70 MW MGO
1986 11 07 0109 114.310 -22.230 5.0 2.70 MW MGO
1986 11 29 2233 114.000 -27.490 5.0 2.60 MW MGO
1986 12 06 2054 120.650 -21.360 5.0 2.50 MW MGO
1987 01 19 1003 117.710 -33.410 13.0 2.60 MW MGO
1987 01 22 1356 118.890 -30.600 5.0 2.50 MW MGO
1987 05 12 1654 117.370 -32.240 5.0 2.50 MW MGO
1987 05 20 1724 116.640 -31.250 5.0 2.50 MW MGO
1987 07 05 0528 116.340 -31.780 5.0 2.70 MW MGO
1987 07 10 2232 117.470 -31.220 1.0 2.60 MW MGO
1987 11 15 1129 115.050 -29.620 5.0 2.50 MW MGO
1987 12 12 1449 116.680 -31.030 2.0 2.70 MW MGO
1987 12 19 0143 117.654 -31.116 21.0 2.60 MW ISC
1988 01 06 0656 128.460 -17.040 5.0 2.70 MW MGO
1988 02 28 1756 118.270 -33.600 3.0 2.70 MW MGO
1988 03 18 2003 117.170 -32.150 5.0 2.60 MW MGO
1988 03 25 2105 116.150 -26.110 5.0 2.50 MW MGO
1988 04 05 1838 115.790 -20.730 5.0 2.50 MW MGO
1988 07 06 2240 116.790 -30.530 2.0 2.50 MW MGO
1988 08 18 0739 116.540 -33.310 1.0 2.60 MW MGO
1988 09 01 1134 116.560 -33.300 2.0 2.50 MW MGO
1988 10 09 0315 119.480 -28.360 12.0 2.60 MW MGO
1988 10 27 0800 117.740 -30.780 0.0 2.50 MW MGO
1989 01 19 1508 128.590 -16.870 5.0 2.60 MW MGO
1989 02 02 0714 117.240 -31.160 6.0 2.50 MW MGO
1989 02 13 1409 116.800 -30.540 2.0 2.50 MW MGO
1989 03 07 1706 124.750 -30.720 5.0 2.70 MW MGO
1989 04 19 1342 116.927 -34.355 1.0 2.60 MW MGO
1989 04 30 1616 117.261 -20.518 5.0 2.50 MW MGO
1989 05 15 1547 124.140 -30.470 5.0 2.50 MW MGO
1989 06 09 1833 121.407 -30.755 12.0 2.50 MW MGO
1989 06 15 1814 117.286 -33.348 12.0 2.60 MW MGO
1989 06 20 2119 116.881 -25.410 5.0 2.50 MW MGO
1989 07 22 0418 116.435 -21.756 5.0 2.50 MW MGO
1989 08 06 0554 118.300 -18.469 5.0 2.60 MW MGO
1989 08 14 1550 119.863 -20.631 5.0 2.50 MW MGO
1989 08 28 2125 113.796 -22.543 0.0 2.60 MW MGO
1989 09 04 0952 112.980 -25.018 5.0 2.70 MW MGO
1989 10 08 0130 113.253 -27.350 5.0 2.50 MW MGO
1989 12 14 0520 117.220 -33.346 2.0 2.60 MW MGO
1989 12 18 1510 111.554 -26.659 5.0 2.60 MW MGO
1989 12 27 1310 113.320 -26.944 5.0 2.50 MW MGO
1990 01 19 0416 116.508 -31.044 4.0 2.50 MW MGO
1990 04 14 1213 124.574 -15.809 5.0 2.50 MW MGO
1990 04 15 1317 116.797 -30.549 3.0 2.60 MW MGO
1990 05 09 0014 114.679 -21.615 5.0 2.70 MW MGO
1990 06 23 0003 116.783 -30.533 4.0 2.70 MW MGO
1990 06 24 2055 116.810 -30.535 1.0 2.70 MW MGO
1990 08 18 1947 118.529 -26.271 49.0 2.60 MW MGO
1990 09 03 1703 123.510 -31.180 9.0 2.70 MW MGO
1990 09 12 1050 116.800 -30.570 2.0 2.50 MW MGO
1990 10 17 1432 115.214 -25.059 31.0 2.70 MW MGO
1990 11 11 1725 120.190 -20.480 3.0 2.60 MW MGO
1990 11 27 1849 128.440 -16.680 2.0 2.50 MW MGO
1990 12 21 1557 117.491 -31.195 4.0 2.50 MW MGO
1991 01 07 1459 121.778 -15.603 5.0 2.50 MW MGO
1991 02 02 2342 119.397 -30.092 4.0 2.50 MW MGO
1991 02 08 1657 118.100 -18.748 5.0 2.70 MW MGO
1991 02 24 1518 112.590 -26.652 5.0 2.50 MW MGO
1991 03 07 1352 117.329 -31.220 1.0 2.60 MW MGO
1991 03 12 1040 114.573 -27.775 5.0 2.70 MW MGO
1991 05 02 0556 115.886 -33.738 2.0 2.70 MW MGO
1991 06 19 0101 116.916 -32.527 7.0 2.50 MW MGO
1991 06 22 1951 115.576 -24.423 5.0 2.60 MW MGO
1991 06 23 1520 113.147 -27.431 5.0 2.70 MW MGO
1991 06 29 2339 117.051 -30.612 1.0 2.50 MW MGO
1991 07 20 0207 121.538 -30.998 5.0 2.60 MW MGO
1991 07 25 2357 118.075 -33.647 1.0 2.50 MW MGO
1991 10 04 1746 114.126 -27.916 5.0 2.70 MW MGO
1991 10 24 0457 116.137 -20.340 5.0 2.70 MW MGO
1991 10 31 0323 120.993 -20.282 5.0 2.60 MW MGO
1991 11 14 1843 118.930 -21.091 5.0 2.70 MW MGO
1991 11 19 0553 118.130 -33.300 5.0 2.60 MW MGO
1991 12 06 2117 113.029 -24.072 5.0 2.50 MW MGO
1991 12 24 2006 126.197 -17.289 5.0 2.50 MW MGO
1992 01 12 0141 112.307 -26.725 5.0 2.60 MW MGO
1992 06 15 0202 116.650 -24.410 5.0 2.70 MW MGO
1992 07 01 0608 120.798 -21.203 5.0 2.60 MW MGO
1992 07 18 0753 121.169 -15.598 5.0 2.70 MW MGO
1992 08 03 0151 112.739 -23.467 5.0 2.60 MW MGO
1992 09 09 1347 122.813 -19.527 5.0 2.50 MW MGO
1992 09 17 2024 117.835 -33.936 5.0 2.60 MW MGO
1992 09 19 0927 116.318 -19.933 37.0 2.60 MW MGO
1992 10 14 1311 118.998 -18.396 5.0 2.50 MW MGO
1992 10 21 2050 113.839 -19.809 5.0 2.60 MW MGO
1992 10 28 2349 119.669 -21.330 5.0 2.60 MW MGO
1992 11 18 1042 116.348 -20.270 5.0 2.60 MW MGO
1992 11 22 1543 119.374 -18.184 5.0 2.60 MW MGO
1992 12 21 2021 121.520 -31.025 5.0 2.50 MW MGO
1992 12 24 1428 118.151 -18.362 5.0 2.60 MW MGO
1993 01 18 1046 117.275 -31.989 1.0 2.70 MW MGO
1993 01 24 1950 113.242 -19.900 5.0 2.70 MW MGO
1993 03 03 0723 113.955 -22.859 5.0 2.70 MW MGO
1993 03 11 2236 119.203 -18.256 5.0 2.50 MW MGO
1993 03 17 2358 121.057 -15.961 5.0 2.70 MW MGO
1993 04 24 1606 119.643 -20.466 5.0 2.50 MW MGO
1993 05 24 0119 118.258 -33.595 1.0 2.50 MW MGO
1993 05 26 0327 122.196 -32.533 5.0 2.70 MW MGO
1993 06 02 1718 116.334 -20.026 33.0 2.70 MW MGO
1993 06 11 1053 117.196 -32.143 5.0 2.60 MW MGO
1993 07 27 1118 116.620 -24.370 5.0 2.60 MW MGO
1993 08 12 2050 117.421 -32.249 2.0 2.60 MW MGO
1993 08 18 2024 118.184 -30.930 1.0 2.60 MW MGO
1993 09 24 0526 118.827 -18.296 5.0 2.70 MW MGO
1993 12 15 1918 115.188 -33.975 19.0 2.60 MW MGO
1994 01 07 1312 128.547 -16.575 5.0 2.60 MW MGO
1994 01 26 1733 122.316 -32.372 5.0 2.70 MW MGO
1994 02 12 1715 120.560 -21.647 5.0 2.60 MW MGO
1994 03 12 2215 117.412 -32.152 1.0 2.50 MW MGO
1994 03 23 0147 117.255 -31.166 5.0 2.50 MW MGO
1994 04 01 1826 117.263 -31.171 5.0 2.50 MW MGO
1994 04 04 0258 116.399 -20.057 5.0 2.60 MW MGO
1994 04 07 0138 116.207 -29.802 1.0 2.50 MW MGO
1994 04 18 0509 113.742 -28.977 5.0 2.60 MW MGO
1994 04 26 0408 128.632 -16.477 5.0 2.70 MW MGO
1994 06 11 1202 117.903 -31.537 5.0 2.50 MW MGO
1994 06 30 0734 119.132 -27.448 5.0 2.50 MW MGO
1994 09 12 0326 118.194 -33.679 1.0 2.50 MW MGO
1994 09 29 1127 118.389 -20.010 5.0 2.50 MW MGO
1994 10 10 1904 118.116 -32.699 5.0 2.60 MW MGO
1994 10 11 1456 118.056 -33.673 2.0 2.50 MW MGO
1994 10 31 0801 117.855 -33.872 1.0 2.60 MW MGO
1994 11 03 1338 111.634 -25.902 5.0 2.70 MW MGO
1994 11 14 1326 118.388 -30.725 9.0 2.60 MW MGO
1994 12 23 1906 123.583 -17.742 5.0 2.50 MW MGO
1995 02 16 0640 112.789 -29.318 5.0 2.60 MW MGO
1995 03 29 1229 112.978 -28.902 5.0 2.70 MW MGO
1995 04 05 2355 115.762 -25.576 5.0 2.70 MW MGO
1995 06 26 1049 128.605 -16.614 5.0 2.50 MW MEL
1995 08 18 2336 117.509 -31.222 5.0 2.60 MW MGO
1995 08 20 1009 110.968 -24.453 5.0 2.60 MW MGO
1995 09 11 1903 117.100 -25.476 5.0 2.70 MW MGO
1995 09 12 1718 123.552 -17.724 5.0 2.50 MW MGO
1995 10 22 1650 113.650 -27.288 5.0 2.50 MW MGO
1995 10 27 0913 117.281 -31.219 0.8 2.70 MW MGO
1995 12 09 1015 128.319 -16.635 5.0 2.70 MW MEL
1995 12 14 2139 123.730 -31.065 5.0 2.50 MW MGO
1995 12 26 1259 114.526 -22.756 5.0 2.70 MW MGO
1995 12 28 2219 120.804 -15.996 19.0 2.60 MW MGO
1996 03 26 1400 112.556 -23.092 5.0 2.70 MW MGO
1996 04 08 0619 123.914 -31.266 5.0 2.70 MW MGO
1996 07 14 0839 118.021 -33.690 1.0 2.70 MW MGO
1996 12 31 0149 117.282 -31.200 5.0 2.60 MW MGO
1997 02 24 1822 113.869 -27.874 9.0 2.60 MW MGO
1997 04 06 0221 114.809 -24.031 5.0 2.60 MW MGO
1997 04 25 1328 115.449 -25.336 5.0 2.70 MW MGO
1997 06 29 1437 119.650 -22.186 5.0 2.70 MW MGO
1997 07 10 0139 119.756 -32.144 1.0 2.50 MW MGO
1997 08 16 2252 114.483 -22.673 5.0 2.60 MW MGO
1997 08 17 0514 115.586 -28.617 5.0 2.60 MW MGO
1997 08 31 0143 123.684 -29.980 5.0 2.50 MW MGO
1997 10 04 1938 116.096 -19.235 5.0 2.70 MW MGO
1997 10 19 1859 115.584 -28.849 5.0 2.70 MW MGO
1997 10 21 0746 123.825 -29.558 5.0 2.60 MW MGO
1997 11 02 1824 115.862 -21.891 5.0 2.50 MW MGO
1997 12 10 0313 123.166 -30.345 5.0 2.60 MW MGO
1998 01 02 0133 115.230 -23.662 5.0 2.70 MW MGO
1998 01 07 1734 120.710 -20.920 5.0 2.60 MW MGO
1998 02 21 0209 113.487 -27.437 5.0 2.70 MW MGO
1998 03 04 1144 115.146 -23.403 5.0 2.60 MW MGO
1998 04 06 2056 115.968 -26.007 5.0 2.60 MW MGO
1998 04 20 1134 121.872 -30.351 5.0 2.50 MW MGO
1998 04 22 1821 119.754 -32.105 5.0 2.50 MW MGO
1998 04 26 1312 124.063 -31.851 14.0 2.70 MW MGO
1998 05 18 1824 114.633 -23.223 5.0 2.50 MW MGO
1998 05 22 1731 113.140 -25.401 5.0 2.50 MW MGO
1998 05 26 0104 123.934 -30.701 5.0 2.70 MW MGO
1998 05 27 0723 118.195 -34.031 5.0 2.70 MW MGO
1998 06 27 1642 120.886 -33.320 5.0 2.60 MW MGO
1998 07 16 0158 121.048 -21.252 5.0 2.50 MW MGO
1998 07 21 2000 121.439 -30.819 5.0 2.50 MW MGO
1998 09 14 0608 127.300 -17.155 5.0 2.70 MW MGO
1998 09 20 0135 119.985 -22.457 5.0 2.60 MW MGO
1998 10 27 2240 128.472 -17.002 5.0 2.70 MW MGO
1998 11 05 2050 123.695 -30.814 5.0 2.70 MW MGO
1998 12 14 2029 121.257 -30.987 5.0 2.60 MW MGO
1998 12 31 1113 121.410 -30.754 5.0 2.70 MW MGO
1999 01 12 1338 123.391 -20.113 5.0 2.60 MW MGO
1999 01 21 2237 117.860 -30.931 1.0 2.60 MW MGO
1999 02 21 1034 117.855 -30.881 3.0 2.50 MW MGO
1999 02 26 1014 113.774 -21.946 5.0 2.50 MW MGO
1999 03 18 1451 117.705 -31.476 5.0 2.60 MW MGO
1999 03 25 0432 117.700 -31.489 4.0 2.50 MW MGO
1999 04 15 1638 113.823 -21.773 24.0 2.50 MW MGO
1999 04 24 1414 117.246 -34.264 1.0 2.50 MW MGO
1999 05 20 1135 124.640 -30.070 5.0 2.50 MW MGO
1999 05 20 1405 116.340 -21.730 5.0 2.70 MW MGO
1999 05 24 1920 127.780 -15.470 5.0 2.70 MW MGO
1999 06 19 1442 113.830 -28.320 5.0 2.50 MW MGO
1999 07 21 2050 118.170 -30.820 2.0 2.50 MW MGO
1999 07 31 0353 116.260 -20.180 5.0 2.50 MW MGO
1999 08 10 1703 114.070 -23.430 5.0 2.50 MW MGO
1999 08 21 1258 116.280 -20.290 5.0 2.50 MW MGO
1999 08 26 1922 115.900 -26.450 5.0 2.50 MW MGO
1999 09 29 1959 115.660 -22.210 5.0 2.70 MW MGO
1999 10 10 1053 117.900 -30.940 6.0 2.50 MW MGO
1999 10 10 1327 116.420 -20.140 5.0 2.60 MW MGO
1999 10 12 0043 118.230 -18.530 5.0 2.70 MW MGO
1999 10 14 0018 127.580 -16.710 5.0 2.60 MW MGO
1999 10 18 0714 117.760 -34.050 1.0 2.50 MW MGO
1999 11 01 1438 117.490 -24.220 1.0 2.70 MW MGO
1999 12 01 0511 123.220 -17.970 5.0 2.70 MW MGO
1999 12 15 2236 119.730 -32.140 2.0 2.70 MW MGO
1999 12 17 1226 115.920 -35.330 5.0 2.70 MW MGO
2000 01 12 1731 111.210 -25.350 5.0 2.50 MW MGO
2000 02 10 0013 117.790 -30.750 3.0 2.50 MW MGO
2000 02 28 1843 120.950 -21.580 5.0 2.70 MW MGO
2000 04 08 2227 116.446 -20.027 5.0 2.50 MW AGSO
2000 06 16 1923 117.529 -27.296 0.0 2.50 MW AGSO
2000 06 19 0138 121.299 -33.551 0.0 2.50 MW AGSO
2000 06 26 1947 120.953 -20.694 0.0 2.70 MW AGSO
2000 12 03 1334 117.820 -30.614 0.0 2.60 MW AUST
2000 12 26 2011 118.063 -30.844 0.0 2.50 MW AGSO
2001 01 12 1451 113.621 -28.046 15.0 2.50 MW ISC
2001 02 02 0833 123.052 -32.067 10.0 2.50 MW AGSO
2001 02 28 2251 117.691 -31.460 5.0 2.50 MW AUST
2001 03 09 1821 118.271 -31.904 2.0 2.60 MW AUST
2001 03 28 1748 121.163 -33.401 0.0 2.50 MW AGSO
2001 04 23 1328 116.658 -32.976 2.0 2.70 MW AUST
2001 04 27 1423 121.779 -32.580 10.0 2.70 MW AGSO
2001 06 04 1407 114.390 -26.530 14.0 2.60 MW AGSO
2001 06 24 1017 119.740 -31.995 0.0 2.70 MW AUST
2001 08 12 1532 117.778 -32.111 0.0 2.50 MW AUST
2001 10 15 0616 113.713 -22.479 10.0 2.50 MW AUST
2001 10 29 0859 117.395 -24.947 15.0 2.70 MW ISC
2001 11 18 2355 115.090 -34.580 10.0 2.70 MW AUST
2001 12 18 0447 117.683 -31.378 1.0 2.60 MW AUST
2002 02 02 0034 119.231 -29.317 3.0 2.60 MW AUST
2002 02 18 1414 116.480 -33.542 3.0 2.50 MW AUST
2002 02 20 1743 114.081 -33.005 6.0 2.50 MW AUST
2002 03 20 1702 114.678 -23.308 20.0 2.50 MW AUST
2002 04 19 2312 123.583 -30.671 5.0 2.70 MW AUST
2002 05 04 0137 117.738 -32.070 3.0 2.70 MW AUST
2002 06 12 0331 117.097 -32.389 0.0 2.70 MW AUST
2002 10 17 2034 118.324 -30.505 0.0 2.50 MW AUST
2002 11 08 1951 117.028 -30.188 1.0 2.70 MW AUST
2003 03 14 2139 117.779 -33.405 1.1 2.50 MW AUST
2003 04 15 1916 118.709 -31.196 10.0 2.70 MW AUST
2003 05 01 0249 115.725 -24.596 31.0 2.60 MW AUST
2003 05 11 0834 114.144 -29.175 18.0 2.50 MW AUST
2003 06 01 0255 114.108 -21.933 1.7 2.70 MW AUST
2003 06 04 2004 115.269 -33.552 5.0 2.70 MW AUST
2003 08 11 0634 117.157 -31.981 0.0 2.50 MW AUST
2004 04 10 1745 117.971 -30.991 0.7 2.50 MW AUST
2004 07 28 0951 118.294 -33.593 0.0 2.50 MW AUST
2004 08 31 1327 117.005 -30.589 5.0 2.50 MW AUST
2005 01 31 1322 121.453 -30.806 0.0 2.60 MW AUST
2005 03 06 0537 115.730 -28.097 0.0 2.50 MW AUST
2005 03 15 1249 116.844 -32.527 0.0 2.70 MW AUST
2005 03 17 1636 116.604 -31.116 10.4 2.70 MW AUST
2005 04 15 0812 116.714 -31.968 2.0 2.50 MW AUST
2005 05 12 0118 117.203 -31.953 5.0 2.60 MW AUST
2005 06 24 0851 116.604 -31.304 5.0 2.50 MW AUST
2005 07 09 1348 124.660 -14.950 37.0 2.50 MW AUST
2005 08 15 0956 118.236 -30.750 1.8 2.50 MW AUST
2005 09 11 2140 128.730 -16.518 5.0 2.60 MW AUST
2005 10 22 0638 117.878 -30.225 2.9 2.70 MW AUST
2005 12 14 1102 113.701 -21.889 22.0 2.60 MW AUST
2006 01 22 2015 118.294 -33.378 0.0 2.50 MW AUST
2006 02 05 2006 114.959 -23.737 15.0 2.60 MW AUST
2006 03 04 1703 115.912 -33.618 0.0 2.70 MW AUST
2006 03 17 0455 118.261 -30.760 2.8 2.50 MW AUST
2006 04 23 1423 122.075 -17.288 3.0 2.60 MW AUST
2006 05 02 2357 117.725 -30.266 3.0 2.50 MW AUST
2006 05 08 0122 127.859 -17.673 0.0 2.70 MW AUST
2006 09 11 1841 118.877 -32.382 2.2 2.50 MW AUST
2006 11 22 1459 111.680 -25.788 139.0 2.50 MW AUST
2006 12 10 1634 117.473 -25.085 10.0 2.70 MW AUST
2007 03 30 1752 116.274 -33.390 0.0 2.50 MW AUST
2007 07 17 1031 113.319 -25.535 0.0 2.60 MW AUST
2007 10 17 0441 117.283 -30.602 2.0 2.60 MW AUST
2007 10 19 2252 118.177 -33.275 1.0 2.70 MW AUST
2007 12 11 1605 128.777 -16.430 9.0 2.60 MW AUST
2008 03 05 0654 117.983 -30.764 6.0 2.50 MW AUST
2008 04 05 1204 117.781 -30.349 1.1 2.70 MW AUST
2008 04 12 2353 118.023 -30.925 6.0 2.70 MW AUST
2008 05 17 0905 117.501 -30.664 11.1 2.70 MW AUST
2008 07 04 1525 125.965 -31.700 0.6 2.70 MW AUST
2008 07 20 2114 116.759 -32.004 3.0 2.60 MW AUST
2008 08 08 1027 117.281 -30.466 3.7 2.50 MW AUST
2009 02 11 0802 116.640 -33.390 10.0 2.60 MW AUST
2009 03 08 1325 117.143 -30.045 7.0 2.50 MW AUST
2009 04 03 1531 120.822 -31.973 0.0 2.60 MW AUST
2009 08 09 2117 117.734 -30.234 3.5 2.70 MW AUST
2010 01 14 2135 120.278 -33.147 0.0 2.50 MW AUST
2010 03 28 1637 121.558 -30.832 10.0 2.70 MW AUST
2010 04 03 2050 118.316 -30.683 0.0 2.60 MW AUST
2010 04 13 1110 117.284 -31.309 4.0 2.60 MW AUST
2010 04 20 1019 122.199 -32.356 0.0 2.60 MW AUST
2010 05 02 0430 118.002 -30.714 11.0 2.60 MW AUST
2010 05 12 1109 118.278 -33.646 4.0 2.60 MW AUST
2010 06 04 1056 121.385 -30.726 0.0 2.60 MW AUST
2010 06 06 1829 121.487 -30.844 0.0 2.50 MW AUST
2010 07 05 1434 118.336 -24.916 0.0 2.60 MW AUST
2010 07 15 1359 119.454 -33.905 10.0 2.50 MW AUST
2010 08 31 0952 117.799 -30.875 1.0 2.60 MW AUST
2010 09 02 0427 117.799 -30.855 0.0 2.60 MW AUST
2010 09 19 2123 121.642 -30.745 1.0 2.60 MW AUST
2010 10 05 0715 117.768 -30.262 0.0 2.60 MW AUST
2010 10 21 0830 113.972 -29.424 0.0 2.50 MW AUST
2010 10 24 1811 116.939 -25.367 5.6 2.70 MW AUST
2010 11 08 1941 119.162 -31.113 10.0 2.70 MW AUST
2010 12 09 1653 127.410 -17.223 5.0 2.70 MW AUST
2010 12 12 1226 114.607 -26.965 10.0 2.50 MW AUST
2010 12 22 2253 117.782 -30.661 5.0 2.50 MW AUST
2011 01 28 0911 117.962 -33.970 0.0 2.50 MW AUST
2011 01 30 0857 118.105 -30.535 0.0 2.50 MW AUST
2011 04 04 1203 127.984 -17.452 0.0 2.70 MW AUST
2011 05 22 0140 119.328 -33.200 10.0 2.50 MW AUST
2011 07 17 0122 117.800 -31.837 2.0 2.50 MW AUST
2011 07 30 1427 118.074 -31.288 0.0 2.60 MW AUST
2011 07 30 2118 118.050 -31.295 5.0 2.60 MW AUST
2011 07 31 1350 115.855 -30.122 16.0 2.50 MW AUST
2011 08 05 0947 118.915 -33.201 10.0 2.70 MW AUST
2011 10 11 2122 117.135 -30.161 11.0 2.70 MW AUST
2011 11 01 0111 117.611 -31.151 10.0 2.50 MW AUST
2011 11 02 0332 121.474 -30.871 4.0 2.50 MW AUST
2011 11 24 1757 121.390 -30.846 19.0 2.70 MW AUST
2011 11 27 0654 117.560 -30.633 0.0 2.70 MW AUST
2012 01 13 1902 121.554 -30.681 4.0 2.70 MW AUST
2012 01 29 1345 118.988 -32.183 10.0 2.70 MW AUST
2012 02 23 2216 118.651 -30.500 10.0 2.50 MW AUST
2012 03 13 1848 116.347 -28.795 0.0 2.70 MW AUST
2012 04 29 1434 118.004 -33.331 12.0 2.50 MW AUST
2012 05 08 0255 116.099 -28.634 10.0 2.70 MW AUST
2012 05 08 1518 117.841 -30.217 16.0 2.50 MW AUST
2012 07 08 0933 116.603 -29.130 10.0 2.50 MW AUST
2012 08 14 1659 116.467 -31.877 0.0 2.50 MW AUST
2012 09 04 0921 117.705 -30.495 10.0 2.50 MW AUST
2012 09 06 1256 118.561 -33.320 0.0 2.60 MW AUST
2012 09 21 0853 117.705 -30.425 0.0 2.50 MW AUST
2012 10 31 2154 120.807 -33.362 0.0 2.70 MW AUST
2012 12 09 0741 117.608 -31.232 0.0 2.60 MW AUST
2012 12 12 0830 119.177 -32.192 0.0 2.60 MW AUST
2012 12 12 2048 118.824 -32.261 10.0 2.50 MW AUST
2012 12 26 2046 115.809 -35.114 2.0 2.70 MW AUST
2013 01 31 2024 118.829 -32.281 10.0 2.50 MW AUST
2013 02 09 2221 117.406 -30.644 0.0 2.60 MW AUST
2013 02 16 1438 118.883 -32.252 6.0 2.60 MW AUST
2013 03 03 0926 119.160 -32.322 10.0 2.60 MW AUST
2013 03 03 0927 119.045 -32.410 10.0 2.60 MW AUST
2013 03 05 0637 117.431 -30.654 4.0 2.70 MW AUST
2013 03 27 1410 116.755 -25.001 10.0 2.50 MW AUST
2013 04 08 0939 116.770 -29.194 0.0 2.50 MW AUST
2013 04 20 0134 119.855 -28.614 18.0 2.60 MW AUST
2013 04 25 1213 118.859 -31.198 6.0 2.50 MW AUST
2013 05 20 0514 116.745 -29.143 15.0 2.50 MW AUST
2013 05 22 1047 117.066 -34.396 0.0 2.60 MW AUST
2013 06 03 1327 117.420 -30.651 0.0 2.70 MW AUST
2013 06 03 1329 117.430 -30.630 2.0 2.70 MW AUST
2013 06 03 2009 116.646 -34.435 10.0 2.70 MW AUST
2013 06 17 0949 115.964 -28.758 0.0 2.50 MW AUST
2013 06 25 2048 116.234 -28.805 0.0 2.50 MW AUST
2013 06 29 1511 119.220 -32.312 10.0 2.50 MW AUST
2013 07 19 1842 117.454 -32.123 5.0 2.60 MW AUST
2013 07 20 1524 117.702 -33.541 5.0 2.50 MW AUST
2013 07 22 0707 119.500 -22.396 0.0 2.50 MW AUST
2013 08 15 0529 118.906 -30.361 10.0 2.60 MW AUST
2013 08 24 0639 123.662 -30.872 0.0 2.70 MW AUST
2013 09 05 1759 117.936 -30.957 2.0 2.50 MW AUST
2013 09 10 2348 118.879 -30.336 13.0 2.70 MW AUST
2013 09 18 1731 117.610 -30.662 7.0 2.70 MW AUST
2013 09 21 1341 114.744 -33.944 10.0 2.60 MW AUST
2013 09 22 1928 117.619 -33.457 5.0 2.50 MW AUST
2013 09 28 1702 117.064 -34.257 0.0 2.70 MW AUST
2013 10 01 0712 117.566 -33.451 6.0 2.60 MW AUST
2013 10 10 2057 117.010 -30.473 10.0 2.60 MW AUST
2013 11 05 1648 117.604 -30.651 12.0 2.60 MW AUST
2013 11 28 1319 117.228 -34.127 7.0 2.50 MW AUST
2013 12 01 1250 117.383 -30.669 17.0 2.60 MW AUST
2013 12 01 1921 118.866 -30.341 1.0 2.50 MW AUST
2013 12 07 0625 117.116 -30.495 9.0 2.60 MW AUST
2013 12 15 0502 121.982 -29.092 0.0 2.50 MW AUST
2013 12 16 1702 117.479 -30.613 10.0 2.50 MW AUST
2013 12 18 0401 117.420 -30.654 6.0 2.50 MW AUST
2013 12 23 0852 116.269 -31.187 1.0 2.70 MW AUST
2014 01 12 0505 116.845 -29.190 0.0 2.50 MW AUST
2014 01 17 0449 119.495 -22.377 0.0 2.70 MW AUST
2014 02 01 1733 117.110 -30.549 14.0 2.50 MW AUST
2014 02 04 0450 120.217 -30.256 0.0 2.50 MW AUST
2014 02 07 1821 117.097 -30.536 14.0 2.50 MW AUST
2014 02 09 1053 117.740 -30.491 3.0 2.60 MW AUST
2014 03 06 2349 117.761 -30.402 0.0 2.50 MW AUST
2014 04 04 1521 121.428 -30.775 0.0 2.60 MW AUST
2014 04 14 1254 121.433 -30.743 10.0 2.70 MW AUST
2014 04 21 0942 114.918 -24.753 10.0 2.70 MW AUST
2014 06 10 2019 117.767 -30.436 10.0 2.60 MW AUST
2014 06 14 0506 116.771 -29.200 7.0 2.50 MW AUST
2014 07 10 2156 118.617 -30.493 10.0 2.50 MW AUST
2014 07 18 0747 116.999 -25.288 13.0 2.70 MW AUST
2014 07 19 0540 119.432 -22.887 15.0 2.70 MW AUST
2014 07 20 1421 120.667 -29.611 10.0 2.70 MW AUST
2014 07 23 1805 118.065 -33.442 0.0 2.60 MW AUST
2014 07 26 0215 119.790 -28.297 0.0 2.50 MW AUST
2014 07 27 1859 116.976 -32.271 12.0 2.50 MW AUST
2014 08 02 0517 116.804 -29.192 0.0 2.50 MW AUST
2014 08 07 2028 118.921 -32.254 10.0 2.60 MW AUST
2014 08 14 1708 114.219 -24.595 10.0 2.70 MW AUST
2014 08 19 1410 119.382 -31.403 14.0 2.50 MW AUST
2014 08 23 1151 119.560 -18.297 0.0 2.50 MW AUST
2014 09 04 0653 117.787 -30.386 10.0 2.60 MW AUST
2014 09 08 1257 117.207 -33.710 12.0 2.60 MW AUST
2014 09 25 2301 117.793 -30.477 10.0 2.50 MW AUST
2014 10 16 2341 116.214 -28.741 0.0 2.50 MW AUST
2014 11 05 0345 117.111 -33.701 6.0 2.70 MW AUST
2014 11 05 1213 117.249 -33.699 13.0 2.60 MW AUST
2014 11 06 0058 117.629 -30.652 5.7 2.50 MW SRC
2014 11 08 2204 117.766 -30.416 0.0 2.50 MW SRC
2014 11 16 0324 122.547 -32.490 10.0 2.50 MW AUST
2014 12 03 0246 117.668 -30.617 6.0 2.70 MW AUST
2014 12 08 0526 116.807 -29.142 10.0 2.70 MW AUST
2015 01 05 2025 120.848 -29.849 10.0 2.60 MW AUST
2015 01 18 1557 121.176 -30.697 10.0 2.60 MW AUST
2015 05 23 1211 121.185 -30.904 10.0 2.50 MW AUST
2015 06 08 0726 117.669 -30.303 14.0 2.50 MW AUST
2015 06 10 1913 121.645 -30.602 8.0 2.60 MW AUST
2015 06 10 2352 121.369 -30.922 15.0 2.50 MW AUST
2015 08 28 0354 115.869 -24.360 15.0 2.70 MW AUST
2015 09 07 0504 116.656 -29.306 0.0 2.50 MW AUST
2015 09 11 0802 117.071 -30.719 17.0 2.60 MW AUST
2015 10 08 2226 114.360 -28.133 20.0 2.50 MW AUST
2015 12 31 0736 117.552 -30.643 10.0 2.50 MW SRC
2016 01 20 1006 116.673 -25.500 10.0 2.70 MW AUST
2016 03 02 0436 117.714 -33.480 15.0 2.60 MW AUST
2016 04 27 2043 121.628 -31.180 2.0 2.70 MW AUST
2016 06 01 2230 116.942 -32.154 7.0 2.60 MW AUST
2016 06 13 1512 118.454 -30.708 10.0 2.70 MW SRC
2016 06 25 1946 117.613 -31.482 0.0 2.50 MW AUST
2016 07 01 0840 121.440 -30.732 10.0 2.60 MW AUST
2016 07 15 1533 117.087 -30.859 1.7 2.50 MW SRC
2016 07 22 0036 115.401 -22.536 0.0 2.60 MW AUST
2016 09 08 1515 119.268 -31.294 0.0 2.60 MW AUST
2016 09 19 0530 116.570 -29.383 5.0 2.70 MW AUST
2016 10 10 2314 121.437 -30.785 0.0 2.70 MW AUST
2016 10 25 0953 121.543 -30.835 10.0 2.60 MW AUST
2016 11 15 2110 118.404 -30.690 10.0 2.60 MW AUST
2016 12 01 0728 119.275 -33.208 10.0 2.60 MW AUST
2016 12 29 1656 121.491 -30.654 10.0 2.70 MW AUST
2016 12 30 0838 117.799 -30.432 10.0 2.50 MW AUST
2017 01 05 0557 118.219 -30.701 10.0 2.60 MW AUST
2017 01 06 0820 118.218 -30.669 10.0 2.60 MW AUST
2017 01 28 0423 118.841 -32.187 10.0 2.70 MW AUST
2017 01 30 1900 118.932 -32.089 10.0 2.70 MW AUST
2017 03 28 1655 120.070 -33.174 10.0 2.70 MW AUST
2017 04 04 1825 121.927 -33.206 10.0 2.60 MW AUST
2017 04 25 1108 114.450 -23.009 10.0 2.60 MW AUST
2017 06 03 0733 119.169 -30.808 10.0 2.50 MW AUST
