1841 01 27 2155 151.600 -32.800 10.0 4.3 MW KMcC
1842 10 27 1930 151.600 -32.600 10.0 4.7 MW KMcC
1868 06 18 1358 151.600 -32.800 10.0 4.7 MW KMcC
1925 12 18 1047 151.600 -33.000 10.0 5.1 MW BurkeG
1949 07 18 0000 151.500 -33.000 10.0 3.9 MW KMcC
1960 07 07 0612 150.500 -32.500 0.0 3.5 MW CAN
1978 08 22 1037 151.420 -32.870 20.0 3.5 MW CAN
1960 08 09 0452 150.700 -32.000 0.0 3.1 MW CAN
1961 10 30 0349 151.000 -32.800 0.0 3.2 MW CAN
1960 11 23 2247 151.000 -32.500 0.0 2.8 MW CAN
1967 09 13 0457 150.500 -32.070 0.0 3.2 MW CAN
1961 02 20 1434 151.000 -33.000 0.0 2.5 MW CAN
1970 03 16 0717 151.670 -32.730 0.0 3.0 MW CAN
1961 04 19 0450 151.270 -33.200 0.0 2.5 MW CAN
1970 09 10 0832 151.170 -32.170 0.0 3.0 MW CAN
1961 04 20 0552 150.700 -32.700 0.0 2.7 MW CAN
1971 05 03 0645 151.320 -32.180 0.0 3.1 MW CAN
1961 05 26 1707 151.500 -32.800 0.0 2.5 MW CAN
1973 06 21 1443 150.980 -33.050 0.0 3.3 MW CAN
1961 06 28 1721 151.300 -32.800 0.0 2.4 MW CAN
1961 08 12 1800 151.500 -32.800 0.0 2.9 MW CAN
1961 10 26 1321 151.300 -32.800 0.0 2.9 MW CAN
1979 02 04 1326 151.400 -33.000 29.0 3.3 MW CAN
1979 03 02 1805 151.410 -32.990 13.0 3.2 MW CAN
1961 11 03 1323 151.000 -32.500 0.0 2.4 MW CAN
1979 10 01 0822 151.420 -32.830 0.0 3.0 MW CAN
1961 12 20 0809 151.700 -32.800 0.0 2.5 MW CAN
1980 09 11 2306 151.140 -33.170 62.0 3.0 MW CAN
1980 10 17 0202 151.100 -33.370 24.0 3.0 MW CAN
1962 03 09 1452 150.750 -32.330 0.0 2.7 MW CAN
1964 10 09 1008 151.500 -33.100 0.0 2.7 MW CAN
1964 11 25 1627 151.490 -33.040 11.0 2.9 MW CAN
1968 03 15 1400 151.610 -32.830 0.0 2.9 MW CAN
1968 10 10 0410 151.420 -32.230 0.0 2.9 MW CAN
1969 07 12 0704 151.360 -33.190 16.0 2.7 MW CAN
1969 08 05 0433 150.600 -32.030 0.0 2.7 MW CAN
1984 04 14 1638 151.400 -32.800 0.0 3.0 MW CAN
1969 10 25 0705 151.380 -33.280 0.0 2.7 MW CAN
1987 08 26 0138 151.168 -32.732 0.0 3.4 MW BMR
1970 03 18 0014 151.450 -32.730 11.0 2.9 MW CAN
1988 08 23 1807 151.483 -32.901 5.0 3.1 MW BMR
1970 03 21 0105 151.770 -32.550 0.0 2.7 MW CAN
1970 07 04 0458 151.330 -33.300 0.0 2.5 MW CAN
1970 07 15 0208 151.020 -33.270 0.0 2.5 MW CAN
1970 07 25 0738 151.220 -33.250 0.0 2.6 MW CAN
1970 10 09 0738 151.370 -32.280 0.0 2.8 MW CAN
1971 08 14 0531 151.380 -33.220 0.0 2.8 MW CAN
1971 10 23 0458 151.270 -33.130 0.0 2.8 MW CAN
1972 04 20 0553 151.330 -33.230 0.0 2.6 MW CAN
1976 11 21 0942 151.280 -32.600 0.0 2.7 MW CAN
1976 12 15 1603 151.030 -32.800 0.0 2.9 MW CAN
1977 03 13 1325 151.340 -32.700 28.0 2.9 MW CAN
1977 03 13 1916 151.370 -33.380 0.0 2.6 MW CAN
1977 03 23 1746 151.480 -32.940 11.0 2.9 MW CAN
1978 04 29 0446 151.270 -33.280 0.0 2.7 MW CAN
1978 10 14 0652 151.430 -33.170 0.0 2.9 MW CAN
1979 03 19 1216 151.400 -32.900 0.0 2.9 MW CAN
1979 06 04 1319 150.960 -33.200 0.0 2.9 MW CAN
1980 05 27 0558 151.130 -33.250 10.0 2.9 MW CAN
1980 12 11 0438 151.230 -33.170 0.0 2.8 MW CAN
1981 01 07 0204 151.240 -33.240 14.0 2.9 MW CAN
1983 04 16 0320 151.050 -33.360 3.0 2.9 MW CAN
1992 01 16 0208 151.085 -32.574 0.0 2.5 MW MEL
1992 01 17 0252 150.996 -32.346 0.0 2.5 MW MEL
1992 06 09 0156 151.079 -32.514 0.0 2.9 MW MEL
1992 06 16 2051 151.564 -33.084 17.5 2.9 MW MEL
1992 06 18 2317 151.125 -32.501 0.0 2.9 MW MEL
1992 07 02 0310 150.801 -32.300 0.0 2.9 MW MEL
1992 07 02 0332 151.084 -32.585 0.0 2.9 MW MEL
1992 07 06 0109 151.190 -32.553 0.0 2.6 MW MEL
1992 07 06 0211 151.096 -32.646 0.0 2.8 MW MEL
1992 07 10 0218 151.156 -32.614 0.0 2.9 MW MEL
1992 07 10 0425 151.083 -32.561 0.0 2.9 MW MEL
1992 07 14 0334 150.997 -32.595 0.0 2.9 MW MEL
1992 08 01 0343 151.029 -32.381 0.0 2.7 MW MEL
1992 08 03 0126 151.562 -32.416 0.0 2.8 MW MEL
1992 08 03 0157 151.053 -32.510 0.0 2.7 MW MEL
1992 08 03 0228 151.580 -32.833 0.0 2.8 MW MEL
1992 08 06 0403 151.089 -32.396 0.0 2.9 MW MEL
1992 08 13 0337 150.843 -32.468 0.0 2.9 MW MEL
1992 08 15 0235 151.049 -32.489 0.0 2.6 MW MEL
1992 08 18 0308 150.941 -32.543 0.0 2.9 MW MEL
1992 08 19 0133 150.444 -32.319 0.0 2.8 MW MEL
1992 08 19 0146 151.124 -32.526 0.0 2.9 MW MEL
1992 08 27 0229 150.907 -32.313 0.0 2.8 MW MEL
1992 08 28 0250 151.506 -32.745 0.0 2.7 MW MEL
1992 09 11 0115 150.881 -32.287 0.0 2.8 MW MEL
1992 09 14 0139 151.077 -32.538 0.0 2.9 MW MEL
1992 09 17 0231 150.924 -32.486 0.0 2.7 MW MEL
1992 09 17 0235 150.959 -32.472 0.0 2.7 MW MEL
1992 10 14 0244 151.101 -32.551 0.0 2.6 MW MEL
1992 10 14 2234 150.992 -32.404 0.0 2.9 MW MEL
1992 10 16 0348 150.935 -32.508 0.0 2.9 MW MEL
1992 10 24 0036 151.012 -32.514 0.0 2.8 MW MEL
1992 11 02 0252 151.074 -32.558 0.0 2.9 MW MEL
1992 11 05 0632 151.129 -32.392 0.0 2.9 MW MEL
1992 11 18 0019 151.140 -32.468 0.0 2.6 MW MEL
1992 11 19 0128 151.050 -32.607 0.0 2.7 MW MEL
1992 12 03 0451 151.297 -32.815 0.0 2.8 MW MEL
1992 12 09 0313 150.940 -32.539 0.0 2.9 MW MEL
1992 12 10 0545 151.062 -32.550 0.0 2.9 MW MEL
1992 12 15 0129 150.983 -32.538 0.0 2.7 MW MEL
1992 12 15 2130 151.295 -32.770 0.0 2.6 MW MEL
1992 12 18 0103 151.305 -32.770 0.0 2.7 MW MEL
1992 12 18 0600 151.022 -32.458 0.0 2.9 MW MEL
1992 12 23 0222 151.061 -32.564 0.0 2.9 MW MEL
1992 12 30 0101 151.149 -32.490 0.0 2.8 MW MEL
1992 12 30 0442 150.969 -32.370 0.0 2.9 MW MEL
1993 01 04 0210 151.046 -32.546 0.0 2.9 MW MEL
1993 01 08 0005 151.039 -32.328 0.0 2.6 MW MEL
1993 01 11 0127 151.175 -32.246 0.0 2.7 MW MEL
1993 01 11 0251 150.840 -32.265 0.0 2.7 MW MEL
1993 01 14 0238 150.989 -32.563 0.0 2.9 MW MEL
1993 01 19 0241 150.835 -32.528 0.0 2.7 MW MEL
1993 02 05 0123 151.061 -32.613 0.0 2.9 MW MEL
1993 02 10 0235 150.999 -32.561 0.0 2.9 MW MEL
1993 02 23 0258 151.069 -32.557 0.0 2.9 MW MEL
1993 02 23 2138 150.942 -32.328 0.0 2.9 MW MEL
1993 03 01 2319 151.115 -32.389 0.0 2.9 MW MEL
1993 03 02 0115 150.959 -32.607 0.0 2.7 MW MEL
1993 03 03 0149 150.835 -32.411 0.0 2.7 MW MEL
1993 03 10 0316 150.870 -32.314 0.0 2.9 MW MEL
1993 03 11 0240 150.924 -32.572 0.0 2.9 MW MEL
1993 03 16 0429 151.283 -32.567 0.0 2.8 MW MEL
1993 03 18 0213 150.921 -32.629 0.0 2.9 MW MEL
1993 03 20 0118 151.268 -32.437 0.0 2.8 MW MEL
1993 04 02 0221 151.124 -32.660 0.0 2.6 MW MEL
1993 05 03 0319 151.085 -32.595 0.0 2.9 MW MEL
1993 05 11 2017 151.396 -33.028 0.0 2.6 MW MEL
1993 06 30 0151 151.114 -32.573 0.0 2.9 MW MEL
1993 07 22 0223 151.032 -32.429 0.0 2.6 MW MEL
1993 07 22 0310 151.081 -32.577 0.0 2.9 MW MEL
1993 07 24 0235 150.912 -32.375 0.0 2.8 MW MEL
1993 07 28 0509 150.995 -32.377 0.0 2.9 MW MEL
1993 08 07 2212 150.850 -32.314 0.0 2.8 MW MEL
1993 08 12 0445 151.553 -32.724 0.0 2.9 MW MEL
1993 08 14 0222 150.997 -32.375 0.0 2.9 MW MEL
1993 09 01 0233 151.044 -32.653 0.0 2.4 MW MEL
1993 09 01 2334 151.120 -32.490 0.0 2.9 MW MEL
1993 09 10 0325 151.072 -32.613 0.0 2.4 MW MEL
1993 09 14 0425 150.990 -32.567 0.0 2.8 MW MEL
1993 09 23 0339 151.027 -32.395 0.0 2.9 MW MEL
1993 09 24 0739 151.060 -32.407 0.0 2.9 MW MEL
1993 09 29 0313 150.953 -32.549 0.0 2.9 MW MEL
1993 09 29 2311 150.948 -32.456 0.0 2.8 MW MEL
1993 10 29 0421 151.482 -32.741 0.0 2.9 MW MEL
1993 11 01 2348 150.832 -32.257 0.0 2.7 MW MEL
1993 11 03 2357 150.961 -32.363 0.0 2.9 MW MEL
1993 11 04 0112 151.087 -32.585 0.0 2.9 MW MEL
1993 11 09 0248 150.849 -32.473 0.0 2.7 MW MEL
1993 11 16 0259 150.596 -32.260 0.0 2.9 MW MEL
1993 12 08 0228 151.656 -32.748 0.0 2.4 MW MEL
1993 12 13 0114 151.022 -32.622 0.0 2.9 MW MEL
1993 12 13 0253 151.161 -32.591 0.0 2.9 MW MEL
1993 12 15 0154 150.800 -32.425 0.0 2.5 MW MEL
1993 12 17 0118 151.091 -32.565 0.0 2.8 MW MEL
1994 01 07 0227 150.982 -32.435 0.0 2.7 MW MEL
1994 01 20 0526 151.067 -32.553 0.0 2.8 MW MEL
1994 01 21 0241 150.808 -32.372 0.0 2.5 MW MEL
1994 01 24 0307 150.853 -32.279 0.0 2.7 MW MEL
1994 01 24 0722 151.044 -32.355 0.0 2.7 MW MEL
1994 01 31 0118 151.093 -32.595 0.0 2.8 MW MEL
1994 02 02 2303 151.040 -32.479 0.0 2.6 MW MEL
1994 02 03 0508 151.294 -32.858 0.0 2.5 MW MEL
1994 02 05 0129 151.034 -32.589 0.0 2.8 MW MEL
1994 02 11 0243 151.551 -32.649 0.0 2.5 MW MEL
1994 02 16 0047 150.839 -32.282 0.0 2.7 MW MEL
1994 02 17 0241 151.065 -32.588 0.0 2.9 MW MEL
1994 02 18 0423 151.321 -32.881 0.0 2.4 MW MEL
1994 02 21 0122 150.969 -32.538 0.0 2.9 MW MEL
1994 02 22 0231 151.616 -32.733 0.0 2.6 MW MEL
1994 02 24 0120 151.121 -32.590 0.0 2.6 MW MEL
1994 02 24 0709 151.297 -32.484 0.0 2.6 MW MEL
1994 02 25 0042 150.954 -32.369 0.0 2.7 MW MEL
1994 02 25 0206 150.957 -32.447 0.0 2.7 MW MEL
1994 03 07 0116 151.049 -32.461 0.0 2.7 MW MEL
1994 03 07 0234 150.984 -32.350 0.0 2.7 MW MEL
1994 03 10 0419 150.947 -32.420 0.0 2.7 MW MEL
1994 03 11 0014 150.828 -32.312 0.0 2.8 MW MEL
1994 03 15 2259 150.814 -32.370 0.0 2.6 MW MEL
1994 03 17 0119 151.027 -32.455 0.0 2.9 MW MEL
1994 04 02 0204 151.024 -32.429 0.0 2.9 MW MEL
1994 04 05 0239 151.226 -32.807 0.0 2.4 MW MEL
1994 04 07 0635 151.046 -32.550 0.0 2.8 MW MEL
1994 04 11 0357 150.826 -32.271 0.0 2.9 MW MEL
1994 06 22 0214 151.054 -32.596 0.0 2.9 MW MEL
1994 07 21 0220 151.134 -32.585 0.0 2.8 MW MEL
1994 07 21 0428 151.040 -32.416 0.0 2.7 MW MEL
1994 07 24 2352 151.084 -32.373 0.0 2.4 MW MEL
1994 07 29 0231 151.096 -32.536 0.0 2.7 MW MEL
1994 08 02 0315 151.044 -32.564 0.0 2.7 MW MEL
1994 08 09 0142 151.068 -32.376 0.0 2.8 MW MEL
1994 08 12 0043 150.876 -32.246 0.0 2.6 MW MEL
1994 08 17 0218 151.087 -32.623 0.0 2.9 MW MEL
1994 08 29 0119 150.987 -32.413 0.0 2.5 MW MEL
1994 09 02 0034 150.744 -32.184 0.0 2.7 MW MEL
1994 10 01 0356 151.136 -32.413 0.0 2.5 MW MEL
1994 11 30 0239 150.992 -32.432 0.0 2.7 MW MEL
1994 12 02 0120 151.069 -32.624 0.0 2.8 MW MEL
1994 12 03 0111 150.925 -32.396 0.0 2.6 MW MEL
1994 12 22 0702 150.923 -32.328 0.0 2.6 MW MEL
1994 12 30 0030 151.033 -32.434 0.0 2.7 MW MEL
1995 01 11 0121 151.113 -32.472 0.0 2.9 MW MEL
1995 02 09 0308 151.082 -32.574 0.0 2.8 MW MEL
1995 02 15 2301 150.937 -32.422 0.0 2.6 MW MEL
1995 04 19 0332 151.018 -32.575 0.0 2.9 MW MEL
1995 05 12 0217 151.052 -32.624 0.0 2.9 MW MEL
1995 05 29 0054 150.866 -32.442 0.0 2.6 MW MEL
1995 07 03 0213 151.048 -32.524 0.0 2.7 MW MEL
1995 07 05 0352 150.986 -32.430 0.0 2.8 MW MEL
1995 07 06 0055 150.935 -32.348 0.0 2.8 MW MEL
1995 07 14 0125 150.898 -32.248 0.0 2.9 MW MEL
1995 07 20 0416 150.967 -32.444 0.0 2.9 MW MEL
1995 07 28 0220 151.127 -32.606 0.0 2.9 MW MEL
1995 10 10 0730 150.960 -32.440 0.0 2.8 MW MEL
1995 10 13 0217 151.051 -32.616 0.0 2.8 MW MEL
1995 10 19 0139 150.981 -32.455 0.0 2.8 MW MEL
1995 10 26 0139 151.502 -32.688 0.0 2.6 MW MEL
1996 01 12 1229 151.258 -32.866 0.0 2.7 MW MEL
1996 01 29 0030 151.043 -32.523 10.0 2.9 MW MEL
1996 03 08 0155 151.056 -32.558 0.0 2.9 MW MEL
1996 03 13 0233 151.594 -32.712 10.0 2.2 MW MEL
1996 05 12 1843 151.285 -32.825 3.4 2.5 MW MEL
1996 08 15 1405 151.318 -32.852 6.4 2.5 MW MEL
1996 10 02 0358 151.034 -32.564 0.0 2.9 MW MEL
1996 11 08 0112 151.015 -32.407 0.0 2.7 MW MEL
1996 11 11 0314 151.102 -32.542 0.0 2.6 MW MEL
1996 11 11 0702 151.023 -32.439 0.0 2.7 MW MEL
1996 11 20 0303 150.917 -32.331 0.0 2.9 MW MEL
1997 01 12 0231 151.224 -32.724 7.3 2.8 MW MEL
1997 02 13 2337 150.991 -32.374 0.0 2.5 MW MEL
1997 03 13 2210 151.551 -32.941 0.0 2.4 MW MEL
1997 03 18 1515 151.452 -32.526 0.0 2.6 MW MEL
1997 04 03 0357 150.969 -32.567 0.0 2.9 MW MEL
1997 04 07 0340 151.015 -32.588 0.0 2.9 MW MEL
1997 04 08 0157 151.586 -32.920 0.0 2.5 MW MEL
1997 04 11 0212 151.092 -32.492 0.0 2.5 MW MEL
1997 04 11 0236 151.001 -32.330 0.0 2.5 MW MEL
1997 09 24 0230 150.980 -32.551 0.0 2.9 MW MEL
1998 01 20 0056 151.090 -32.366 0.0 2.7 MW MEL
1998 04 09 0313 151.578 -32.748 0.0 2.6 MW MEL
1998 06 15 0427 150.919 -32.435 0.0 2.4 MW MEL
1998 06 19 2206 151.369 -32.303 7.0 2.7 MW MEL
1998 10 30 2258 151.572 -32.455 10.0 2.6 MW MEL
1999 01 21 0511 151.105 -32.386 0.0 2.5 MW MEL
1999 03 13 0134 151.075 -32.414 0.0 2.8 MW MEL
1999 08 12 1220 151.528 -32.849 0.0 2.1 MW MEL
1999 11 02 0024 150.897 -32.315 10.0 2.7 MW MEL
1999 11 02 0331 151.023 -32.552 0.0 2.8 MW MEL
1999 11 02 0651 151.218 -32.444 20.7 2.9 MW MEL
2000 03 02 0229 150.979 -32.522 0.0 2.7 MW MEL
2000 04 26 2330 151.653 -33.038 10.0 2.5 MW MEL
2000 06 08 0209 150.966 -32.367 0.0 2.7 MW MEL
2000 06 15 0437 151.220 -32.110 11.0 2.9 MW AGSO
2000 06 27 0222 151.052 -32.577 0.0 2.8 MW MEL
2000 09 18 0809 150.699 -32.671 2.0 2.7 MW MEL
2000 12 04 0319 151.193 -32.433 10.0 2.9 MW MEL
2001 01 03 0735 150.778 -32.080 0.0 2.7 MW MEL
2001 01 04 0152 151.281 -33.130 10.0 2.6 MW MEL
2001 01 05 0112 151.037 -32.301 0.0 2.9 MW MEL
2001 02 21 0552 151.042 -32.576 0.0 2.5 MW MEL
2001 03 22 0648 151.090 -32.460 0.0 2.8 MW MEL
2001 08 03 0217 151.016 -32.501 0.0 2.5 MW MEL
2001 08 15 1432 151.670 -33.030 2.0 2.5 MW AUST
2001 08 31 0634 151.075 -32.616 0.0 2.9 MW MEL
2001 08 31 2151 150.937 -32.496 0.0 2.7 MW GG
2001 10 04 0547 150.627 -32.510 0.0 2.8 MW MEL
2001 10 10 0339 151.086 -32.601 0.0 2.6 MW MEL
2001 10 24 1546 150.736 -32.196 0.0 2.9 MW MEL
2001 11 24 0132 151.080 -32.607 0.0 2.8 MW MEL
2001 12 05 2241 151.027 -32.384 0.0 2.7 MW MEL
2001 12 21 0055 151.222 -32.643 0.0 2.8 MW MEL
2002 01 11 0456 151.033 -32.568 0.0 2.9 MW MEL
2002 01 30 2208 150.864 -32.521 0.0 2.8 MW MEL
2002 08 02 0209 151.048 -32.412 10.0 2.6 MW MEL
2002 10 15 0614 150.970 -32.297 0.0 2.9 MW MEL
2002 11 04 0012 150.855 -32.472 0.0 2.8 MW MEL
2002 11 09 1850 151.466 -32.873 10.0 2.6 MW MEL
2002 11 19 0502 150.953 -33.215 10.0 2.7 MW MEL
2003 02 03 2241 150.459 -32.427 10.0 2.8 MW MEL
2003 04 01 0735 150.701 -32.321 0.0 2.8 MW MEL
2003 04 02 0332 150.484 -32.389 0.0 2.5 MW MEL
2003 09 18 2109 151.629 -32.408 0.0 2.5 MW MEL
2004 03 12 0512 150.937 -32.448 10.0 2.8 MW MEL
2004 04 24 1508 151.246 -32.532 0.0 1.9 MW MEL
2004 05 26 0549 151.041 -32.496 10.0 2.9 MW MEL
2004 05 28 1838 150.859 -32.195 0.0 2.5 MW MEL
2004 06 19 0742 151.283 -32.247 5.0 2.2 MW MEL
2004 07 05 0240 150.998 -32.645 0.0 2.2 MW MEL
2004 07 09 0417 150.961 -32.589 0.0 2.8 MW MEL
2004 08 09 0014 150.989 -32.332 0.0 2.4 MW MEL
2004 08 17 0409 151.187 -32.473 0.1 2.6 MW MEL
2004 08 27 0533 151.299 -32.235 0.0 2.8 MW MEL
2004 09 06 0310 150.754 -32.487 0.0 2.9 MW MEL
2004 10 29 0420 150.885 -32.454 10.0 2.8 MW MEL
2004 11 16 0507 150.539 -32.428 0.0 2.6 MW MEL
2004 12 03 0330 151.117 -32.325 0.0 2.7 MW MEL
2005 04 08 1332 150.659 -32.715 10.0 2.8 MW MEL
2006 06 05 2210 151.119 -32.294 4.0 2.4 MW GG
2006 08 12 0011 150.949 -32.320 14.4 2.6 MW MEL
2006 09 06 1414 151.246 -32.694 10.0 2.4 MW MEL
2006 09 08 0855 151.421 -32.312 10.3 2.2 MW MEL
2008 04 02 1529 151.672 -32.700 0.0 2.8 MW MEL
2008 06 04 0229 151.304 -32.139 11.0 2.7 MW MEL
2008 12 04 1109 150.872 -32.410 10.0 2.8 MW MEL
2009 07 02 0150 151.035 -32.385 0.0 2.7 MW MEL
2010 01 12 0103 151.102 -32.447 10.0 2.6 MW MEL
2010 02 17 1812 151.517 -32.983 0.0 2.8 MW AUST
