1965 03 02 1518 138.380 -30.570 33.0 4.5 MW ISC
1965 03 14 1247 138.540 -31.950 26.0 4.4 MW ISC
1966 11 23 2048 139.303 -34.347 13.4 4.2 MW ADE
1969 01 29 1503 139.115 -31.797 20.3 4.2 MW ADE
1971 01 06 2354 138.560 -33.459 11.9 4.5 MW ADE
1971 07 26 0750 138.756 -31.375 18.6 4.6 MW ADE
1972 04 18 2220 138.619 -31.578 11.9 5.0 MW ADE
1974 02 27 0157 136.501 -28.803 10.0 4.1 MW ISC
1978 03 26 2236 138.923 -32.389 16.4 4.1 MW ADE
1980 02 15 2351 138.259 -31.488 12.0 3.5 MW ADE
1980 04 15 0038 137.030 -33.263 31.0 4.1 MW ADE
1980 04 22 0124 138.722 -32.027 12.1 3.7 MW ADE
1980 08 30 1423 139.361 -31.761 8.0 4.1 MW ADE
1980 11 13 0856 138.825 -33.739 18.4 4.1 MW ADE
1981 05 20 1756 136.966 -33.294 28.7 3.5 MW ADE
1981 07 15 0209 138.639 -31.366 23.6 3.8 MW ADE
1981 10 02 1755 138.878 -32.476 6.8 3.9 MW ADE
1981 12 11 0517 137.963 -32.200 20.5 3.7 MW ADE
1982 04 19 1558 138.610 -32.354 13.2 3.5 MW ADE
1982 07 15 0144 138.339 -31.048 17.7 3.8 MW ADE
1982 10 03 1325 135.828 -34.076 2.6 3.5 MW ADE
1983 02 25 1955 139.271 -34.188 9.1 3.6 MW ADE
1983 05 31 0634 135.860 -33.579 10.9 3.5 MW ADE
1983 11 11 0232 138.669 -31.479 18.5 3.7 MW ADE
1983 12 29 1741 138.289 -30.755 20.0 4.2 MW ISC
1984 03 17 0423 139.158 -33.287 10.0 3.6 MW ADE
1984 06 03 0325 138.490 -30.450 0.0 3.5 MW BMR
1985 05 28 0400 139.372 -31.792 6.8 3.7 MW ADE
1985 08 09 0444 139.334 -31.795 7.3 4.0 MW ADE
1985 09 08 1545 137.284 -29.514 10.7 3.9 MW ADE
1985 11 10 2208 138.386 -32.740 20.4 3.7 MW ADE
1986 01 04 0626 138.718 -31.542 6.0 3.5 MW ISC
1986 12 16 0428 136.652 -35.969 1.0 4.4 MW ISC
1987 03 26 1214 136.705 -36.461 0.0 3.6 MW ADE
1987 07 07 1031 136.035 -28.178 8.0 3.6 MW BMR
1989 06 26 1118 138.546 -31.438 14.5 3.7 MW ADE
1990 01 19 1621 139.361 -33.802 7.5 3.1 MW ADE
1990 02 04 0850 135.753 -27.663 22.6 3.1 MW ADE
1990 02 08 0823 137.342 -27.891 9.0 4.4 MW ADE
1990 03 05 0655 139.047 -33.047 6.6 3.2 MW ADE
1990 04 05 1002 138.511 -31.108 15.8 3.1 MW ADE
1990 04 05 2224 136.523 -28.864 16.6 3.0 MW ADE
1990 05 06 1003 139.346 -33.895 8.2 3.3 MW ADE
1990 06 11 1508 138.446 -33.699 18.4 3.0 MW ADE
1990 06 13 2023 138.318 -33.160 14.6 3.2 MW ADE
1990 07 16 1421 137.300 -35.333 2.9 3.1 MW ADE
1990 08 20 1356 138.706 -31.115 10.9 3.1 MW ADE
1990 10 05 2211 135.927 -33.394 7.2 3.0 MW ADE
1990 12 03 1318 139.260 -31.565 4.5 4.2 MW ADE
1990 12 13 0628 138.987 -33.017 6.0 3.1 MW ADE
1991 01 10 0407 138.185 -32.335 26.9 3.3 MW ADE
1991 03 04 0014 136.336 -33.542 3.8 3.2 MW ADE
1991 03 25 1842 136.948 -34.122 0.9 3.3 MW ADE
1991 05 05 1426 139.203 -31.028 2.7 3.3 MW ADE
1991 07 17 1315 136.159 -33.976 9.0 3.1 MW ADE
1991 08 17 0628 139.085 -34.365 12.9 3.7 MW ADE
1991 08 19 1858 135.999 -34.352 25.4 3.1 MW ADE
1991 09 02 2213 138.998 -32.724 2.8 3.7 MW ADE
1991 11 03 1155 138.712 -33.169 13.0 3.1 MW ADE
1991 11 29 0945 138.359 -31.527 8.5 3.6 MW ADE
1992 05 27 1017 138.487 -33.076 2.2 3.1 MW ADE
1992 06 11 1914 138.267 -33.167 5.0 3.3 MW ADE
1992 07 28 0933 138.783 -31.221 13.2 3.8 MW ADE
1992 08 17 2001 138.556 -33.905 11.4 3.4 MW ADE
1992 10 10 1919 138.431 -30.839 14.4 3.1 MW ADE
1992 11 01 2100 136.968 -28.828 15.0 3.4 MW ADE
1992 12 15 0135 138.347 -31.534 7.9 3.4 MW ADE
1992 12 17 1803 138.996 -33.030 6.5 3.8 MW ADE
1993 01 17 1023 138.564 -35.553 11.6 3.1 MW ADE
1993 02 09 1534 139.016 -30.985 11.5 3.1 MW ADE
1993 03 08 0404 139.149 -33.672 12.3 3.0 MW ADE
1993 04 20 1446 138.909 -33.035 8.4 3.4 MW ADE
1993 05 08 1119 138.158 -31.896 7.9 3.1 MW ADE
1993 05 10 0821 138.261 -32.865 18.1 3.3 MW ADE
1993 06 24 0659 139.145 -31.597 11.0 3.1 MW ADE
1993 08 13 0036 139.025 -33.073 2.9 3.1 MW ADE
1993 09 05 1018 139.010 -31.414 16.1 3.0 MW ADE
1993 09 24 1819 138.357 -32.437 1.7 3.1 MW ADE
1993 10 28 1658 138.960 -33.725 8.3 3.1 MW ADE
1993 12 07 2353 134.239 -33.816 4.0 3.2 MW ADE
1994 04 17 1258 138.973 -33.035 8.3 3.2 MW ADE
1994 06 19 0224 138.363 -33.168 11.4 3.4 MW ADE
1994 06 24 0559 138.640 -30.647 12.6 3.1 MW ADE
1994 07 08 1840 138.913 -30.556 13.7 3.4 MW ADE
1994 07 12 2029 137.517 -35.727 14.1 3.1 MW ADE
1994 07 20 1505 138.872 -33.829 15.2 3.1 MW ADE
1994 08 10 2037 139.150 -34.161 17.7 3.4 MW ADE
1994 09 04 2144 137.987 -30.302 7.5 3.2 MW ADE
1994 11 04 2200 135.440 -28.316 12.5 3.2 MW ADE
1994 11 30 1953 138.157 -30.402 5.1 4.2 MW ADE
1995 01 01 1227 136.115 -28.541 10.3 3.3 MW ADE
1995 01 31 0845 136.748 -28.970 11.8 3.1 MW ADE
1995 02 03 0604 136.538 -33.625 4.0 3.1 MW ADE
1995 02 09 0410 139.499 -34.515 15.3 3.4 MW ADE
1995 03 06 1242 135.544 -33.931 6.8 3.2 MW ADE
1995 03 12 1136 138.354 -32.623 10.4 3.1 MW ADE
1995 04 11 1549 138.905 -31.251 5.4 3.2 MW ADE
1995 05 25 1351 136.291 -33.642 12.9 3.1 MW ADE
1995 07 01 1104 135.937 -28.014 10.0 3.3 MW ADE
1995 07 02 1928 135.383 -28.016 0.0 3.7 MW ISC
1995 07 03 2316 135.072 -27.601 10.0 3.3 MW ADE
1995 10 27 1028 137.017 -35.239 15.5 4.2 MW ADE
1995 11 05 0734 137.000 -29.880 9.3 3.0 MW ADE
1995 11 13 0400 138.466 -32.584 7.8 4.0 MW ADE
1995 11 18 1325 138.757 -31.196 19.1 3.1 MW ADE
1996 02 04 2132 136.759 -28.953 10.0 3.0 MW ADE
1996 03 23 1610 138.709 -31.335 9.0 3.2 MW ADE
1996 06 09 0143 135.927 -34.171 9.6 3.6 MW ADE
1996 07 22 1009 138.872 -31.190 6.8 3.6 MW ADE
1996 08 31 0855 138.625 -31.223 3.7 3.1 MW ADE
1996 11 09 1126 139.140 -30.130 0.0 3.1 MW EIDC
1996 11 21 0606 139.183 -31.732 16.8 3.0 MW ADE
1996 12 16 2302 138.983 -33.530 11.1 3.1 MW ADE
1997 02 05 0015 139.241 -28.710 11.5 4.2 MW ADE
1997 02 24 1242 135.177 -27.634 8.1 3.3 MW ADE
1997 03 05 0615 138.979 -33.817 21.7 4.8 MW ADE
1997 04 03 1556 138.598 -31.044 14.1 3.1 MW ADE
1997 05 03 2254 138.616 -33.735 5.0 3.4 MW ADE
1997 07 21 1510 137.769 -32.725 14.0 3.8 MW ADE
1997 11 29 0519 139.341 -33.856 8.1 3.0 MW ADE
1997 12 13 2310 138.793 -32.380 8.7 3.0 MW ADE
1998 01 28 0845 138.598 -32.885 4.6 3.4 MW ADE
1998 01 29 2106 136.898 -34.177 5.1 3.2 MW ADE
1998 02 26 1413 136.621 -33.347 27.7 3.8 MW ADE
1998 05 06 0529 136.867 -34.151 15.2 3.7 MW ADE
1998 06 09 0100 135.769 -28.037 27.1 4.3 MW ADE
1998 07 02 1509 135.013 -33.599 21.3 3.1 MW ADE
1998 07 15 1551 136.873 -34.161 12.3 3.4 MW ADE
1998 07 16 2143 139.778 -35.103 10.5 3.3 MW ADE
1998 08 17 0457 135.246 -28.994 8.3 3.7 MW ADE
1998 09 21 0906 137.438 -29.330 15.8 3.3 MW ADE
1998 10 05 2024 135.880 -33.556 14.1 3.1 MW ADE
1998 11 12 1408 138.931 -35.020 21.8 3.1 MW ADE
1998 11 15 0939 139.400 -34.126 10.0 3.1 MW ADE
1998 11 22 1337 137.667 -29.506 15.9 3.1 MW ADE
1998 12 17 0617 138.206 -32.917 11.2 3.1 MW ADE
1998 12 17 2354 138.371 -32.382 8.4 3.2 MW ADE
1999 01 22 1515 139.078 -33.795 20.7 3.6 MW ADE
1999 01 26 0536 139.329 -33.928 23.0 3.4 MW ADE
1999 02 01 0423 136.814 -28.400 25.5 3.1 MW ADE
1999 02 26 0008 136.420 -27.827 7.2 3.1 MW ADE
1999 03 06 2354 139.137 -28.565 6.9 4.1 MW ADE
1999 03 17 0721 138.845 -30.969 2.4 3.3 MW ADE
1999 03 29 1041 138.849 -32.623 3.2 3.1 MW ADE
1999 04 20 0146 138.766 -33.128 9.2 3.1 MW ADE
1999 08 06 0033 138.325 -31.860 18.8 3.3 MW ADE
1999 08 06 0821 138.276 -32.836 16.9 3.2 MW ADE
1999 08 18 1101 138.464 -33.274 19.5 4.2 MW ADE
1999 09 02 0016 138.326 -32.313 12.7 3.4 MW ADE
1999 09 06 0837 138.400 -31.875 11.1 3.4 MW ADE
1999 09 24 2058 139.341 -34.354 9.2 3.0 MW ADE
1999 10 31 1236 138.572 -32.407 5.2 3.6 MW ADE
1999 11 15 0316 137.328 -35.433 12.4 3.4 MW ADE
1999 12 31 0848 139.366 -33.163 6.0 3.0 MW ADE
2000 01 26 0834 137.188 -29.139 6.5 3.1 MW ADE
2000 03 11 0329 138.443 -33.727 21.8 3.1 MW ADE
2000 03 27 0548 137.455 -29.344 12.0 3.7 MW ADE
2000 04 01 0801 138.391 -31.851 7.6 3.1 MW ADE
2000 06 27 0312 136.873 -34.170 8.2 3.2 MW ADE
2000 07 12 2121 138.534 -32.596 13.8 3.1 MW ADE
2000 07 24 0337 139.320 -29.445 16.2 3.0 MW ADE
2000 09 07 2359 136.889 -34.169 9.0 3.3 MW ADE
2000 10 01 0623 137.683 -29.782 12.1 3.6 MW ADE
2000 10 12 2322 138.777 -31.641 23.8 3.0 MW ADE
2001 01 19 0115 136.853 -34.176 9.0 3.3 MW ADE
2001 01 29 0831 138.444 -30.972 11.6 3.1 MW ADE
2001 03 29 0600 138.757 -29.607 33.0 3.1 MW ISC
2001 03 29 1853 135.364 -27.071 20.6 3.4 MW ADE
2001 04 04 1417 138.949 -33.149 7.6 3.1 MW ADE
2001 04 12 0727 138.271 -33.210 15.9 3.4 MW ADE
2001 05 09 0218 138.618 -33.669 22.7 3.1 MW ADE
2001 05 09 0232 137.330 -35.323 17.4 3.4 MW ADE
2001 06 14 1205 138.130 -31.837 18.0 4.0 MW ADE
2001 09 06 1843 135.860 -35.413 8.7 3.1 MW ADE
2001 11 08 1050 138.172 -34.846 22.1 3.1 MW ADE
2001 11 22 1629 138.702 -31.453 19.5 3.6 MW ADE
2001 12 06 1731 138.448 -31.921 13.9 3.3 MW ADE
2002 01 19 0115 136.857 -34.176 8.8 3.3 MW ADE
2002 02 11 2133 136.300 -29.264 8.1 3.4 MW ADE
2002 05 04 1847 138.745 -31.751 17.4 3.0 MW ADE
2002 05 10 1142 135.887 -33.509 2.1 3.0 MW ADE
2002 08 01 1858 138.730 -32.289 11.8 3.1 MW ADE
2002 08 21 1322 138.696 -33.741 8.9 3.1 MW ADE
2002 09 29 0613 138.161 -32.528 18.4 3.0 MW ADE
2002 10 03 1815 138.452 -31.935 13.8 3.3 MW ADE
2002 11 23 1326 138.374 -30.747 9.0 3.1 MW ADE
2002 12 09 1128 138.166 -31.846 11.2 3.1 MW ADE
2002 12 28 0924 135.819 -35.248 10.1 3.3 MW ADE
2002 12 30 1801 138.613 -33.101 8.7 3.0 MW ADE
2003 01 17 1948 135.542 -34.704 13.5 3.0 MW ADE
2003 02 01 0849 136.832 -33.427 32.5 3.4 MW ADE
2003 02 08 2231 138.417 -32.571 14.6 3.0 MW ADE
2003 05 02 1441 137.986 -33.878 19.2 3.1 MW ADE
2003 05 03 2237 138.140 -28.062 3.1 3.2 MW ADE
2003 05 11 0305 135.095 -27.857 2.4 3.8 MW ADE
2003 05 17 0452 139.037 -32.982 1.4 3.0 MW ADE
2003 05 27 1023 135.607 -35.217 8.8 3.4 MW ADE
2003 07 07 2141 138.540 -31.085 24.2 3.1 MW ADE
2003 08 13 1419 138.391 -33.193 16.2 3.0 MW ADE
2003 08 29 0421 138.322 -32.808 18.4 3.1 MW ADE
2003 10 20 0201 137.408 -29.385 17.2 3.3 MW ADE
2003 11 22 1836 138.729 -31.645 15.8 4.2 MW ADE
2003 12 03 0003 135.737 -34.191 5.0 3.2 MW ADE
2004 04 04 1150 138.151 -33.002 10.8 3.1 MW ADE
2004 04 04 1510 138.273 -32.126 16.4 3.1 MW ADE
2004 04 15 0554 138.756 -31.980 16.0 3.6 MW ADE
2004 05 23 1835 139.174 -34.345 15.4 3.3 MW ADE
2004 06 13 1015 138.257 -32.303 15.5 3.0 MW ADE
2004 07 30 2146 138.459 -31.122 8.3 3.2 MW ADE
2004 08 16 1945 138.567 -31.109 20.4 3.2 MW ADE
2004 08 17 0906 137.978 -30.136 13.6 3.0 MW ADE
2004 11 08 0732 138.933 -32.412 14.0 3.0 MW ADE
2004 11 23 1335 138.105 -32.396 16.7 3.3 MW ADE
2004 11 25 0559 137.477 -35.654 32.5 3.0 MW ADE
2004 12 13 1848 138.718 -32.361 9.4 3.3 MW ADE
2004 12 27 0337 136.859 -33.362 19.0 3.1 MW ADE
2005 01 12 2253 138.574 -33.097 7.4 3.0 MW ADE
2005 03 03 1056 139.088 -30.784 10.0 4.0 MW ISC
2005 03 04 0038 139.712 -30.788 7.3 3.3 MW ADE
2005 04 06 0609 138.149 -32.309 9.1 3.0 MW ADE
2005 05 14 1333 136.741 -28.687 26.1 3.8 MW ADE
2005 05 14 1953 139.106 -30.987 19.7 4.4 MW ADE
2005 06 08 2100 139.993 -32.891 5.5 3.4 MW ADE
2005 06 16 0429 135.561 -34.138 9.3 3.7 MW ADE
2005 06 30 0525 135.741 -29.070 6.2 3.2 MW ADE
2005 07 12 0757 138.578 -31.558 12.9 3.1 MW ADE
2005 08 16 0733 139.371 -34.119 15.2 3.1 MW ADE
2005 08 24 0337 138.738 -32.322 8.4 3.4 MW ADE
2005 09 18 1036 138.593 -32.739 10.3 3.2 MW ADE
2005 10 14 0533 138.881 -33.700 12.5 3.0 MW ADE
2006 01 08 2202 139.164 -31.670 10.4 3.2 MW ADE
2006 01 22 0049 135.890 -28.087 3.3 3.0 MW ADE
2006 01 25 1158 135.562 -34.157 4.4 3.7 MW ADE
2006 02 09 0416 138.239 -32.856 13.2 3.6 MW ADE
2006 02 16 1524 138.325 -31.172 11.5 3.0 MW ADE
2006 02 18 1716 138.573 -32.804 16.5 3.0 MW ADE
2006 03 11 1035 136.649 -35.847 11.7 3.6 MW ADE
2006 04 04 1006 138.754 -33.430 10.0 3.4 MW ADE
2006 05 03 1345 138.383 -30.708 3.4 3.1 MW ADE
2006 05 13 0104 135.595 -27.709 10.0 4.2 MW ISC
2006 05 14 0434 139.241 -33.565 14.0 3.1 MW ADE
2006 06 15 0801 139.173 -32.121 11.0 3.8 MW ADE
2006 07 07 2348 138.672 -31.391 20.2 4.0 MW ADE
2006 07 15 1448 138.763 -32.988 4.3 3.0 MW ADE
2006 07 17 0645 136.913 -34.175 4.4 3.5 MW ADE
2006 07 17 1148 139.579 -35.127 11.1 3.0 MW ADE
2006 07 27 1038 139.231 -31.265 10.0 3.9 MW ADE
2006 08 12 0220 138.061 -32.816 12.3 3.6 MW ADE
2006 08 12 2313 136.023 -28.239 18.1 3.0 MW ADE
2006 10 04 1500 135.638 -34.171 10.1 3.3 MW ADE
2007 01 28 2031 138.628 -30.801 14.7 3.4 MW ADE
2007 03 28 0423 136.115 -28.281 8.5 3.0 MW ADE
2007 06 05 1039 135.613 -28.175 10.0 3.0 MW ADE
2007 07 08 1817 138.105 -35.602 12.0 3.0 MW ADE
2007 07 08 2035 138.390 -33.071 15.1 3.2 MW ADE
2007 08 06 2132 138.100 -29.527 0.0 3.1 MW IDC
2007 08 30 2232 135.998 -28.050 0.0 3.1 MW IDC
2007 09 16 2318 138.581 -31.367 34.0 4.2 MW ADE
2007 09 19 0711 138.260 -32.800 13.7 3.1 MW ADE
2007 10 06 0239 136.438 -35.953 7.3 3.6 MW ADE
2007 10 21 1403 137.815 -30.092 9.9 3.0 MW ADE
2007 10 30 1226 138.471 -33.373 12.3 3.4 MW ADE
2007 10 31 1018 136.869 -28.972 24.8 3.1 MW ADE
2007 12 26 1536 138.363 -32.077 15.6 4.6 MW ADE
2008 02 12 0012 138.332 -32.919 5.5 3.2 MW ADE
2008 03 23 2000 138.248 -33.468 16.1 3.6 MW ADE
2008 05 12 1944 138.362 -32.866 12.6 3.3 MW ADE
2008 05 29 0535 138.814 -31.814 11.8 3.1 MW ADE
2008 07 01 0650 138.691 -33.079 5.3 3.3 MW ADE
2008 07 20 1908 135.818 -28.268 10.0 3.0 MW ADE
2008 07 25 1126 138.110 -30.199 11.6 3.2 MW ADE
2008 07 27 0734 138.290 -32.701 16.7 3.2 MW ADE
2008 08 07 2354 137.597 -34.159 12.2 3.0 MW ADE
2008 10 02 0514 135.231 -33.792 28.1 3.3 MW ADE
2008 10 07 1238 138.634 -32.078 11.2 3.2 MW ADE
2008 10 18 0202 138.781 -32.933 8.3 3.3 MW ADE
2008 11 16 0202 138.751 -31.478 16.6 4.2 MW ADE
2008 12 04 1635 138.414 -33.401 11.4 3.3 MW ADE
2008 12 25 1109 138.619 -31.486 17.5 3.0 MW ADE
2008 12 28 1402 138.231 -32.696 11.9 3.2 MW ADE
2008 12 31 1139 138.495 -31.722 16.0 3.0 MW ADE
2009 01 02 1251 138.921 -33.030 5.7 3.3 MW ADE
2009 01 15 1015 138.399 -32.045 13.8 3.2 MW ADE
2009 01 26 0029 138.988 -32.763 8.3 3.9 MW ADE
2009 01 30 0817 138.983 -30.977 17.7 3.1 MW ADE
2009 02 18 0325 138.415 -32.163 21.0 3.3 MW ADE
2009 02 27 1713 138.009 -29.488 38.0 3.0 MW ADE
2009 03 04 2320 138.170 -32.672 20.4 3.6 MW ADE
2009 03 05 2013 138.604 -31.482 11.9 3.3 MW ADE
2009 03 14 1309 136.032 -28.391 28.4 3.1 MW ADE
2009 04 07 0728 135.769 -35.351 9.9 3.0 MW ADE
2009 04 14 0140 135.762 -27.990 10.3 3.7 MW ADE
2009 05 29 1445 138.189 -31.070 9.9 3.7 MW ADE
2009 08 15 1954 138.765 -31.774 19.9 3.4 MW ADE
2009 08 20 1157 135.676 -34.113 6.7 3.1 MW ADE
2009 09 20 2058 136.101 -27.550 17.4 3.5 MW ADE
2009 10 26 2241 139.070 -32.719 1.8 3.6 MW ADE
2009 11 03 0604 138.278 -35.375 10.3 3.4 MW ADE
2009 11 17 1227 136.415 -27.935 33.0 3.1 MW ADE
2009 11 26 1238 138.331 -33.571 9.7 3.3 MW ADE
2009 12 19 1605 138.793 -34.238 10.4 3.0 MW ADE
2010 01 02 1300 136.763 -36.449 22.3 3.2 MW ADE
2010 02 03 0502 138.098 -28.157 7.6 3.7 MW ADE
2010 04 16 1357 138.880 -35.109 26.4 3.8 MW ADE
2010 05 27 1108 139.476 -33.992 15.0 3.0 MW ADE
2010 06 05 2147 136.719 -33.589 22.4 4.7 MW ADE
2010 06 10 1749 138.263 -27.989 0.0 3.4 MW IDC
2010 06 22 2041 138.537 -32.641 13.5 3.1 MW ADE
2010 07 15 1826 138.694 -31.698 18.9 3.6 MW ADE
2010 07 28 0346 139.166 -31.498 9.6 3.0 MW ADE
2010 07 30 2129 138.149 -32.253 19.1 3.8 MW ADE
2010 10 08 1053 138.537 -33.731 13.2 3.3 MW ADE
2010 10 10 0230 139.852 -32.913 5.4 4.1 MW ADE
2010 10 23 0340 135.957 -34.040 3.7 3.2 MW ADE
2010 11 13 1936 138.753 -31.429 12.3 3.0 MW ADE
2010 11 18 0400 137.379 -35.423 11.9 3.1 MW ADE
2010 11 29 2008 139.564 -32.120 8.6 3.9 MW ADE
2010 12 03 0040 135.964 -34.066 5.8 3.0 MW ADE
2011 01 04 1640 135.653 -34.104 10.7 3.6 MW ADE
2011 01 15 0038 136.497 -33.586 27.3 3.9 MW ADE
2011 02 13 1448 138.699 -33.202 8.2 3.1 MW ADE
2011 02 20 1530 138.436 -32.571 10.9 3.5 MW ADE
2011 03 01 0526 138.542 -29.913 0.0 3.1 MW IDC
2011 03 02 2302 135.988 -34.032 6.9 3.1 MW ADE
2011 03 26 1922 135.777 -27.828 36.0 3.2 MW ADE
2011 03 27 1130 138.511 -33.175 13.3 3.3 MW ADE
2011 04 22 1518 139.328 -33.191 4.6 3.0 MW ADE
2011 04 23 0222 138.889 -31.249 12.4 3.1 MW ADE
2011 05 04 1229 137.908 -32.287 11.4 3.4 MW ADE
2011 05 16 0330 139.035 -31.570 18.5 3.2 MW ADE
2011 05 18 2041 138.850 -30.855 10.5 3.5 MW ADE
2011 05 24 1027 139.331 -33.182 6.5 3.7 MW ADE
2011 05 25 2205 138.848 -32.349 4.3 3.4 MW ADE
2011 06 29 0616 138.675 -30.100 0.0 3.0 MW IDC
2011 06 30 0615 138.459 -30.256 0.0 3.1 MW IDC
2011 07 11 1219 139.746 -30.341 10.0 3.1 MW MEL
2011 07 13 1630 139.721 -29.968 4.0 3.1 MW AUST
2011 07 23 2047 138.816 -32.026 10.1 3.4 MW ADE
2011 08 18 0614 138.615 -30.113 0.0 3.4 MW IDC
2011 08 28 0829 138.305 -32.839 13.3 3.0 MW ADE
2011 08 31 0624 138.596 -30.158 0.0 3.0 MW IDC
2011 09 04 1115 138.693 -33.086 4.0 4.2 MW ADE
2011 09 18 1913 138.193 -32.328 14.0 3.1 MW ADE
2011 09 21 0615 138.326 -30.363 0.0 3.4 MW IDC
2011 09 23 1642 138.559 -32.626 3.4 3.4 MW ADE
2011 09 26 1624 139.171 -28.973 27.4 3.0 MW ADE
2011 10 15 1038 138.799 -32.390 4.7 4.1 MW ADE
2011 10 18 1552 138.637 -35.030 23.4 3.5 MW ADE
2011 10 22 1718 139.518 -32.115 4.0 3.5 MW ADE
2011 11 02 0241 136.730 -33.581 7.4 3.1 MW ADE
2011 11 03 0615 136.292 -36.384 7.7 3.2 MW ADE
2011 11 08 0934 138.176 -29.746 14.1 3.1 MW ADE
2011 12 12 0303 138.726 -33.250 7.3 3.1 MW ADE
2011 12 17 0324 138.458 -32.931 14.7 3.1 MW ADE
2012 01 04 1955 138.765 -32.178 13.0 3.1 MW ADE
2012 02 05 0152 139.574 -33.409 13.5 3.0 MW ADE
2012 02 26 1425 136.011 -34.045 5.2 3.1 MW ADE
2012 03 12 1206 138.278 -33.218 12.6 3.4 MW ADE
2012 03 21 1707 136.098 -28.376 4.9 3.9 MW ADE
2012 03 23 1624 138.722 -33.389 9.4 3.0 MW ADE
2012 03 25 2053 136.850 -30.440 0.0 3.9 MW ADE
2012 04 26 1457 139.008 -31.552 16.5 3.0 MW ADE
2012 06 04 0409 138.436 -33.334 13.4 3.2 MW ADE
2012 06 11 2107 138.558 -32.332 18.1 3.2 MW ADE
2012 06 17 0339 135.512 -27.697 10.0 3.2 MW ADE
2012 06 26 1340 138.564 -31.693 20.7 3.0 MW ADE
2012 06 26 2007 136.980 -33.296 14.8 3.1 MW ADE
2012 07 01 1617 138.768 -31.700 13.6 3.0 MW ADE
2012 07 10 0539 137.734 -31.774 30.1 3.0 MW ADE
2012 08 19 1627 135.472 -27.528 7.7 3.5 MW ADE
2012 08 31 1221 138.449 -32.578 5.3 3.0 MW ADE
2012 09 20 1241 136.372 -33.606 7.7 3.1 MW ADE
2012 11 16 0316 138.448 -33.388 10.5 3.0 MW ADE
2012 11 23 1704 137.813 -28.543 33.2 3.0 MW ADE
2012 12 04 1751 139.233 -30.026 17.3 3.4 MW ADE
2013 01 05 0022 138.539 -33.293 15.7 3.4 MW ADE
2013 02 20 0957 137.357 -35.489 18.8 3.5 MW ADE
2013 03 27 2335 136.957 -33.431 7.2 3.2 MW ADE
2013 04 22 2102 139.056 -33.256 7.6 3.1 MW ADE
2013 05 01 1941 136.747 -30.357 0.0 3.5 MW ADE
2013 05 06 0355 139.183 -34.435 17.0 3.1 MW ADE
2013 06 03 1803 138.637 -31.289 23.5 3.0 MW ADE
2013 06 14 1121 138.676 -31.750 19.5 3.3 MW ADE
2013 06 20 0354 136.816 -29.169 33.0 3.1 MW ADE
2013 07 11 0018 138.571 -31.939 17.3 3.1 MW ADE
2013 07 29 1132 138.619 -31.367 15.1 3.3 MW ADE
2013 08 14 1139 136.749 -33.577 13.7 3.6 MW ADE
2013 10 04 0722 138.622 -31.439 14.0 3.0 MW ADE
2013 10 11 1138 137.161 -29.296 17.8 3.0 MW ADE
2013 10 22 0716 137.550 -29.578 11.2 3.1 MW ADE
2013 10 22 2229 138.523 -33.571 15.8 3.1 MW ADE
2013 10 26 1032 138.618 -30.233 12.8 3.5 MW ADE
2013 10 29 0706 138.578 -32.002 4.1 3.0 MW ADE
2013 11 22 1659 138.303 -31.092 15.5 3.2 MW ADE
2013 12 16 0207 138.553 -31.562 10.9 3.2 MW ADE
2014 01 05 1801 138.685 -31.949 15.7 3.5 MW ADE
2014 01 17 0017 138.146 -33.299 14.2 3.4 MW ADE
2014 01 17 1609 135.277 -27.537 15.8 3.0 MW ADE
2014 01 19 1813 138.306 -33.149 11.9 3.4 MW ADE
2014 01 22 1100 136.555 -28.874 18.2 3.8 MW ADE
2014 01 30 1802 136.749 -29.218 6.6 3.1 MW ADE
2014 02 15 1044 136.456 -33.782 7.2 3.2 MW ADE
2014 03 24 0850 138.231 -32.060 14.9 3.0 MW ADE
2014 03 31 0540 138.251 -32.745 12.5 3.4 MW ADE
2014 04 02 0323 139.000 -33.653 14.7 3.2 MW ADE
2014 04 13 1913 138.410 -31.830 6.9 3.3 MW ADE
2014 04 23 1301 138.437 -33.353 18.5 3.3 MW ADE
2014 04 29 0954 139.559 -32.816 2.8 4.1 MW ADE
2014 05 01 1029 135.891 -34.989 10.9 3.1 MW ADE
2014 06 04 0229 137.615 -29.902 8.6 4.5 MW ADE
2014 06 07 0554 135.116 -27.225 27.4 3.1 MW ADE
2014 06 12 2008 138.296 -32.492 16.2 3.2 MW ADE
2014 06 21 1051 138.310 -32.979 13.1 3.0 MW ADE
2014 07 07 0756 137.461 -36.076 10.0 3.0 MW AUST
2014 08 30 1043 136.466 -33.816 4.4 3.4 MW ADE
2014 08 30 1044 136.466 -33.816 4.4 3.4 MW ADE
2014 09 17 1416 139.023 -33.463 8.7 3.3 MW ADE
2014 09 18 1207 138.242 -32.884 16.6 3.1 MW ADE
2014 09 20 1352 136.668 -33.249 11.1 3.1 MW ADE
2014 10 01 1409 138.388 -33.577 13.2 3.2 MW ADE
2015 01 09 0732 138.265 -33.028 15.5 3.2 MW ADE
2015 01 17 2130 138.670 -32.001 14.9 3.0 MW ADE
2015 04 11 1522 138.542 -33.352 11.8 3.0 MW ADE
2015 04 17 0209 138.574 -31.883 15.7 3.2 MW ADE
2015 04 24 0238 136.156 -28.588 6.9 3.1 MW ADE
2015 05 11 0340 138.159 -32.707 14.2 3.5 MW ADE
2015 05 13 1135 136.775 -36.551 17.8 3.5 MW ADE
2015 06 16 0411 138.658 -31.426 14.7 3.1 MW ADE
2015 06 19 2210 136.722 -33.481 25.6 3.4 MW ADE
2015 06 25 0628 138.580 -32.851 5.3 3.2 MW ADE
2015 07 20 0945 139.169 -32.107 11.6 3.2 MW ADE
2015 07 27 0823 138.713 -31.647 20.2 3.4 MW ADE
2015 09 04 0123 135.114 -27.597 11.2 3.0 MW ADE
2015 09 04 1524 138.174 -32.345 16.6 3.1 MW ADE
2015 11 26 0800 138.701 -30.786 10.0 3.1 MW AUST
2015 12 24 1748 136.855 -33.416 28.6 3.4 MW ADE
2016 01 04 0333 138.935 -32.451 7.3 3.5 MW ADE
2016 03 20 0638 136.824 -28.894 29.0 3.4 MW ADE
2016 05 01 1525 137.160 -29.681 10.0 3.3 MW AUST
2016 05 15 0741 138.655 -31.801 14.0 3.1 MW AUST
2016 05 22 2111 136.289 -33.934 10.0 3.1 MW AUST
2016 05 24 0731 138.761 -31.814 10.0 3.1 MW AUST
2016 05 26 1147 139.161 -31.080 12.0 3.2 MW AUST
2016 05 31 2346 139.232 -33.926 0.0 3.5 MW AUST
2016 07 11 0408 137.656 -29.922 11.0 3.1 MW AUST
2016 07 25 1025 138.302 -33.291 2.0 3.0 MW AUST
2016 08 09 2052 139.123 -29.391 10.0 3.1 MW AUST
2016 10 03 0616 136.825 -35.853 10.0 3.6 MW AUST
2016 10 07 1755 138.542 -33.541 11.0 3.4 MW AUST
2016 10 09 1240 136.119 -28.413 12.0 3.1 MW AUST
2016 10 11 1612 136.492 -28.410 10.0 3.1 MW AUST
2016 10 16 1353 136.599 -28.266 15.0 3.1 MW AUST
2016 10 29 0343 138.747 -30.632 10.0 3.6 MW AUST
2016 10 30 1805 138.344 -32.075 19.0 3.0 MW AUST
2016 11 03 1625 137.098 -29.627 10.0 3.7 MW AUST
2016 11 24 1528 135.454 -27.577 12.0 3.0 MW AUST
2016 11 25 1327 139.305 -33.908 0.0 3.1 MW AUST
2016 11 26 1827 135.101 -27.082 10.0 3.1 MW AUST
2017 01 10 1444 138.153 -32.285 10.0 3.3 MW AUST
2017 01 30 0233 137.632 -34.156 10.0 3.4 MW AUST
2017 02 01 1337 139.258 -35.113 25.2 3.8 MW GG
2017 02 05 1441 138.849 -33.796 10.0 3.0 MW AUST
2017 02 10 0153 138.550 -35.030 13.0 3.1 MW AUST
2017 02 12 2140 138.310 -32.985 10.0 3.0 MW AUST
2017 03 26 0753 135.271 -27.463 10.0 3.5 MW AUST
2017 03 29 0255 136.080 -28.282 10.0 3.6 MW AUST
2017 04 24 0737 138.399 -32.440 10.0 3.6 MW AUST
2017 04 25 0930 138.870 -31.185 10.0 3.3 MW AUST
