1966 05 03 1907 147.168 -37.042 15.0 5.2 MW Denham
1968 10 08 1023 146.120 -36.780 6.0 4.0 MW CAN
1970 12 31 1301 147.820 -36.680 0.0 3.8 MW CAN
1971 06 21 0111 148.786 -36.219 5.0 3.7 MW CAN
1974 12 17 1624 148.310 -35.600 0.0 3.7 MW CAN
1976 05 01 1516 149.340 -36.070 27.0 3.7 MW CAN
1976 09 08 0421 148.265 -36.493 8.0 3.5 MW MEL
1979 05 22 1328 145.945 -37.103 0.8 3.6 MW MEL
1980 07 02 0313 149.226 -36.191 16.6 3.7 MW MEL
1981 01 23 1600 147.229 -37.361 2.6 3.5 MW MEL
1981 11 30 0209 148.312 -36.695 9.9 3.4 MW MEL
1982 02 13 0722 148.223 -36.371 0.0 3.1 MW CAN
1982 03 09 0009 147.904 -36.224 14.4 3.1 MW MEL
1982 09 30 2221 146.522 -36.828 14.1 3.2 MW MEL
1982 11 21 1134 146.972 -37.211 14.5 5.1 MW MEL
1983 01 15 1645 148.580 -36.630 17.0 3.3 MW CAN
1984 02 28 1659 148.642 -35.567 15.4 3.0 MW MEL
1984 07 28 0518 148.900 -35.100 10.0 3.1 MW CAN
1985 08 05 0838 147.586 -36.703 14.5 3.5 MW MEL
1989 04 18 0351 148.586 -36.416 11.0 3.2 MW MEL
1995 07 21 1426 148.859 -36.031 4.8 3.3 MW MEL
1995 07 30 0441 147.658 -36.761 11.3 3.5 MW MEL
1996 02 18 1934 148.666 -36.152 12.8 3.5 MW MEL
1996 05 10 0548 146.145 -37.733 10.6 3.0 MW MEL
1996 09 25 0749 146.421 -37.863 11.4 4.4 MW MEL
1997 06 27 0320 146.094 -36.781 8.5 3.9 MW MEL
1998 02 14 1823 148.702 -35.375 8.5 3.8 MW MEL
1998 07 17 0122 148.007 -36.439 19.0 3.9 MW MEL
1998 11 07 2242 148.893 -35.144 6.7 3.0 MW MEL
1998 12 31 0611 149.154 -35.783 4.4 3.2 MW MEL
1999 04 16 1051 145.984 -37.413 3.6 3.2 MW MEL
2000 03 16 1326 146.103 -37.496 8.4 3.5 MW MEL
2001 10 13 0442 147.675 -36.833 8.2 3.4 MW MEL
2001 12 16 2038 147.155 -37.119 15.0 3.2 MW AUST
