1964 09 03 0249 139.423 -31.107 27.4 2.5 MW ADE
1969 03 04 0419 138.962 -30.728 2.0 3.5 MW ADE
1965 01 17 0248 135.655 -27.968 0.0 3.3 MW ADE
1965 01 06 0948 136.800 -28.870 1.0 2.0 MW ADE
1971 10 05 0701 139.831 -31.735 1.5 3.7 MW ADE
1969 06 01 1734 137.439 -29.618 0.0 3.2 MW ADE
1971 06 19 0943 135.809 -28.213 1.9 3.0 MW ADE
1975 05 23 1407 137.698 -29.533 13.8 3.5 MW ADE
1966 01 07 1138 139.300 -30.950 2.0 2.5 MW ADE
1967 07 25 0410 138.100 -30.000 5.0 2.6 MW ADE
1971 07 03 2220 135.929 -28.417 4.5 3.0 MW ADE
1973 06 30 1158 138.022 -29.811 1.7 3.1 MW ADE
1973 10 04 0610 136.088 -28.439 14.4 3.0 MW ADE
1969 07 20 1747 139.342 -30.606 38.1 2.6 MW ADE
1971 03 25 0741 137.735 -29.364 4.7 2.2 MW ADE
1971 03 28 1011 137.855 -29.766 2.0 2.5 MW ADE
1978 01 13 0042 138.960 -30.473 0.0 3.1 MW ADE
1978 12 16 1008 136.380 -28.839 19.1 3.4 MW ADE
1979 06 04 1955 135.702 -28.081 28.2 3.4 MW ADE
1980 03 23 0213 137.427 -29.182 16.5 3.0 MW ADE
1971 10 06 0316 138.466 -30.129 12.5 2.3 MW ADE
1980 10 03 0537 135.826 -28.040 3.0 3.0 MW ADE
1972 08 26 1745 137.532 -29.497 10.2 2.8 MW ADE
1982 09 02 0749 138.536 -29.956 30.5 3.3 MW ADE
1973 09 15 1951 137.720 -29.559 3.5 2.9 MW ADE
1983 06 21 1956 137.116 -29.121 20.3 3.0 MW ADE
1983 09 21 2338 138.000 -29.827 1.5 3.0 MW ADE
1984 02 25 1350 137.561 -29.797 10.4 3.2 MW ADE
1984 08 21 1345 138.669 -30.484 30.3 3.2 MW ADE
1974 04 01 1047 136.480 -28.886 8.9 2.9 MW ADE
1974 06 14 1147 137.785 -29.788 0.0 2.8 MW ADE
1986 01 30 1640 135.535 -27.596 3.8 3.3 MW ADE
1986 08 26 1923 137.013 -28.848 0.0 3.0 MW ADE
1975 08 29 0923 139.401 -30.647 38.1 2.5 MW ADE
1986 09 09 1754 138.724 -30.293 34.4 3.0 MW ADE
1976 01 04 2056 139.235 -31.093 13.1 2.8 MW ADE
1976 05 01 2201 137.654 -29.432 11.2 2.9 MW ADE
1987 03 13 0452 137.881 -29.736 32.6 3.0 MW ADE
1977 11 17 1251 139.370 -31.239 6.9 2.6 MW ADE
1987 08 19 0325 138.515 -30.239 11.0 3.3 MW BMR
1978 01 10 0434 138.727 -30.482 0.0 2.7 MW ADE
1988 12 22 1110 136.222 -28.657 5.7 3.2 MW ADE
1978 06 11 2256 139.262 -31.153 11.1 2.2 MW ADE
1978 08 14 0510 138.299 -30.071 34.9 2.2 MW ADE
1978 08 16 1606 139.348 -30.825 31.4 2.1 MW ADE
1978 10 11 1715 139.415 -31.073 20.2 2.1 MW ADE
1978 10 16 0802 139.224 -31.122 18.5 2.0 MW ADE
1978 11 01 1005 137.833 -29.701 30.9 2.1 MW ADE
1978 12 08 1118 139.111 -30.997 21.7 2.0 MW ADE
1978 12 30 0349 138.488 -30.374 3.5 2.8 MW ADE
1979 01 23 2244 138.468 -30.336 7.1 2.5 MW ADE
1979 02 22 0925 139.479 -30.365 16.5 2.7 MW ADE
1979 03 22 0625 137.843 -29.598 23.5 2.5 MW ADE
1979 04 17 1529 139.243 -31.097 3.2 2.7 MW ADE
1979 04 20 0959 138.553 -30.275 30.9 2.5 MW ADE
1979 04 24 0039 139.341 -31.232 2.3 2.1 MW ADE
1979 05 04 0938 139.480 -30.949 9.1 2.5 MW ADE
1979 05 13 2249 139.266 -31.160 4.1 2.4 MW ADE
1979 06 03 1414 139.360 -30.875 6.7 2.2 MW ADE
1979 06 22 1621 137.143 -29.231 1.5 2.9 MW ADE
1979 07 17 0926 137.494 -29.488 27.4 2.5 MW ADE
1979 08 03 0142 135.751 -28.343 36.2 2.8 MW ADE
1979 09 29 2228 137.846 -29.708 22.6 2.5 MW ADE
1979 11 06 1747 138.132 -29.949 8.1 2.4 MW ADE
1979 11 25 1626 137.905 -29.996 12.8 2.3 MW ADE
1979 11 29 1151 138.065 -29.683 18.9 2.8 MW ADE
1979 12 30 0719 139.454 -31.170 12.7 2.1 MW ADE
1979 12 31 1335 139.425 -31.170 16.7 2.1 MW ADE
1980 02 23 0333 139.271 -31.188 15.6 2.1 MW ADE
1980 03 26 0604 137.916 -29.798 10.9 2.6 MW ADE
1980 04 26 1751 139.124 -30.591 1.3 2.2 MW ADE
1980 05 12 0011 137.545 -29.208 10.2 2.9 MW ADE
1980 05 13 0149 139.137 -30.761 34.7 2.9 MW ADE
1980 06 01 1054 137.411 -29.135 27.8 2.4 MW ADE
1980 08 05 1250 137.788 -30.118 2.9 2.3 MW ADE
1980 10 08 0415 139.619 -31.473 7.7 2.0 MW ADE
1980 11 10 2151 138.056 -29.929 15.5 2.7 MW ADE
1980 12 20 1753 138.129 -30.073 1.5 2.9 MW ADE
1981 02 08 1947 139.236 -30.780 2.0 2.3 MW ADE
1981 02 19 0348 136.812 -28.992 17.4 2.9 MW ADE
1981 03 04 1058 138.638 -30.061 3.2 2.6 MW ADE
1981 03 18 2251 137.739 -29.725 25.8 2.3 MW ADE
1981 04 15 0703 139.317 -30.821 11.0 2.9 MW ADE
1981 04 15 0753 139.317 -30.821 10.8 2.9 MW ADE
1981 06 27 2233 137.767 -29.747 4.4 2.9 MW ADE
1981 07 19 1114 137.434 -29.754 11.5 2.2 MW ADE
1981 08 04 0234 138.758 -30.584 9.6 2.4 MW ADE
1981 08 27 0643 136.573 -28.964 23.2 2.5 MW ADE
1981 09 10 1748 139.391 -30.773 5.2 2.7 MW ADE
1981 10 01 1717 138.703 -30.196 0.0 2.9 MW ADE
1981 10 12 2158 136.974 -28.960 6.3 2.9 MW ADE
1982 02 14 1804 138.346 -29.940 5.5 2.4 MW ADE
1982 02 23 1927 138.450 -30.183 35.2 2.3 MW ADE
1982 04 17 0201 137.993 -29.938 1.3 2.5 MW ADE
1982 04 18 0408 137.773 -29.647 22.7 2.7 MW ADE
1982 04 20 0537 137.743 -29.781 6.1 2.2 MW ADE
1982 04 28 1141 139.314 -30.458 0.0 2.3 MW ADE
1982 08 09 0852 139.207 -30.492 9.0 2.7 MW ADE
1982 09 22 0653 136.071 -28.160 32.2 2.7 MW ADE
1982 09 25 1219 137.812 -30.172 26.0 2.5 MW ADE
1982 10 17 1013 138.734 -30.534 11.2 2.5 MW ADE
1982 11 01 0748 139.072 -30.439 1.6 2.1 MW ADE
1982 12 04 2056 135.784 -27.841 2.3 2.6 MW ADE
1982 12 22 1645 139.566 -30.050 0.0 2.3 MW ADE
1983 01 13 0126 136.717 -28.984 0.4 2.4 MW ADE
1983 03 23 1417 139.329 -31.035 0.5 2.3 MW ADE
1983 05 29 2315 138.104 -30.098 16.8 2.5 MW ADE
1983 05 31 0028 137.824 -29.954 0.0 2.5 MW ADE
1983 06 15 2314 139.266 -30.066 11.2 2.7 MW ADE
1983 09 29 1338 138.078 -30.099 6.1 2.3 MW ADE
1983 10 05 1544 138.131 -29.748 26.5 2.4 MW ADE
1984 03 13 0704 137.623 -29.667 28.2 2.7 MW ADE
1984 05 03 0458 139.037 -30.794 20.8 2.4 MW ADE
1984 05 28 2145 135.821 -28.168 0.0 2.9 MW ADE
1984 06 14 1606 137.044 -29.071 12.9 2.7 MW ADE
1984 08 16 1114 137.801 -30.178 3.5 2.3 MW ADE
1984 08 21 1513 139.317 -30.847 5.6 2.5 MW ADE
1984 09 22 0052 139.250 -30.153 1.1 2.9 MW ADE
1984 10 06 1158 137.917 -29.974 6.3 2.9 MW ADE
1985 01 16 1209 137.352 -29.370 0.0 2.5 MW ADE
1985 04 18 0705 138.949 -30.585 1.2 2.0 MW ADE
1985 05 03 1407 137.644 -29.680 4.0 2.5 MW ADE
1985 05 16 0418 138.067 -29.851 24.7 2.3 MW ADE
1985 05 17 0517 138.010 -29.965 0.6 1.9 MW ADE
1985 05 26 2309 138.557 -30.218 38.0 2.0 MW ADE
1985 06 03 0729 135.836 -28.325 38.0 2.5 MW ADE
1985 09 27 1256 138.217 -29.990 10.9 2.1 MW ADE
1985 11 17 2301 135.806 -28.140 31.2 2.7 MW ADE
1986 01 09 0319 137.732 -30.012 25.4 2.9 MW ADE
1986 01 26 0234 139.011 -30.880 3.0 2.5 MW ADE
1986 02 06 0232 136.349 -28.544 15.3 2.6 MW ADE
1986 02 25 1735 138.521 -30.045 11.0 2.1 MW ADE
1986 04 01 1031 137.901 -29.881 2.1 2.5 MW ADE
1986 04 02 0635 138.697 -30.369 16.0 2.0 MW ADE
1986 05 15 2000 137.420 -29.591 8.8 2.3 MW ADE
1986 05 24 1631 137.248 -29.506 5.6 2.5 MW ADE
1986 08 05 0544 139.098 -30.831 0.5 2.0 MW ADE
1986 09 09 1752 138.545 -30.357 3.2 2.9 MW ADE
1986 09 17 0342 136.285 -28.799 21.2 2.5 MW ADE
1986 09 27 0403 138.618 -30.127 28.7 2.9 MW ADE
1986 10 15 0330 139.624 -30.821 11.1 2.3 MW ADE
1986 10 26 1639 138.738 -30.412 24.1 2.3 MW ADE
1986 11 15 0700 138.556 -30.454 0.0 2.1 MW ADE
1986 11 16 0449 137.987 -30.051 19.5 2.6 MW ADE
1986 11 18 1804 139.149 -31.074 24.7 2.2 MW ADE
1986 12 16 0712 139.221 -30.101 0.0 2.5 MW ADE
1986 12 30 1607 137.906 -29.898 0.0 2.7 MW ADE
1987 01 13 0317 138.624 -30.378 14.8 2.2 MW ADE
1987 01 20 0713 138.580 -30.389 4.1 2.8 MW ADE
1987 02 01 2209 139.553 -30.115 33.3 2.3 MW ADE
1987 02 13 0718 137.688 -29.988 9.4 2.3 MW ADE
1987 02 22 0340 139.485 -30.927 27.2 2.5 MW ADE
1987 03 09 0207 138.931 -30.289 19.1 2.3 MW ADE
1987 03 22 1238 138.670 -30.474 9.7 2.5 MW ADE
1987 03 22 1810 137.966 -29.927 0.0 2.8 MW ADE
1987 03 24 0808 137.840 -29.914 9.7 2.3 MW ADE
1987 03 25 1123 136.185 -28.326 33.0 2.7 MW ADE
1987 04 07 0735 139.846 -31.149 17.0 2.1 MW ADE
1987 04 23 1154 139.017 -30.722 24.5 2.1 MW ADE
1987 05 10 1613 137.934 -29.811 9.2 2.5 MW ADE
1987 05 16 0609 137.515 -29.672 5.3 2.3 MW ADE
1987 06 09 1458 138.767 -30.136 19.9 2.5 MW ADE
1987 06 15 1036 138.745 -30.420 11.2 2.3 MW ADE
1987 06 27 0844 137.982 -29.674 24.5 2.7 MW ADE
1987 07 12 0119 139.284 -30.248 4.7 2.5 MW ADE
1987 07 16 0628 139.158 -30.176 28.7 2.5 MW ADE
1987 09 16 1838 138.928 -30.679 0.0 2.2 MW ADE
1987 09 20 1107 138.152 -29.926 35.3 2.1 MW ADE
1987 10 13 2046 137.934 -29.568 13.4 2.1 MW ADE
1987 10 18 0231 138.788 -30.584 33.7 2.1 MW ADE
1987 11 24 1944 138.348 -30.200 0.6 2.3 MW ADE
1988 02 10 2000 139.423 -30.239 0.2 2.4 MW ADE
1988 03 18 0420 139.310 -30.493 10.4 2.2 MW ADE
1988 04 09 0626 139.225 -30.639 5.6 2.2 MW ADE
1988 04 30 1912 137.773 -29.672 11.5 2.3 MW ADE
1988 06 29 2134 137.929 -29.845 8.2 2.4 MW ADE
1988 07 08 1144 136.555 -28.728 10.2 2.3 MW ADE
1988 08 12 1336 139.194 -30.519 8.3 2.0 MW ADE
1988 10 27 0423 138.146 -30.137 7.2 2.4 MW ADE
1988 11 21 0325 138.471 -30.156 11.0 2.5 MW ADE
1988 11 25 0214 135.871 -27.858 35.7 2.7 MW ADE
1988 12 24 1040 136.816 -28.876 17.0 2.8 MW ADE
1989 03 03 1210 137.972 -29.540 23.0 2.9 MW ADE
1989 03 05 2319 136.436 -28.513 1.0 2.1 MW ADE
1989 04 27 0303 137.136 -28.874 19.0 2.3 MW ADE
1989 06 15 1649 139.007 -30.162 10.6 2.5 MW ADE
1989 06 17 1052 138.502 -30.033 9.0 2.4 MW ADE
1989 06 19 1814 138.196 -29.861 16.0 2.9 MW ADE
1989 07 02 1700 137.821 -29.963 11.5 2.3 MW ADE
1989 07 08 1402 137.751 -29.456 12.1 2.1 MW ADE
1989 07 24 2353 139.184 -30.518 20.5 2.1 MW ADE
1989 09 11 0852 137.782 -29.866 5.1 2.1 MW ADE
1989 09 15 0503 137.743 -29.358 8.3 2.5 MW ADE
1989 10 04 2228 138.459 -30.275 17.0 2.0 MW ADE
1989 10 13 1646 139.168 -30.779 5.3 1.9 MW ADE
1989 12 04 0711 139.536 -31.125 6.5 1.9 MW ADE
1989 12 05 1920 139.384 -30.798 10.9 2.3 MW ADE
1989 12 30 1552 137.782 -30.099 8.9 2.7 MW ADE
1990 02 11 0937 139.472 -30.282 6.7 2.7 MW ADE
1990 02 19 1300 139.715 -31.371 11.9 2.1 MW ADE
1990 04 09 1846 138.718 -30.029 17.0 2.8 MW ADE
1990 06 07 1142 137.947 -29.617 2.5 2.5 MW ADE
1990 07 02 0144 137.670 -29.638 9.9 2.6 MW ADE
1990 07 19 0550 139.046 -30.245 4.3 2.5 MW ADE
1990 07 24 1034 137.853 -29.580 2.2 2.5 MW ADE
1990 07 27 1016 139.025 -30.017 11.7 2.2 MW ADE
1990 08 21 1106 138.778 -30.462 6.1 2.1 MW ADE
1990 10 16 0000 137.881 -30.085 9.0 2.5 MW ADE
1990 11 05 2041 137.071 -29.242 6.5 2.4 MW ADE
1991 02 02 1230 137.566 -29.778 5.7 2.3 MW ADE
1991 03 06 2005 137.855 -29.685 15.2 2.5 MW ADE
1991 04 10 1024 138.516 -30.361 10.7 2.3 MW ADE
1991 05 23 2237 139.719 -31.528 8.0 2.2 MW ADE
1991 05 26 2014 135.700 -28.116 10.0 2.9 MW ADE
1992 02 16 1909 139.456 -31.006 3.4 2.7 MW ADE
1992 02 16 1934 138.999 -30.833 6.9 2.1 MW ADE
1992 04 24 0844 138.024 -30.142 11.8 2.3 MW ADE
1992 05 20 1516 137.929 -30.037 2.0 2.4 MW ADE
1992 06 23 1734 137.313 -29.611 2.0 2.3 MW ADE
1992 07 12 1447 138.597 -30.060 6.7 2.3 MW ADE
1992 07 26 0257 139.144 -30.514 8.8 2.1 MW ADE
1992 10 10 0223 137.656 -29.773 11.0 2.1 MW ADE
1992 11 12 0412 138.617 -30.026 13.9 2.6 MW ADE
1993 02 23 1607 139.790 -31.170 3.7 2.3 MW ADE
1993 03 31 0500 139.772 -31.097 0.1 2.1 MW ADE
1993 06 24 1302 139.461 -30.127 11.5 2.3 MW ADE
1993 07 13 0153 137.514 -29.467 15.6 2.4 MW ADE
1993 07 20 1219 139.411 -31.035 7.5 2.2 MW ADE
1993 07 22 1619 138.062 -29.962 6.3 2.7 MW ADE
1993 08 15 2310 139.372 -30.102 8.8 2.1 MW ADE
1993 09 10 1820 137.967 -29.624 1.7 2.5 MW ADE
1993 10 26 0629 138.205 -29.728 7.0 2.4 MW ADE
1993 11 07 1920 137.726 -29.710 9.9 2.9 MW ADE
1993 11 20 1234 138.838 -30.155 11.4 2.3 MW ADE
1994 01 10 2351 136.668 -29.045 3.2 2.6 MW ADE
1994 04 03 1606 135.768 -28.326 5.2 2.5 MW ADE
1994 08 21 2342 137.744 -30.052 14.1 2.5 MW ADE
1994 08 31 0259 139.711 -31.097 8.3 2.1 MW ADE
1994 09 06 0656 137.913 -29.831 10.8 2.3 MW ADE
1994 10 06 0403 138.989 -30.054 7.5 2.6 MW ADE
1994 12 25 0003 137.607 -29.343 9.3 2.6 MW ADE
1995 01 12 1232 139.771 -31.285 0.2 1.9 MW ADE
1995 02 08 1720 138.929 -30.578 12.4 2.3 MW ADE
1995 03 02 2125 139.821 -31.297 13.4 1.9 MW ADE
1995 05 11 0008 139.293 -30.676 4.7 2.8 MW ADE
1995 05 19 2134 136.648 -28.737 10.0 2.7 MW ADE
1995 06 14 1726 138.382 -30.205 10.3 2.3 MW ADE
1995 06 25 0703 137.540 -29.492 14.0 2.3 MW ADE
1995 07 03 0326 137.128 -29.226 10.0 2.5 MW ADE
1995 07 03 1352 136.722 -28.950 14.7 2.8 MW ADE
1995 07 19 0629 138.783 -30.169 8.9 2.2 MW ADE
1995 09 01 0653 137.879 -29.777 9.3 2.6 MW ADE
1995 09 19 1722 139.752 -31.325 14.8 2.3 MW ADE
1995 11 15 0824 139.844 -31.691 12.3 2.5 MW ADE
1995 12 09 0711 136.723 -29.079 12.6 2.9 MW ADE
1996 01 15 1747 139.451 -31.220 10.0 2.3 MW ADE
1996 03 21 0155 137.949 -29.979 10.0 2.3 MW ADE
1996 08 08 0912 136.374 -28.520 8.7 2.9 MW ADE
1996 08 30 1947 138.629 -30.492 13.4 2.1 MW ADE
1996 09 02 0925 138.984 -30.621 10.0 2.3 MW ADE
1996 11 25 1650 139.313 -31.207 7.6 2.7 MW ADE
1997 03 27 1509 139.717 -31.282 7.0 2.5 MW ADE
1997 05 11 0934 136.015 -28.353 10.0 2.9 MW ADE
1997 05 16 2134 138.091 -29.638 19.0 2.8 MW ADE
1997 08 26 0047 137.516 -29.529 6.8 2.7 MW ADE
1997 10 19 1439 139.200 -30.645 18.8 2.4 MW ADE
1998 01 31 0747 137.566 -29.793 6.7 2.7 MW ADE
1998 04 05 0951 137.890 -29.986 7.2 2.6 MW ADE
1998 04 27 1749 137.891 -29.577 10.0 2.7 MW ADE
1998 09 28 1823 139.347 -31.256 7.7 2.5 MW ADE
1998 10 13 1009 139.441 -30.218 12.4 2.5 MW ADE
1998 11 14 1747 139.316 -31.213 12.7 2.9 MW ADE
1999 10 11 1812 136.183 -28.681 21.8 2.6 MW ADE
1999 10 17 1311 139.075 -30.445 12.4 2.9 MW ADE
1999 12 14 2150 139.083 -30.768 10.6 2.4 MW ADE
2000 07 21 0611 137.200 -29.105 10.0 2.9 MW ADE
2001 03 07 0520 137.752 -29.782 1.0 2.8 MW ADE
2001 05 25 1127 138.057 -30.028 8.4 2.3 MW ADE
2001 06 03 2354 137.755 -29.773 10.2 2.8 MW ADE
2001 07 11 0043 138.448 -30.246 11.9 2.5 MW ADE
2002 02 08 1146 136.621 -28.929 11.6 2.7 MW ADE
2002 03 30 1315 137.604 -29.812 9.7 2.4 MW ADE
2002 08 26 1959 137.708 -29.541 13.3 2.7 MW ADE
2002 09 07 1214 138.973 -30.219 14.5 2.5 MW ADE
2002 09 10 2345 137.434 -29.572 10.8 2.5 MW ADE
2003 01 16 0639 139.792 -31.488 11.8 2.5 MW ADE
2003 06 26 0951 139.006 -30.438 11.0 2.3 MW ADE
2003 11 02 1849 138.620 -30.480 8.6 2.5 MW ADE
2003 12 27 0155 139.310 -30.396 4.3 2.3 MW ADE
2004 01 19 0754 139.434 -30.223 9.5 2.1 MW ADE
2004 01 22 1938 138.888 -30.092 8.0 2.2 MW ADE
2004 05 26 2104 137.792 -29.562 14.2 2.7 MW ADE
2004 06 19 0917 138.694 -30.044 13.1 2.3 MW ADE
2004 09 21 0550 139.356 -30.591 8.7 2.0 MW ADE
2005 01 01 0612 137.845 -29.764 10.0 2.8 MW ADE
2005 05 02 1652 138.953 -30.305 13.5 2.2 MW ADE
2005 05 14 2139 138.846 -30.402 9.1 2.9 MW ADE
2005 05 14 2331 139.368 -30.971 10.0 2.6 MW ADE
2005 07 22 0940 139.223 -30.645 19.9 2.7 MW ADE
2005 09 04 0311 137.511 -29.604 4.6 2.9 MW ADE
2005 10 28 0105 139.067 -30.046 9.8 2.6 MW ADE
2005 11 14 1403 139.121 -30.493 9.4 2.6 MW ADE
2005 12 30 0129 139.431 -29.933 4.2 2.0 MW ADE
2006 03 25 1939 139.244 -31.109 17.1 2.4 MW ADE
2006 04 02 2144 138.890 -30.687 9.1 2.2 MW ADE
2006 04 13 1918 138.648 -30.395 7.0 2.0 MW ADE
2006 07 28 0828 138.674 -30.070 13.5 2.8 MW ADE
2006 08 15 1128 139.189 -31.040 13.5 2.4 MW ADE
2006 09 10 1048 137.882 -29.889 10.7 2.9 MW ADE
2007 01 30 2136 138.798 -30.140 18.7 2.1 MW ADE
2008 05 17 1234 137.651 -29.425 26.5 2.6 MW ADE
2008 08 30 0510 137.898 -30.097 10.3 2.8 MW ADE
2009 01 30 0336 139.368 -31.309 8.6 2.3 MW ADE
2009 09 23 1730 136.862 -28.936 22.0 2.8 MW ADE
2009 11 03 2249 139.332 -30.582 21.8 2.3 MW ADE
