1952 03 11 0609 116.500 -31.300 0.0 5.10 MW BMR
1955 08 30 1352 116.400 -30.700 0.0 5.80 MW MGO
1958 03 20 0303 117.200 -32.300 7.0 4.80 MW MGO
1960 02 11 0421 118.300 -33.700 0.0 3.20 MW MGO
1960 03 14 1631 116.500 -31.200 0.0 3.40 MW MGO
1960 03 31 0413 118.000 -33.500 0.0 3.40 MW MGO
1960 05 02 1807 116.800 -30.100 0.0 3.00 MW MGO
1960 11 14 2246 116.900 -31.300 0.0 2.90 MW MGO
1961 05 18 0856 117.300 -34.200 0.0 3.30 MW MGO
1961 06 12 1841 116.900 -31.600 0.0 3.30 MW MGO
1961 06 23 0816 116.600 -31.200 0.0 2.60 MW MGO
1961 06 25 1759 117.200 -32.200 18.0 4.40 MW MGO
1961 07 01 1510 116.900 -32.400 0.0 2.60 MW MGO
1961 07 07 0547 117.000 -33.100 0.0 3.20 MW MGO
1961 11 20 2044 117.200 -32.300 0.0 2.90 MW MGO
1961 12 31 2227 116.900 -31.600 0.0 2.80 MW MGO
1962 01 30 0729 117.200 -32.300 0.0 2.60 MW MGO
1962 07 31 0035 118.000 -30.900 0.0 2.60 MW MGO
1962 12 17 0029 118.100 -33.600 0.0 3.00 MW MGO
1963 01 18 0549 117.260 -32.150 6.0 4.90 MW Sykes
1963 02 13 0757 118.400 -34.100 0.0 3.20 MW MGO
1963 08 29 0704 116.500 -31.100 0.0 3.10 MW MGO
1963 11 19 1752 116.300 -31.000 18.0 4.20 MW MGO
1964 01 15 0231 117.200 -32.300 0.0 2.90 MW MGO
1964 03 20 0256 117.200 -32.300 0.0 2.90 MW MGO
1964 06 11 2002 116.200 -30.700 0.0 2.80 MW MGO
1964 06 12 1408 118.100 -33.600 18.0 4.30 MW MGO
1964 10 23 1252 117.200 -32.200 18.0 3.50 MW MGO
1964 10 26 2218 116.200 -30.700 0.0 2.80 MW MGO
1964 11 05 0550 116.700 -32.100 18.0 3.80 MW MGO
1966 01 25 0706 117.000 -32.800 18.0 3.90 MW MGO
1966 02 15 0155 117.000 -32.300 0.0 3.10 MW MGO
1966 05 01 1602 116.640 -32.040 0.0 3.20 MW MGO
1966 05 06 0857 118.800 -32.300 18.0 3.70 MW MGO
1966 09 21 0420 116.420 -31.120 0.0 2.60 MW MGO
1966 09 30 1405 116.800 -30.600 0.0 3.00 MW MGO
1966 10 03 2139 117.200 -30.600 18.0 3.60 MW MGO
1966 10 07 1024 116.700 -30.400 7.0 3.30 MW MGO
1966 11 21 1808 117.310 -31.980 0.0 2.70 MW MGO
1966 11 30 1530 117.000 -32.790 0.0 2.80 MW MGO
1966 12 25 2234 116.400 -31.000 18.0 3.80 MW MGO
1967 04 03 0801 116.500 -30.700 18.0 3.00 MW MGO
1967 08 29 2109 117.300 -31.900 18.0 3.40 MW MGO
1967 10 22 1038 117.300 -32.000 18.0 3.50 MW MGO
1968 02 14 0919 117.040 -32.450 0.0 2.60 MW MGO
1968 02 26 0535 116.250 -30.940 0.0 2.70 MW MGO
1968 03 08 1521 117.170 -32.030 0.0 2.60 MW MGO
1968 04 08 0144 117.250 -30.800 0.0 4.40 MW BMR
1968 06 21 0754 118.230 -30.800 0.0 4.00 MW BMR
1968 08 31 0840 116.210 -31.120 0.0 2.60 MW MGO
1968 09 26 1807 116.400 -30.700 18.0 3.20 MW MGO
1968 10 06 2236 116.400 -30.910 25.0 3.40 MW MGO
1968 10 14 0258 116.980 -31.620 10.0 6.58 MW BMR
1968 10 20 0906 117.310 -32.040 18.0 3.80 MW MGO
1968 11 27 1439 117.180 -32.290 18.0 3.10 MW MGO
1968 12 29 1109 116.460 -30.680 18.0 3.00 MW MGO
1969 01 07 0449 116.860 -32.250 0.0 2.70 MW MGO
1969 01 20 2330 117.230 -32.130 7.0 3.70 MW MGO
1969 03 11 1200 116.570 -30.640 7.0 3.50 MW MGO
1969 03 21 1950 117.250 -32.150 7.0 3.00 MW MGO
1969 03 28 0418 117.150 -31.980 0.0 2.60 MW MGO
1969 04 02 2212 117.000 -32.400 7.0 3.20 MW MGO
1969 05 09 1120 117.300 -32.000 7.0 3.50 MW MGO
1969 05 16 0422 117.200 -30.900 7.0 3.70 MW MGO
1969 06 09 1757 117.010 -30.660 0.0 2.60 MW MGO
1969 06 23 2144 116.910 -30.820 0.0 2.80 MW MGO
1969 06 26 0038 117.180 -30.760 7.0 3.40 MW MGO
1969 07 27 0920 117.100 -30.950 7.0 4.20 MW MGO
1969 08 21 2357 117.160 -30.750 0.0 3.20 MW MGO
1969 10 03 1224 117.750 -30.050 0.0 2.70 MW MGO
1969 10 22 2017 117.110 -30.860 0.0 2.90 MW MGO
1969 11 01 0553 117.090 -30.840 0.0 2.70 MW MGO
1969 11 05 0706 116.500 -31.260 15.0 2.80 MW MGO
1969 11 22 1505 116.930 -32.530 0.0 3.60 MW MGO
1970 01 30 1811 116.770 -31.100 0.0 2.60 MW MGO
1970 02 01 2214 116.900 -32.600 0.0 2.60 MW MGO
1970 03 10 1715 116.512 -31.092 15.0 5.90 MW EHB
1970 06 26 1203 116.640 -30.620 0.0 2.60 MW MGO
1970 07 19 1638 116.710 -31.180 7.0 3.80 MW MGO
1970 09 18 0146 116.300 -31.100 0.0 2.60 MW MGO
1970 11 30 0035 117.250 -32.210 0.0 2.60 MW MGO
1970 12 26 1825 116.310 -31.080 7.0 4.00 MW MGO
1971 08 18 1720 117.850 -31.750 0.0 3.00 MW MGO
1971 12 12 1921 117.280 -31.980 0.0 2.60 MW MGO
1972 02 01 0415 117.060 -30.900 0.0 2.70 MW MGO
1972 02 18 0758 116.880 -30.840 0.0 2.90 MW MGO
1972 02 26 1115 117.020 -30.810 0.0 3.30 MW MGO
1972 03 19 0711 116.920 -31.140 0.0 2.80 MW MGO
1972 04 22 1347 118.370 -30.760 0.0 3.30 MW MGO
1972 09 14 0250 116.630 -31.250 0.0 2.80 MW MGO
1972 11 08 2254 117.200 -30.900 0.0 3.00 MW MGO
1973 02 28 2242 117.080 -30.900 10.0 2.80 MW MGO
1973 04 02 1423 116.790 -31.210 10.0 3.00 MW MGO
1973 10 31 1033 116.660 -31.380 10.0 3.30 MW MGO
1974 01 23 0243 116.990 -32.840 0.0 3.90 MW MGO
1974 02 25 1307 117.230 -32.300 0.0 3.70 MW MGO
1974 04 15 0237 118.500 -31.100 0.0 2.80 MW MGO
1974 04 29 1440 116.500 -30.200 0.0 3.30 MW MGO
1974 05 12 1549 117.010 -30.830 0.0 2.70 MW MGO
1974 06 20 1707 118.500 -33.500 0.0 2.80 MW MGO
1974 09 04 2317 116.970 -30.790 0.0 4.50 MW MGO
1974 11 04 1745 117.060 -31.220 0.0 2.60 MW MGO
1974 11 05 2024 117.160 -30.650 0.0 3.10 MW MGO
1975 01 21 0150 117.080 -30.830 0.0 2.90 MW MGO
1975 03 04 0415 117.100 -32.300 10.0 2.70 MW MGO
1975 03 12 2009 118.200 -31.000 0.0 2.90 MW MGO
1975 05 01 1333 117.130 -30.900 0.0 3.10 MW MGO
1975 08 23 1922 116.900 -30.770 0.0 3.50 MW MGO
1975 09 07 0621 118.050 -32.950 0.0 2.90 MW MGO
1975 09 19 1254 116.920 -30.760 0.0 2.60 MW MGO
1975 09 22 0724 116.830 -30.640 0.0 2.80 MW MGO
1975 10 11 1152 116.920 -32.440 0.0 3.70 MW MGO
1976 05 11 1054 116.600 -30.700 0.0 2.60 MW MGO
1976 05 24 2256 117.859 -33.172 17.0 3.10 MW USGS
1976 07 01 1403 117.900 -33.700 0.0 2.60 MW MGO
1976 08 08 0310 116.930 -34.400 0.0 2.90 MW MGO
1977 02 07 0932 117.350 -34.090 0.0 2.90 MW MGO
1977 03 01 2008 117.690 -33.480 0.0 3.60 MW MGO
1977 04 09 0947 117.440 -34.440 0.0 3.50 MW MGO
1977 04 18 1233 116.370 -30.930 0.0 2.90 MW MGO
1977 05 15 1916 117.950 -35.000 10.0 4.50 MW MGO
1977 07 04 1914 117.950 -31.000 7.0 2.90 MW MGO
1977 11 30 0730 117.310 -33.590 0.0 3.00 MW MGO
1978 07 27 2045 117.730 -33.450 6.0 3.50 MW MGO
1978 11 10 2046 118.270 -33.630 5.0 2.90 MW MGO
1978 11 16 2217 118.400 -33.400 0.0 3.70 MW MGO
1978 11 19 0714 118.400 -34.400 0.0 2.70 MW MGO
1979 01 24 2149 115.690 -31.070 25.0 2.90 MW MGO
1979 04 25 0656 118.020 -33.520 7.0 3.20 MW MGO
1979 05 25 0810 116.580 -32.750 5.0 2.60 MW MGO
1979 06 02 0947 117.104 -30.821 3.0 6.10 MW EHB
1980 01 31 1104 117.300 -30.400 25.0 2.60 MW MGO
1980 02 03 1502 117.250 -33.720 5.0 2.80 MW MGO
1980 04 04 1317 118.200 -33.150 0.0 2.80 MW MGO
1980 05 19 2253 118.118 -30.810 9.0 3.00 MW ISC
1980 06 12 2029 117.750 -33.430 5.0 2.70 MW MGO
1980 10 05 1926 117.760 -33.330 0.0 3.00 MW MGO
1980 12 24 0626 116.670 -34.690 0.0 3.20 MW MGO
1981 02 26 0258 117.810 -33.560 0.0 3.20 MW MGO
1981 12 02 1929 116.740 -31.000 10.0 2.70 MW MGO
1982 05 18 0725 117.380 -32.220 10.0 2.90 MW MGO
1982 10 10 0256 116.740 -31.000 7.0 3.00 MW MGO
1982 12 21 2159 117.190 -32.110 10.0 3.00 MW MGO
1983 01 01 2052 117.180 -32.100 10.0 3.20 MW MGO
1983 01 26 0616 117.319 -30.610 10.0 4.80 MW ISC
1983 02 12 2203 117.730 -33.410 10.0 2.60 MW MGO
1983 08 04 0255 118.260 -31.280 10.0 3.00 MW MGO
1984 06 10 1559 117.370 -32.230 10.0 3.00 MW MGO
1984 06 29 0204 117.410 -32.230 10.0 3.40 MW MGO
1984 08 10 1348 117.300 -33.980 5.0 2.60 MW MGO
1984 08 19 2011 117.280 -33.340 10.0 2.60 MW MGO
1985 11 27 2318 117.351 -30.646 3.0 4.50 MW ISC
1985 12 06 0302 117.360 -32.010 10.0 3.60 MW MGO
1986 02 17 0206 117.410 -32.230 5.0 3.20 MW MGO
1986 04 05 1528 117.390 -32.220 5.0 2.60 MW MGO
1986 05 17 1241 117.200 -33.360 5.0 4.00 MW MGO
1986 10 13 1206 118.810 -33.950 5.0 3.20 MW MGO
1986 12 19 1027 117.410 -32.220 5.0 2.80 MW MGO
1987 01 19 1003 117.710 -33.410 13.0 2.60 MW MGO
1987 03 02 2222 117.490 -31.220 2.0 3.10 MW MGO
1987 03 09 1350 117.780 -32.440 5.0 2.80 MW MGO
1987 05 05 2324 116.720 -32.040 5.0 3.80 MW MGO
1987 05 10 2336 117.740 -33.390 5.0 3.20 MW MGO
1987 06 11 1218 117.510 -31.200 3.0 3.50 MW MGO
1987 07 05 0528 116.340 -31.780 5.0 2.70 MW MGO
1987 07 10 2232 117.470 -31.220 1.0 2.60 MW MGO
1987 08 22 1519 117.790 -30.740 5.0 2.80 MW MGO
1987 09 25 0918 117.880 -30.690 5.0 2.80 MW MGO
1987 10 12 0453 118.470 -34.910 5.0 3.20 MW MGO
1987 12 12 1449 116.680 -31.030 2.0 2.70 MW MGO
1987 12 19 0143 117.654 -31.116 21.0 2.60 MW ISC
1988 01 01 0901 117.770 -30.760 5.0 3.80 MW MGO
1988 01 06 0342 117.500 -31.200 2.0 4.30 MW MGO
1988 02 28 1756 118.270 -33.600 3.0 2.70 MW MGO
1988 03 14 0748 116.800 -30.540 4.0 3.60 MW MGO
1988 03 18 2003 117.170 -32.150 5.0 2.60 MW MGO
1988 04 17 1354 116.770 -30.520 2.0 3.00 MW MGO
1988 06 29 1922 117.490 -31.200 5.0 2.80 MW MGO
1988 07 10 1751 117.940 -33.500 5.0 3.00 MW MGO
1988 08 18 0739 116.540 -33.310 1.0 2.60 MW MGO
1988 09 10 0746 116.560 -33.320 1.0 3.00 MW MGO
1989 03 31 0400 116.929 -30.943 20.0 3.00 MW ISC
1989 04 19 1342 116.927 -34.355 1.0 2.60 MW MGO
1989 06 15 1814 117.286 -33.348 12.0 2.60 MW MGO
1989 07 23 0120 118.334 -33.567 1.0 2.90 MW MGO
1989 12 14 0520 117.220 -33.346 2.0 2.60 MW MGO
1990 02 01 2258 117.809 -33.449 0.0 2.90 MW MGO
1990 03 17 0548 117.821 -33.413 5.0 3.20 MW MGO
1990 04 15 1317 116.797 -30.549 3.0 2.60 MW MGO
1990 04 30 0424 116.808 -30.529 1.0 3.00 MW MGO
1990 05 11 0426 116.812 -30.548 1.0 2.80 MW MGO
1990 05 30 1943 116.806 -30.534 3.0 3.20 MW MGO
1990 06 23 0003 116.783 -30.533 4.0 2.70 MW MGO
1990 06 24 2055 116.810 -30.535 1.0 2.70 MW MGO
1991 01 08 0527 117.066 -30.616 3.2 3.30 MW MGO
1991 03 07 1352 117.329 -31.220 1.0 2.60 MW MGO
1991 11 19 0553 118.130 -33.300 5.0 2.60 MW MGO
1991 12 11 1759 117.745 -30.394 2.0 3.20 MW MGO
1991 12 13 0448 117.360 -34.389 1.0 4.30 MW MGO
1992 01 04 0714 117.279 -31.997 1.0 3.30 MW MGO
1992 01 14 2127 117.275 -31.997 5.0 2.90 MW MGO
1992 04 01 0839 117.699 -30.861 3.0 2.80 MW MGO
1992 09 17 2024 117.835 -33.936 5.0 2.60 MW MGO
1993 01 18 1046 117.275 -31.989 1.0 2.70 MW MGO
1993 02 07 0551 116.363 -30.522 5.0 3.00 MW MGO
1993 03 12 1704 115.556 -30.075 9.0 3.10 MW MGO
1993 06 11 1053 117.196 -32.143 5.0 2.60 MW MGO
1993 08 12 2050 117.421 -32.249 2.0 2.60 MW MGO
1993 08 18 2024 118.184 -30.930 1.0 2.60 MW MGO
1994 04 26 1549 118.481 -30.605 5.0 4.10 MW MGO
1994 05 13 0420 117.247 -31.175 5.0 2.80 MW MGO
1994 06 06 1017 118.074 -33.715 5.0 2.90 MW MGO
1994 07 10 0327 118.422 -33.609 5.0 2.80 MW MGO
1994 10 05 1659 117.782 -33.455 1.0 2.80 MW MGO
1994 10 10 1904 118.116 -32.699 5.0 2.60 MW MGO
1994 10 31 0801 117.855 -33.872 1.0 2.60 MW MGO
1994 11 14 1326 118.388 -30.725 9.0 2.60 MW MGO
1994 11 23 2053 116.736 -31.977 5.0 3.00 MW MGO
1994 12 10 1702 118.519 -34.969 1.0 2.70 MW MGO
1995 01 23 0819 117.218 -34.249 5.0 2.80 MW MGO
1995 02 01 0955 118.686 -33.743 5.0 2.80 MW MGO
1995 04 20 1311 118.184 -33.282 1.8 3.30 MW MGO
1995 06 24 1106 117.710 -30.367 3.0 2.80 MW MGO
1995 07 15 0222 115.546 -30.058 5.0 2.90 MW MGO
1995 08 18 2336 117.509 -31.222 5.0 2.60 MW MGO
1995 10 27 0913 117.281 -31.219 0.8 2.70 MW MGO
1996 03 11 0624 117.610 -31.454 1.0 3.10 MW MGO
1996 05 14 2314 116.802 -34.036 1.0 3.00 MW MGO
1996 07 14 0839 118.021 -33.690 1.0 2.70 MW MGO
1996 09 18 2335 116.724 -31.978 1.0 3.10 MW MGO
1996 10 26 0854 117.909 -33.900 1.0 3.70 MW MGO
1996 11 16 0621 117.685 -31.454 3.0 3.30 MW MGO
1996 12 17 1102 116.587 -31.004 5.0 2.80 MW MGO
1996 12 20 0611 116.568 -31.009 3.0 2.80 MW MGO
1996 12 31 0149 117.282 -31.200 5.0 2.60 MW MGO
1997 03 27 0614 117.673 -31.475 5.0 3.30 MW MGO
1997 08 31 1523 117.684 -31.449 5.0 4.60 MW MGO
1997 12 07 1750 116.490 -30.998 5.0 3.00 MW MGO
1998 04 29 1034 117.477 -31.207 3.0 3.00 MW MGO
1998 05 11 1211 118.080 -33.694 1.0 3.20 MW MGO
1998 05 27 0723 118.195 -34.031 5.0 2.70 MW MGO
1998 06 07 2242 117.683 -31.464 5.0 3.60 MW MGO
1999 01 21 2237 117.860 -30.931 1.0 2.60 MW MGO
1999 01 22 0007 116.936 -33.970 1.0 3.20 MW MGO
1999 03 18 1451 117.705 -31.476 5.0 2.60 MW MGO
1999 07 13 0146 117.480 -31.210 3.0 2.80 MW MGO
2000 02 02 2324 118.255 -33.700 5.0 3.20 MW ISC
2000 02 24 2044 117.790 -30.750 8.0 3.30 MW MGO
2000 06 05 0349 118.574 -30.578 2.0 2.90 MW AUST
2000 09 22 0604 117.058 -30.526 1.1 3.60 MW AUST
2000 11 16 0125 118.386 -34.537 0.0 2.90 MW AUST
2000 12 03 1334 117.820 -30.614 0.0 2.60 MW AUST
2001 01 03 1509 118.036 -30.873 5.0 2.80 MW AUST
2001 01 31 0352 116.961 -30.534 0.0 2.80 MW AUST
2001 03 09 1821 118.271 -31.904 2.0 2.60 MW AUST
2001 04 23 1328 116.658 -32.976 2.0 2.70 MW AUST
2001 06 30 0817 117.822 -32.145 0.0 2.90 MW AUST
2001 09 28 0254 117.061 -30.536 2.3 5.20 MW AUST
2001 12 18 0447 117.683 -31.378 1.0 2.60 MW AUST
2001 12 26 1854 117.688 -31.380 2.9 3.10 MW AUST
2002 05 04 0137 117.738 -32.070 3.0 2.70 MW AUST
2002 06 12 0331 117.097 -32.389 0.0 2.70 MW AUST
2002 11 08 1951 117.028 -30.188 1.0 2.70 MW AUST
2003 04 15 1916 118.709 -31.196 10.0 2.70 MW AUST
2003 07 18 2008 116.547 -31.172 0.0 2.80 MW AUST
2004 02 03 2339 117.094 -30.746 0.0 2.90 MW AUST
2004 09 04 1044 117.030 -30.902 1.7 2.80 MW AUST
2004 09 10 0847 117.061 -30.550 5.0 3.00 MW AUST
2004 10 11 1225 117.098 -30.879 0.0 3.10 MW AUST
2004 11 24 0242 117.726 -30.548 10.0 4.16 MW ISC
2004 12 13 1326 117.070 -30.427 2.1 3.00 MW AUST
2005 01 03 0040 117.479 -30.652 1.5 3.50 MW AUST
2005 02 13 1835 117.539 -30.652 9.4 2.80 MW AUST
2005 02 24 1657 117.485 -30.629 2.5 3.30 MW AUST
2005 02 27 0617 118.282 -33.606 0.0 3.60 MW AUST
2005 03 15 1249 116.844 -32.527 0.0 2.70 MW AUST
2005 03 16 0127 117.464 -30.639 2.6 3.55 MW AUST
2005 03 17 1636 116.604 -31.116 10.4 2.70 MW AUST
2005 03 18 1104 117.343 -30.717 10.0 2.80 MW AUST
2005 03 25 0416 117.217 -31.160 5.0 2.90 MW AUST
2005 04 14 1717 118.344 -33.507 0.0 2.80 MW AUST
2005 04 18 1353 118.273 -33.614 2.0 2.80 MW AUST
2005 05 01 0943 117.912 -30.194 2.7 4.10 MW AUST
2005 05 06 0659 115.963 -31.635 2.0 2.80 MW AUST
2005 05 12 0118 117.203 -31.953 5.0 2.60 MW AUST
2005 05 15 2154 117.423 -30.689 10.0 2.80 MW AUST
2005 05 27 1210 117.447 -30.650 4.3 3.30 MW AUST
2005 06 12 1051 117.108 -30.802 2.3 4.30 MW AUST
2005 06 12 2036 117.030 -30.558 7.6 4.50 MW AUST
2005 09 21 2246 117.165 -30.146 2.0 4.06 MW USGS
2005 10 22 0638 117.878 -30.225 2.9 2.70 MW AUST
2005 11 25 2032 117.195 -30.134 2.2 3.60 MW AUST
2005 12 01 0152 117.038 -30.536 2.5 2.90 MW AUST
2006 03 07 0106 117.142 -30.146 2.2 3.60 MW AUST
2006 03 29 1257 117.685 -30.280 0.0 3.00 MW AUST
2007 08 05 0712 117.648 -33.185 17.0 3.50 MW AUST
2007 10 09 2358 117.505 -33.946 0.0 4.70 MW AUST
2007 10 17 0441 117.283 -30.602 2.0 2.60 MW AUST
2007 10 19 2252 118.177 -33.275 1.0 2.70 MW AUST
2008 01 18 1040 118.590 -30.534 13.9 2.80 MW AUST
2008 03 24 1731 118.385 -30.668 12.8 3.00 MW AUST
2008 04 05 1204 117.781 -30.349 1.1 2.70 MW AUST
2008 04 10 0813 116.960 -30.429 12.0 2.80 MW AUST
2008 04 12 2353 118.023 -30.925 6.0 2.70 MW AUST
2008 04 21 0729 117.210 -30.581 10.0 2.80 MW AUST
2008 05 03 2214 117.365 -31.168 5.0 3.70 MW AUST
2008 05 17 0036 116.975 -30.117 0.0 3.40 MW AUST
2008 05 17 0905 117.501 -30.664 11.1 2.70 MW AUST
2008 07 20 2114 116.759 -32.004 3.0 2.60 MW AUST
2008 08 01 1727 117.132 -30.495 0.0 3.10 MW AUST
2008 11 06 1456 116.655 -30.876 8.0 3.20 MW AUST
2008 12 15 1652 118.889 -30.409 7.2 2.80 MW AUST
2009 02 11 0802 116.640 -33.390 10.0 2.60 MW AUST
2009 04 06 2050 117.191 -31.950 0.0 3.00 MW AUST
2009 04 08 0531 116.881 -34.148 0.0 4.10 MW AUST
2009 08 09 2117 117.734 -30.234 3.5 2.70 MW AUST
2010 03 29 2038 117.032 -30.533 0.0 3.00 MW AUST
2010 04 03 2050 118.316 -30.683 0.0 2.60 MW AUST
2010 04 13 1110 117.284 -31.309 4.0 2.60 MW AUST
2010 04 21 1545 118.049 -32.322 3.0 2.80 MW AUST
2010 04 30 0038 117.763 -30.754 7.0 2.80 MW AUST
2010 05 02 0430 118.002 -30.714 11.0 2.60 MW AUST
2010 05 12 1109 118.278 -33.646 4.0 2.60 MW AUST
2010 07 29 1359 116.460 -30.640 1.0 2.80 MW AUST
2010 08 31 0952 117.799 -30.875 1.0 2.60 MW AUST
2010 09 02 0427 117.799 -30.855 0.0 2.60 MW AUST
2010 09 26 2259 117.447 -30.520 0.0 2.90 MW AUST
2010 10 05 0715 117.768 -30.262 0.0 2.60 MW AUST
2010 10 17 1053 117.759 -30.209 0.0 2.90 MW AUST
2010 10 30 2335 118.208 -33.303 2.1 2.80 MW AUST
2011 04 26 1427 117.155 -30.508 0.0 3.41 MW AUST
2011 07 30 1427 118.074 -31.288 0.0 2.60 MW AUST
2011 07 30 2118 118.050 -31.295 5.0 2.60 MW AUST
2011 08 05 0947 118.915 -33.201 10.0 2.70 MW AUST
2011 09 22 0451 117.217 -33.733 5.0 3.37 MW AUST
2011 09 27 1913 117.800 -30.642 2.0 3.10 MW AUST
2011 10 05 1706 117.236 -33.730 16.0 3.45 MW AUST
2011 10 11 2122 117.135 -30.161 11.0 2.70 MW AUST
2011 11 27 0654 117.560 -30.633 0.0 2.70 MW AUST
2012 01 10 1844 118.222 -33.308 0.0 3.26 MW AUST
2012 01 24 1142 116.935 -30.449 10.6 3.00 MW AUST
2012 01 29 1345 118.988 -32.183 10.0 2.70 MW AUST
2012 03 09 0616 117.840 -30.410 8.0 3.37 MW AUST
2012 03 10 0530 117.005 -34.125 10.0 2.90 MW AUST
2012 03 13 2026 117.186 -34.134 15.0 3.00 MW AUST
2012 03 25 1657 117.843 -30.405 10.0 3.38 MW AUST
2012 04 21 0133 118.203 -31.222 11.0 3.00 MW AUST
2012 07 18 0920 117.794 -30.429 2.0 3.54 MW AUST
2012 08 09 0420 117.770 -30.436 4.0 2.80 MW AUST
2012 08 09 0433 117.836 -30.411 6.0 2.80 MW AUST
2012 08 14 0051 117.789 -30.452 10.0 2.80 MW AUST
2012 08 28 1942 117.773 -30.438 5.0 2.80 MW AUST
2012 09 06 1256 118.561 -33.320 0.0 2.60 MW AUST
2012 11 14 2023 117.802 -30.322 2.0 2.80 MW AUST
2012 12 09 0741 117.608 -31.232 0.0 2.60 MW AUST
2013 02 01 0949 117.427 -30.650 2.0 3.20 MW AUST
2013 02 09 2221 117.406 -30.644 0.0 2.60 MW AUST
2013 02 16 1438 118.883 -32.252 6.0 2.60 MW AUST
2013 03 05 0637 117.431 -30.654 4.0 2.70 MW AUST
2013 05 17 1511 117.456 -30.619 4.0 3.33 MW AUST
2013 05 22 1047 117.066 -34.396 0.0 2.60 MW AUST
2013 06 03 1327 117.420 -30.651 0.0 2.70 MW AUST
2013 06 03 1329 117.430 -30.630 2.0 2.70 MW AUST
2013 06 03 2009 116.646 -34.435 10.0 2.70 MW AUST
2013 06 03 2025 116.977 -34.292 0.0 2.90 MW AUST
2013 06 13 1530 117.439 -30.628 5.0 2.80 MW AUST
2013 06 13 1541 117.375 -30.672 0.0 2.80 MW AUST
2013 07 05 0153 117.591 -33.458 5.0 2.90 MW AUST
2013 07 19 1842 117.454 -32.123 5.0 2.60 MW AUST
2013 07 23 0934 117.905 -30.857 9.0 2.80 MW AUST
2013 08 15 0529 118.906 -30.361 10.0 2.60 MW AUST
2013 08 21 1102 117.655 -33.449 0.0 2.90 MW AUST
2013 09 10 2348 118.879 -30.336 13.0 2.70 MW AUST
2013 09 18 1731 117.610 -30.662 7.0 2.70 MW AUST
2013 09 28 1702 117.064 -34.257 0.0 2.70 MW AUST
2013 10 01 0712 117.566 -33.451 6.0 2.60 MW AUST
2013 10 04 2003 117.658 -30.622 0.0 3.40 MW AUST
2013 10 10 2057 117.010 -30.473 10.0 2.60 MW AUST
2013 11 05 1648 117.604 -30.651 12.0 2.60 MW AUST
2013 12 01 1250 117.383 -30.669 17.0 2.60 MW AUST
2013 12 07 0625 117.116 -30.495 9.0 2.60 MW AUST
2013 12 14 1432 117.026 -32.248 13.0 3.00 MW AUST
2013 12 23 0852 116.269 -31.187 1.0 2.70 MW AUST
2014 01 24 0032 117.678 -30.610 0.0 3.00 MW AUST
2014 01 31 0303 117.585 -33.454 6.0 2.90 MW AUST
2014 02 09 1053 117.740 -30.491 3.0 2.60 MW AUST
2014 04 05 0255 117.778 -30.414 7.0 3.10 MW AUST
2014 05 11 2034 117.474 -30.618 12.0 2.90 MW AUST
2014 06 10 2019 117.767 -30.436 10.0 2.60 MW AUST
2014 07 08 0649 116.172 -30.463 10.0 2.80 MW AUST
2014 07 17 1839 117.798 -30.371 13.0 3.30 MW AUST
2014 07 22 1949 117.689 -30.642 10.0 3.25 MW AUST
2014 07 23 1805 118.065 -33.442 0.0 2.60 MW AUST
2014 08 07 2028 118.921 -32.254 10.0 2.60 MW AUST
2014 09 04 0644 117.840 -30.480 10.0 2.80 MW AUST
2014 09 04 0653 117.787 -30.386 10.0 2.60 MW AUST
2014 09 08 1257 117.207 -33.710 12.0 2.60 MW AUST
2014 10 30 1734 117.919 -30.310 10.0 3.50 MW SRC
2014 11 04 0441 117.870 -30.142 10.0 2.90 MW SRC
2014 11 05 0345 117.111 -33.701 6.0 2.70 MW AUST
2014 11 05 1213 117.249 -33.699 13.0 2.60 MW AUST
2014 12 03 0246 117.668 -30.617 6.0 2.70 MW AUST
2014 12 05 0357 117.153 -30.738 5.2 2.80 MW AUST
2015 03 05 1458 117.298 -30.285 14.0 3.00 MW AUST
2015 09 02 1640 116.086 -33.092 10.0 3.20 MW AUST
2015 09 11 0802 117.071 -30.719 17.0 2.60 MW AUST
2015 09 28 0012 117.927 -31.878 10.0 2.90 MW AUST
2015 11 01 2333 117.846 -30.875 12.0 2.80 MW AUST
2015 12 06 2212 118.086 -33.508 10.0 2.90 MW AUST
2016 03 02 0436 117.714 -33.480 15.0 2.60 MW AUST
2016 03 30 1334 117.263 -30.348 3.3 3.20 MW SRC
2016 05 23 1500 117.737 -30.455 10.0 3.10 MW AUST
2016 06 01 2230 116.942 -32.154 7.0 2.60 MW AUST
2016 06 13 1512 118.454 -30.708 10.0 2.70 MW SRC
2016 06 30 0025 117.343 -30.137 17.0 3.33 MW AUST
2016 07 05 0655 117.512 -30.054 0.0 3.26 MW AUST
2016 11 15 2110 118.404 -30.690 10.0 2.60 MW AUST
2016 12 24 0040 117.120 -30.826 10.0 3.43 MW AUST
2017 01 03 1530 118.455 -30.609 10.0 4.18 MW AUST
2017 01 05 0557 118.219 -30.701 10.0 2.60 MW AUST
2017 01 06 0820 118.218 -30.669 10.0 2.60 MW AUST
2017 01 28 0423 118.841 -32.187 10.0 2.70 MW AUST
2017 01 30 1900 118.932 -32.089 10.0 2.70 MW AUST
2017 03 19 0920 117.786 -30.420 10.0 3.00 MW AUST
2017 04 10 0440 117.796 -30.429 10.0 2.90 MW AUST
