1939 03 26 0356 138.300 -31.100 0.0 5.7 Ms ADE
1954 02 28 1809 138.564 -35.033 4.0 5.5 ML ADE
1959 05 21 1128 139.000 -31.400 10.0 4.4 ML ADE
1959 09 09 0417 138.200 -32.700 10.0 4.3 ML ADE
1962 07 07 0430 138.600 -31.300 0.0 3.4 ML ADE
1962 09 26 0550 138.330 -35.000 7.0 3.5 ML ADE
1963 03 29 2156 138.500 -31.100 0.0 4.1 ML ADE
1965 01 23 0711 138.529 -31.990 8.9 3.4 ML ADE
1965 01 25 2022 138.495 -31.928 0.0 4.6 ML ADE
1965 03 01 1339 138.105 -30.347 0.0 3.6 ML ADE
1965 03 02 1518 138.380 -30.570 33.0 5.0 ML ISC
1965 03 07 0156 138.669 -30.861 9.9 3.1 ML ADE
1965 03 14 1247 138.540 -31.950 26.0 5.3 mb ISC
1965 06 04 1045 138.479 -32.000 3.7 4.2 ML ADE
1965 08 28 0026 138.297 -32.225 16.1 4.2 ML ADE
1965 08 28 0045 138.254 -32.379 25.3 3.7 ML ADE
1965 12 11 1943 138.098 -32.912 3.1 3.1 ML ADE
1966 11 23 2048 139.303 -34.347 13.4 4.2 ML ADE
1966 12 07 0249 138.913 -33.339 18.6 3.4 ML ADE
1967 04 15 0035 138.857 -33.737 15.0 3.3 ML ADE
1967 05 04 2334 137.987 -32.557 13.6 3.8 ML ADE
1967 10 02 1947 137.982 -32.519 19.1 3.1 ML ADE
1968 03 20 2353 138.329 -32.589 5.2 3.4 ML ADE
1968 08 01 1346 139.071 -31.244 1.8 3.6 ML ADE
1968 08 24 1324 137.951 -31.856 6.4 3.1 ML ADE
1968 12 07 0158 138.912 -31.159 0.0 3.4 ML ADE
1969 01 08 2223 138.925 -33.805 0.7 3.0 ML ADE
1969 01 29 1503 139.115 -31.797 20.3 4.1 ML ADE
1969 01 31 0946 138.040 -32.551 2.1 3.3 ML ADE
1969 03 04 0419 138.962 -30.728 2.0 3.4 ML ADE
1969 03 13 0754 138.466 -32.102 0.0 3.0 ML ADE
1969 09 07 0706 138.583 -33.192 9.7 3.0 ML ADE
1970 07 31 1820 138.930 -30.970 6.7 3.0 ML ADE
1970 09 16 1740 138.577 -33.209 0.0 3.5 ML ADE
1971 01 06 2354 138.560 -33.459 11.9 4.3 ML ADE
1971 05 21 2354 138.077 -33.300 5.6 3.0 ML ADE
1971 07 26 0750 138.756 -31.375 18.6 4.9 ML ADE
1971 10 08 1542 138.977 -32.501 6.4 3.4 ML ADE
1971 10 18 1321 138.365 -31.310 10.7 3.8 ML ADE
1972 03 30 1046 138.888 -31.413 6.0 3.1 ML ADE
1972 04 18 2220 138.619 -31.578 11.9 5.4 ML ADE
1972 04 27 1150 138.891 -31.263 12.5 4.0 ML ADE
1972 04 27 1311 138.756 -31.408 10.7 3.1 ML ADE
1972 10 17 1240 138.513 -34.998 5.7 3.4 ML ADE
1972 11 07 1032 138.736 -32.409 6.8 3.1 ML ADE
1973 02 07 1226 138.638 -33.459 9.8 3.0 ML ADE
1973 03 05 1917 137.975 -32.281 8.1 3.2 ML ADE
1973 08 04 0739 138.207 -35.306 8.4 3.4 ML ADE
1973 09 13 0257 139.447 -32.907 3.0 3.1 ML ADE
1974 01 19 1954 138.796 -32.177 3.6 3.5 ML ADE
1974 04 30 0232 137.904 -32.279 6.9 3.2 ML ADE
1974 11 09 0958 138.070 -32.437 9.3 3.7 ML ADE
1975 01 03 0218 138.716 -31.243 6.4 4.0 ML ADE
1975 04 28 1618 138.577 -30.972 12.0 2.8 ML ADE
1975 04 29 2207 138.943 -32.164 0.0 3.8 ML ADE
1975 05 11 0943 139.031 -33.110 5.3 2.9 ML ADE
1975 06 23 0027 138.987 -32.790 14.8 3.2 ML ADE
1975 07 14 1802 138.579 -35.250 23.6 3.4 ML ADE
1975 08 29 1649 138.503 -31.663 16.2 2.8 ML ADE
1975 09 11 1238 138.362 -33.292 9.8 3.0 ML ADE
1975 09 24 2232 138.878 -31.126 10.5 2.8 ML ADE
1975 09 30 0448 138.462 -30.696 4.5 2.8 ML ADE
1975 10 26 2011 138.714 -31.900 12.9 3.0 ML ADE
1976 01 10 1700 138.857 -31.529 15.0 2.9 ML ISC
1976 02 27 1144 138.454 -33.296 7.9 3.0 ML ADE
1976 03 31 0126 138.678 -31.293 7.6 2.8 ML ADE
1976 04 14 0736 138.596 -31.576 16.0 3.7 ML ADE
1976 09 13 0447 138.289 -32.818 11.4 2.9 ML ADE
1976 11 04 0130 138.803 -32.383 10.6 3.4 ML ADE
1976 11 30 0247 138.242 -31.259 15.7 2.9 ML ADE
1977 03 20 0400 138.239 -32.779 0.8 2.8 ML ADE
1977 04 16 1819 138.010 -32.433 0.0 3.8 ML ADE
1977 07 23 0604 138.016 -32.454 10.6 2.8 ML ADE
1977 08 20 2155 138.886 -34.909 21.8 3.1 ML ADE
1977 08 30 1413 138.474 -31.057 12.7 3.8 ML ADE
1977 09 28 1918 139.309 -32.273 9.7 3.6 ML ADE
1977 10 14 0755 138.349 -33.346 15.8 3.3 ML ADE
1977 11 04 1237 138.632 -33.145 4.9 2.8 ML ADE
1978 01 13 0042 138.960 -30.473 0.0 2.9 ML ADE
1978 01 17 0145 138.960 -32.025 0.0 2.8 ML ADE
1978 03 09 1415 139.099 -34.389 19.0 3.2 ML ADE
1978 03 26 2236 138.923 -32.389 16.4 4.0 ML ADE
1978 05 08 0222 138.619 -30.774 31.3 3.7 ML ADE
1978 08 03 1209 138.906 -31.127 13.3 2.9 ML ADE
1979 01 07 1533 138.221 -32.744 9.5 2.9 ML ADE
1979 03 09 0003 138.430 -31.042 8.5 3.2 ML ADE
1979 03 15 2004 138.645 -32.414 6.3 3.3 ML ADE
1979 06 13 1744 138.706 -33.375 5.9 2.8 ML ADE
1979 07 04 0918 139.185 -34.388 4.2 3.4 ML ADE
1979 08 03 0019 138.631 -33.163 6.2 3.3 ML ADE
1979 09 11 1043 139.161 -31.400 20.1 3.1 ML ADE
1979 11 12 2227 138.772 -31.633 16.8 3.0 ML ADE
1980 01 06 1803 139.211 -33.209 1.3 2.7 ML ADE
1980 01 18 2029 138.538 -33.437 16.7 2.6 ML ADE
1980 02 08 1705 138.149 -33.000 4.9 2.5 ML ADE
1980 02 15 2351 138.259 -31.488 12.0 3.3 ML ADE
1980 02 29 2228 138.323 -33.221 13.8 2.8 ML ADE
1980 03 05 0751 138.974 -34.018 13.4 2.5 ML ADE
1980 03 16 0040 138.643 -31.807 1.9 2.8 ML ADE
1980 03 22 0506 138.717 -31.615 20.4 2.5 ML ADE
1980 04 22 0124 138.722 -32.027 12.1 3.7 ML ADE
1980 05 13 0149 139.137 -30.761 34.7 2.6 ML ADE
1980 05 13 2145 138.434 -31.309 18.2 2.9 ML ADE
1980 06 06 1108 138.650 -31.796 6.7 2.5 ML ADE
1980 06 27 1018 138.730 -35.490 21.0 2.5 ML ADE
1980 10 02 0651 138.267 -32.317 19.8 2.6 ML ADE
1980 11 08 0317 138.595 -32.176 18.4 3.0 ML ADE
1980 11 12 0747 138.705 -33.171 0.0 2.6 ML ADE
1980 11 13 0856 138.825 -33.739 18.4 4.1 ML ADE
1980 12 10 0624 138.702 -31.308 22.9 3.1 ML ADE
1980 12 28 0821 138.473 -33.400 17.1 2.5 ML ADE
1981 01 29 1630 138.267 -32.750 14.2 2.9 ML ADE
1981 04 08 1730 138.761 -31.724 20.4 3.2 ML ADE
1981 06 22 0617 138.569 -33.534 11.1 3.1 ML ADE
1981 07 15 0209 138.639 -31.366 23.6 3.7 ML ADE
1981 08 01 1506 139.216 -33.965 8.4 2.8 ML ADE
1981 08 01 2016 138.749 -31.630 14.4 2.9 ML ADE
1981 08 19 0729 138.291 -33.021 19.4 2.5 ML ADE
1981 08 27 1919 138.125 -32.685 18.1 3.0 ML ADE
1981 08 27 1933 138.281 -32.760 14.9 3.0 ML ADE
1981 08 31 1935 138.923 -34.709 24.7 2.8 ML ADE
1981 10 01 1717 138.703 -30.196 0.0 2.6 ML ADE
1981 10 02 1755 138.878 -32.476 6.8 3.9 ML ADE
1981 10 15 0142 138.235 -32.736 14.1 2.9 ML ADE
1981 12 11 0517 137.963 -32.200 20.5 3.6 ML ADE
1981 12 26 1351 139.009 -32.284 0.0 3.1 ML ADE
1982 01 13 0657 138.972 -32.331 3.1 2.6 ML ADE
1982 01 18 0316 138.772 -32.143 13.1 2.5 ML ADE
1982 02 06 0352 138.796 -34.542 30.4 2.7 ML ADE
1982 02 08 0138 139.082 -32.069 22.3 2.8 ML ADE
1982 03 21 0313 138.653 -31.715 20.1 2.9 ML ADE
1982 04 09 2033 138.275 -30.509 7.0 2.6 ML ADE
1982 04 19 1558 138.610 -32.354 13.2 3.4 ML ADE
1982 07 08 1432 138.628 -32.809 3.9 3.2 ML ADE
1982 07 15 0144 138.339 -31.048 17.7 3.8 ML ADE
1982 08 05 1526 138.644 -31.435 16.9 2.5 ML ADE
1982 08 09 0231 138.359 -33.131 23.1 2.6 ML ADE
1982 09 02 0749 138.536 -29.956 30.5 3.1 ML ADE
1982 11 07 0337 138.618 -31.265 21.0 3.3 ML ADE
1983 02 08 0716 138.356 -30.702 24.9 2.5 ML ADE
1983 02 08 1538 137.960 -32.501 7.5 2.6 ML ADE
1983 02 25 1955 139.271 -34.188 9.1 3.5 ML ADE
1983 03 11 1930 138.433 -30.624 11.0 2.5 ML ADE
1983 07 29 1714 138.284 -33.039 15.6 3.1 ML ADE
1983 08 22 1724 138.432 -31.984 5.0 2.5 ML ADE
1983 08 30 1638 138.652 -32.230 5.4 2.7 ML ADE
1983 09 18 2026 138.408 -32.017 7.2 2.6 ML ADE
1983 10 29 1548 138.620 -31.386 16.1 2.8 ML ADE
1983 11 11 0232 138.669 -31.479 18.5 3.6 ML ADE
1983 12 17 2050 139.354 -34.603 22.6 2.8 ML ADE
1983 12 29 1741 138.289 -30.755 20.0 5.1 mb ISC
1983 12 29 1758 138.349 -30.813 17.9 2.9 ML ADE
1984 01 30 0101 139.307 -31.743 30.9 2.8 ML ADE
1984 02 01 1417 138.277 -32.859 18.5 2.5 ML ADE
1984 03 17 0423 139.158 -33.287 10.0 3.4 ML ADE
1984 03 23 0840 138.419 -32.009 7.7 2.9 ML ADE
1984 03 23 1004 138.445 -32.026 7.6 2.6 ML ADE
1984 03 24 1948 139.244 -33.234 1.9 2.7 ML ADE
1984 04 02 0506 138.763 -32.313 2.5 2.5 ML ADE
1984 05 27 0453 138.436 -30.437 9.6 2.9 ML ADE
1984 06 03 0325 138.490 -30.450 0.0 3.4 ML BMR
1984 07 10 1413 138.918 -32.331 4.4 2.7 ML ADE
1984 07 26 0339 138.546 -31.929 19.6 2.6 ML ADE
1984 08 21 1345 138.669 -30.484 30.3 3.0 ML ADE
1984 11 27 0632 139.220 -31.215 19.3 3.1 ML ADE
1984 12 30 0413 138.218 -30.994 14.7 2.8 ML ADE
1985 04 16 2215 138.112 -31.370 8.3 2.6 ML ADE
1985 06 12 0734 137.778 -32.680 0.0 2.5 ML ADE
1985 07 01 0039 138.339 -31.981 10.6 3.3 ML ADE
1985 07 04 2111 138.751 -31.430 0.5 3.0 ML ADE
1985 08 09 0444 139.334 -31.795 7.3 3.7 ML ADE
1985 08 11 2303 137.779 -32.758 1.5 2.6 ML ADE
1985 08 20 1540 139.369 -33.831 9.5 3.0 ML ADE
1985 09 24 2322 138.536 -32.729 18.1 2.5 ML ADE
1985 10 19 1316 138.627 -31.372 4.0 2.5 ML ADE
1985 11 10 2208 138.386 -32.740 20.4 3.7 ML ADE
1985 11 19 0439 139.062 -32.703 6.0 2.9 ML ADE
1985 11 19 0634 139.091 -32.713 0.1 2.5 ML ADE
1985 11 21 0735 138.648 -33.169 4.6 2.7 ML ADE
1985 12 21 0209 138.459 -32.291 20.5 2.5 ML ADE
1986 01 04 0626 138.718 -31.542 6.0 3.4 ML ISC
1986 01 14 1411 138.600 -31.613 16.8 3.2 ML ADE
1986 01 19 0537 138.804 -31.939 3.1 2.5 ML ADE
1986 02 03 1705 138.597 -31.633 19.3 2.8 ML ADE
1986 05 08 0818 138.229 -32.724 15.2 3.2 ML ADE
1986 05 20 1358 138.555 -32.610 9.4 2.9 ML ADE
1986 05 28 0634 138.885 -34.090 27.2 2.7 ML ADE
1986 05 31 1458 139.096 -35.145 15.1 2.7 ML ADE
1986 08 25 1719 138.116 -32.462 11.1 2.6 ML ADE
1986 08 26 1953 139.413 -33.840 9.3 2.6 ML ADE
1986 09 09 1752 138.545 -30.357 3.2 2.6 ML ADE
1986 09 09 1754 138.724 -30.293 34.4 2.7 ML ADE
1986 09 27 0403 138.618 -30.127 28.7 2.5 ML ADE
1987 01 18 1710 138.308 -33.154 20.3 2.5 ML ADE
1987 01 26 2252 138.381 -32.509 14.5 2.5 ML ADE
1987 05 04 0602 138.226 -32.981 11.1 2.5 ML ADE
1987 08 18 0519 138.469 -33.399 18.8 2.5 ML ADE
1987 08 19 0325 138.515 -30.239 11.0 3.2 ML BMR
1987 08 21 0658 138.692 -32.343 12.4 2.5 ML ADE
1987 10 01 0013 139.196 -33.457 15.8 3.0 ML ADE
1987 10 10 1951 138.347 -32.309 15.3 2.5 ML ADE
1987 11 30 1954 138.982 -31.219 24.8 2.6 ML ADE
1987 12 22 1202 138.073 -32.706 12.5 3.0 ML ADE
1987 12 25 1701 138.749 -31.767 21.2 2.7 ML ADE
1988 01 06 0129 138.029 -32.696 15.6 2.9 ML ADE
1988 01 06 0853 138.199 -32.830 18.9 2.5 ML ADE
1988 01 07 0113 138.757 -33.701 21.6 3.0 ML ADE
1988 01 07 0115 139.051 -33.695 4.2 2.6 ML ADE
1988 03 19 1526 138.601 -31.423 8.9 2.5 ML ADE
1988 06 23 1218 138.521 -30.792 9.6 2.6 ML ADE
1988 08 25 0139 138.592 -31.660 14.2 3.0 ML ADE
1988 09 01 0040 138.296 -33.273 5.9 2.5 ML ADE
1988 09 11 0328 138.827 -31.631 8.3 2.8 ML ADE
1988 09 23 1753 138.829 -33.116 3.2 2.5 ML ADE
1988 10 24 1155 138.686 -31.474 15.9 3.2 ML ADE
1989 01 11 0551 138.985 -33.281 11.8 2.7 ML ADE
1989 04 08 0418 138.575 -32.818 0.0 2.5 ML ADE
1989 05 03 0432 138.398 -32.720 20.8 2.6 ML ADE
1989 05 03 0606 139.014 -31.520 16.8 3.2 ML ADE
1989 05 16 0231 137.976 -32.286 6.6 2.5 ML ADE
1989 06 12 0345 138.189 -32.070 13.0 2.5 ML ADE
1989 06 26 1118 138.546 -31.438 14.5 3.7 ML ADE
1989 09 21 0615 138.651 -33.846 5.4 2.5 ML ADE
1989 09 29 2203 138.757 -31.915 13.4 2.5 ML ADE
1989 10 15 1135 138.668 -32.272 15.0 3.0 ML ADE
1990 01 19 1621 139.361 -33.802 7.5 2.8 ML ADE
1990 03 04 1138 138.872 -33.088 9.7 2.6 ML ADE
1990 03 04 1232 138.935 -33.076 0.8 2.5 ML ADE
1990 03 05 0655 139.047 -33.047 6.6 3.0 ML ADE
1990 03 05 0656 139.044 -33.089 4.0 3.0 ML ADE
1990 03 05 1813 139.001 -33.107 1.0 2.7 ML ADE
1990 03 10 1353 138.980 -33.094 2.0 2.7 ML ADE
1990 03 31 2018 138.927 -32.223 2.0 2.6 ML ADE
1990 04 05 1002 138.511 -31.108 15.8 2.9 ML ADE
1990 05 06 1003 139.346 -33.895 8.2 3.1 ML ADE
1990 06 11 1508 138.446 -33.699 18.4 2.7 ML ADE
1990 06 13 2023 138.318 -33.160 14.6 3.0 ML ADE
1990 08 20 1356 138.706 -31.115 10.9 2.8 ML ADE
1990 08 21 1049 138.691 -32.016 6.1 2.6 ML ADE
1990 08 23 0740 138.276 -31.892 1.8 2.6 ML ADE
1990 10 20 0033 137.984 -32.399 7.3 2.5 ML ADE
1990 11 18 1642 138.208 -30.522 18.0 2.6 ML ADE
1990 12 03 1318 139.260 -31.565 4.5 3.8 ML ADE
1990 12 13 0628 138.987 -33.017 6.0 2.9 ML ADE
1991 01 05 1212 138.205 -32.349 20.3 2.8 ML ADE
1991 01 10 0407 138.185 -32.335 26.9 3.1 ML ADE
1991 01 13 0303 138.984 -32.063 8.0 2.5 ML ADE
1991 02 18 0306 138.346 -31.867 12.7 2.5 ML ADE
1991 05 05 1426 139.203 -31.028 2.7 3.1 ML ADE
1991 05 16 1443 139.005 -32.342 10.0 2.6 ML ADE
1991 08 17 0628 139.085 -34.365 12.9 3.8 ML ADE
1991 09 02 2213 138.998 -32.724 2.8 3.7 ML ADE
1991 09 02 2219 138.995 -32.714 1.8 3.2 ML ADE
1991 10 08 1515 138.867 -32.210 12.6 2.5 ML ADE
1991 10 26 1326 138.228 -33.999 7.0 2.5 ML ADE
1991 11 03 1155 138.712 -33.169 13.0 2.8 ML ADE
1991 11 29 0812 138.353 -31.519 9.1 3.3 ML ADE
1991 11 29 0822 138.389 -31.533 8.5 2.7 ML ADE
1991 11 29 0945 138.359 -31.527 8.5 3.5 ML ADE
1991 11 30 1416 138.395 -31.552 5.7 2.7 ML ADE
1991 12 26 0006 138.824 -31.360 6.4 2.6 ML ADE
1992 01 23 0733 138.358 -31.566 4.2 2.6 ML ADE
1992 01 30 1510 138.326 -31.405 6.8 2.5 ML ADE
1992 02 25 2006 138.115 -33.333 4.5 2.5 ML ADE
1992 03 24 1555 138.439 -33.419 2.0 2.5 ML ADE
1992 03 24 1930 138.344 -32.520 4.2 2.5 ML ADE
1992 05 27 1017 138.487 -33.076 2.2 2.9 ML ADE
1992 06 11 1914 138.267 -33.167 5.0 3.1 ML ADE
1992 07 28 0933 138.783 -31.221 13.2 3.7 ML ADE
1992 08 17 2001 138.556 -33.905 11.4 3.2 ML ADE
1992 09 01 1104 138.659 -31.758 10.2 2.6 ML ADE
1992 10 10 1919 138.431 -30.839 14.4 2.9 ML ADE
1992 11 04 2112 138.976 -33.037 6.1 3.0 ML ADE
1992 12 12 1818 139.184 -33.736 16.6 2.5 ML ADE
1992 12 15 0135 138.347 -31.534 7.9 3.2 ML ADE
1992 12 17 1803 138.996 -33.030 6.5 3.5 ML ADE
1992 12 21 0103 139.002 -33.008 8.9 3.5 ML ADE
1992 12 21 0407 138.956 -33.028 7.7 2.8 ML ADE
1993 01 17 1023 138.564 -35.553 11.6 2.8 ML ADE
1993 01 18 2305 138.943 -33.095 12.9 2.5 ML ADE
1993 02 09 1534 139.016 -30.985 11.5 2.8 ML ADE
1993 03 08 0404 139.149 -33.672 12.3 2.7 ML ADE
1993 03 19 1315 138.649 -31.386 12.5 2.6 ML ADE
1993 04 05 2142 138.915 -33.070 9.3 2.5 ML ADE
1993 04 20 1446 138.909 -33.035 8.4 3.3 ML ADE
1993 05 08 1119 138.158 -31.896 7.9 2.9 ML ADE
1993 05 10 0821 138.261 -32.865 18.1 3.1 ML ADE
1993 05 21 0354 139.001 -33.761 11.6 2.5 ML ADE
1993 06 24 0659 139.145 -31.597 11.0 2.9 ML ADE
1993 08 03 0237 139.293 -34.615 16.6 2.6 ML ADE
1993 08 13 0036 139.025 -33.073 2.9 2.8 ML ADE
1993 09 05 1018 139.010 -31.414 16.1 2.7 ML ADE
1993 09 19 2327 138.795 -32.080 9.4 2.5 ML ADE
1993 09 24 1819 138.357 -32.437 1.7 2.8 ML ADE
1993 10 28 1658 138.960 -33.725 8.3 2.9 ML ADE
1994 04 17 1258 138.973 -33.035 8.3 3.0 ML ADE
1994 06 19 0224 138.363 -33.168 11.4 3.2 ML ADE
1994 06 21 0042 138.314 -30.410 17.4 2.5 ML ADE
1994 06 24 0559 138.640 -30.647 12.6 2.9 ML ADE
1994 07 08 1840 138.913 -30.556 13.7 3.3 ML ADE
1994 07 20 1505 138.872 -33.829 15.2 2.8 ML ADE
1994 08 10 2037 139.150 -34.161 17.7 3.2 ML ADE
1994 09 12 2123 138.969 -33.032 5.0 2.6 ML ADE
1994 11 06 2330 138.097 -32.248 15.4 2.6 ML ADE
1994 11 30 1953 138.157 -30.402 5.1 4.0 ML ADE
1994 11 30 2014 138.157 -30.402 5.0 3.0 ML ADE
1994 11 30 2023 138.157 -30.402 5.0 3.1 ML ADE
1994 12 01 1809 138.139 -30.361 5.2 3.0 ML ADE
1994 12 01 2029 138.090 -30.446 8.4 2.5 ML ADE
1994 12 05 2049 138.268 -30.276 12.2 3.6 ML ADE
1994 12 05 2102 138.094 -30.398 7.7 3.4 ML ADE
1994 12 06 1625 138.141 -30.474 10.8 2.6 ML ADE
1994 12 07 0532 138.103 -30.422 7.7 3.3 ML ADE
1994 12 09 1553 138.129 -30.402 5.0 3.1 ML ADE
1995 03 12 1136 138.354 -32.623 10.4 2.9 ML ADE
1995 03 27 0444 138.128 -30.386 6.2 2.9 ML ADE
1995 04 11 1549 138.905 -31.251 5.4 3.0 ML ADE
1995 04 26 0740 138.475 -33.433 6.1 2.6 ML ADE
1995 05 17 1746 138.705 -32.116 15.4 2.5 ML ADE
1995 05 20 2352 138.631 -31.591 9.5 2.6 ML ADE
1995 06 24 0114 138.072 -30.431 6.0 2.6 ML ADE
1995 08 16 1821 138.328 -32.797 9.4 2.6 ML ADE
1995 10 10 0414 138.510 -32.601 5.0 2.6 ML ADE
1995 11 01 0601 138.490 -32.573 5.0 3.0 ML ADE
1995 11 13 0400 138.466 -32.584 7.8 3.7 ML ADE
1995 11 16 1623 138.425 -32.585 4.2 2.6 ML ADE
1995 11 18 1325 138.757 -31.196 19.1 2.9 ML ADE
1995 12 24 1712 138.444 -35.205 19.4 2.6 ML ADE
1996 03 15 1859 138.666 -31.350 17.0 2.5 ML ADE
1996 03 23 1610 138.709 -31.335 9.0 3.0 ML ADE
1996 04 04 0459 138.908 -33.705 11.5 2.5 ML ADE
1996 04 25 2344 138.969 -31.628 13.6 2.6 ML ADE
1996 05 16 0221 138.643 -31.377 14.4 2.5 ML ADE
1996 06 27 0133 138.711 -32.116 10.4 2.5 ML ADE
1996 07 22 1009 138.872 -31.190 6.8 3.8 ML ADE
1996 07 23 0425 138.896 -31.139 8.2 2.9 ML ADE
1996 08 10 1414 138.425 -31.488 12.2 2.5 ML ADE
1996 08 31 0855 138.625 -31.223 3.7 2.9 ML ADE
1996 11 21 0606 139.183 -31.732 16.8 2.7 ML ADE
1996 12 16 2302 138.983 -33.530 11.1 2.8 ML ADE
1997 03 05 0615 138.979 -33.817 21.7 5.0 ML ADE
1997 03 05 0753 139.051 -33.815 21.1 3.0 ML ADE
1997 03 15 1507 139.077 -33.778 17.5 3.0 ML ADE
1997 04 03 1556 138.598 -31.044 14.1 2.9 ML ADE
1997 04 12 2016 139.010 -33.814 19.1 2.7 ML ADE
1997 05 03 2254 138.616 -33.735 5.0 3.3 ML ADE
1997 07 21 1510 137.769 -32.725 14.0 3.5 ML ADE
1997 09 08 1528 138.544 -32.906 10.3 2.6 ML ADE
1997 09 11 0911 138.643 -31.698 22.2 2.5 ML ADE
1997 11 29 0519 139.341 -33.856 8.1 2.7 ML ADE
1997 12 13 2310 138.793 -32.380 8.7 2.7 ML ADE
1998 01 28 0845 138.598 -32.885 4.6 3.3 ML ADE
1998 01 28 1554 138.601 -33.558 11.7 2.5 ML ADE
1998 07 09 0558 138.253 -33.519 10.2 2.6 ML ADE
1998 09 10 2028 138.788 -33.090 3.7 2.5 ML ADE
1998 11 12 1408 138.931 -35.020 21.8 2.8 ML ADE
1998 11 15 0939 139.400 -34.126 10.0 2.8 ML ADE
1998 12 17 0617 138.206 -32.917 11.2 2.8 ML ADE
1998 12 17 2354 138.371 -32.382 8.4 3.0 ML ADE
1999 01 22 1515 139.078 -33.795 20.7 3.4 ML ADE
1999 01 26 0536 139.329 -33.928 23.0 3.2 ML ADE
1999 02 07 0745 138.996 -33.793 0.2 2.6 ML ADE
1999 03 17 0721 138.845 -30.969 2.4 3.1 ML ADE
1999 03 29 1041 138.849 -32.623 3.2 2.8 ML ADE
1999 04 04 0126 138.657 -31.619 9.5 2.5 ML ADE
1999 04 20 0146 138.766 -33.128 9.2 2.9 ML ADE
1999 05 10 0351 138.576 -31.730 14.7 2.6 ML ADE
1999 08 06 0033 138.325 -31.860 18.8 3.1 ML ADE
1999 08 06 0821 138.276 -32.836 16.9 3.0 ML ADE
1999 08 18 1101 138.464 -33.274 19.5 4.1 ML ADE
1999 09 02 0016 138.326 -32.313 12.7 3.2 ML ADE
1999 09 06 0837 138.400 -31.875 11.1 3.3 ML ADE
1999 09 24 2058 139.341 -34.354 9.2 2.7 ML ADE
1999 10 17 1311 139.075 -30.445 12.4 2.6 ML ADE
1999 10 31 1236 138.572 -32.407 5.2 3.3 ML ADE
1999 10 31 1821 138.668 -32.378 8.6 2.7 ML ADE
1999 11 06 1455 138.595 -32.389 3.5 3.0 ML ADE
1999 12 31 0848 139.366 -33.163 6.0 2.7 ML ADE
2000 01 09 2135 138.594 -31.142 7.7 2.5 ML ADE
2000 03 11 0329 138.443 -33.727 21.8 2.9 ML ADE
2000 04 01 0801 138.391 -31.851 7.6 2.8 ML ADE
2000 07 12 2121 138.534 -32.596 13.8 2.9 ML ADE
2000 10 12 2322 138.777 -31.641 23.8 2.7 ML ADE
2001 01 29 0831 138.444 -30.972 11.6 2.9 ML ADE
2001 04 04 1417 138.949 -33.149 7.6 2.8 ML ADE
2001 04 11 1733 139.102 -35.223 11.2 2.5 ML ADE
2001 04 12 0727 138.271 -33.210 15.9 3.2 ML ADE
2001 05 09 0218 138.618 -33.669 22.7 2.8 ML ADE
2001 06 14 1205 138.130 -31.837 18.0 3.9 ML ADE
2001 11 08 1050 138.172 -34.846 22.1 2.9 ML ADE
2001 11 10 0207 138.432 -33.469 10.9 2.5 ML ADE
2001 11 22 1629 138.702 -31.453 19.5 3.3 ML ADE
2001 12 06 1731 138.448 -31.921 13.9 3.1 ML ADE
2002 02 24 1829 138.570 -31.499 10.5 2.6 ML ADE
2002 05 04 1847 138.745 -31.751 17.4 2.8 ML ADE
2002 08 01 1858 138.730 -32.289 11.8 2.9 ML ADE
2002 08 21 1322 138.696 -33.741 8.9 2.8 ML ADE
2002 08 26 0733 138.143 -31.885 10.3 2.6 ML ADE
2002 09 29 0613 138.161 -32.528 18.4 2.6 ML ADE
2002 10 03 1815 138.452 -31.935 13.8 3.2 ML ADE
2002 11 23 1326 138.374 -30.747 9.0 2.9 ML ADE
2002 12 09 1128 138.166 -31.846 11.2 2.8 ML ADE
2002 12 30 1801 138.613 -33.101 8.7 2.7 ML ADE
2003 01 11 0621 138.303 -33.341 6.7 2.5 ML ADE
2003 02 08 2231 138.417 -32.571 14.6 2.6 ML ADE
2003 04 25 0338 138.113 -32.091 9.2 2.6 ML ADE
2003 05 17 0452 139.037 -32.982 1.4 2.7 ML ADE
2003 06 15 1034 138.360 -31.802 12.5 2.5 ML ADE
2003 07 07 2141 138.540 -31.085 24.2 2.8 ML ADE
2003 08 13 1419 138.391 -33.193 16.2 2.7 ML ADE
2003 08 29 0421 138.322 -32.808 18.4 2.8 ML ADE
2003 09 22 0849 138.390 -35.565 12.2 2.6 ML ADE
2003 10 05 2025 138.727 -31.328 19.6 2.5 ML ADE
2003 11 11 1919 138.614 -33.241 10.0 2.5 ML ADE
2003 11 22 1836 138.729 -31.645 15.8 3.9 ML ADE
2004 04 04 1150 138.151 -33.002 10.8 2.8 ML ADE
2004 04 04 1510 138.273 -32.126 16.4 2.9 ML ADE
2004 04 15 0554 138.756 -31.980 16.0 3.3 ML ADE
2004 05 23 1835 139.174 -34.345 15.4 3.1 ML ADE
2004 06 02 1327 138.266 -33.455 18.5 2.6 ML ADE
2004 06 11 0941 138.473 -32.665 55.0 2.5 ML ADE
2004 06 13 1015 138.257 -32.303 15.5 2.7 ML ADE
2004 07 07 0220 138.503 -31.534 9.9 2.6 ML ADE
2004 07 14 0406 139.207 -34.127 14.0 2.5 ML ADE
2004 07 25 0224 138.150 -30.398 4.8 2.5 ML ADE
2004 07 30 2146 138.459 -31.122 8.3 3.0 ML ADE
2004 08 02 0825 138.594 -33.528 16.0 2.5 ML ADE
2004 08 16 1930 138.546 -31.121 13.0 2.9 ML ADE
2004 08 16 1945 138.567 -31.109 20.4 3.0 ML ADE
2004 10 13 0037 139.174 -33.670 13.9 2.5 ML ADE
2004 10 16 1556 138.541 -31.015 8.0 2.5 ML ADE
2004 11 08 0732 138.933 -32.412 14.0 2.7 ML ADE
2004 11 23 1335 138.105 -32.396 16.7 3.1 ML ADE
2004 12 08 1706 138.320 -32.387 13.4 2.6 ML ADE
2004 12 13 1848 138.718 -32.361 9.4 3.1 ML ADE
2005 01 12 2253 138.574 -33.097 7.4 2.7 ML ADE
2005 01 19 0529 138.332 -30.894 12.0 2.6 ML ADE
2005 03 03 1056 139.088 -30.784 10.0 4.0 ML ISC
2005 04 06 0609 138.149 -32.309 9.1 2.7 ML ADE
2005 05 02 1942 138.883 -31.443 14.3 2.5 ML ADE
2005 05 14 1953 139.106 -30.987 19.7 4.5 ML ADE
2005 07 12 0757 138.578 -31.558 12.9 2.9 ML ADE
2005 08 16 0733 139.371 -34.119 15.2 2.8 ML ADE
2005 08 24 0337 138.738 -32.322 8.4 3.2 ML ADE
2005 08 24 0338 138.767 -32.320 5.0 2.8 ML ADE
2005 09 18 1036 138.593 -32.739 10.3 3.0 ML ADE
2005 10 14 0533 138.881 -33.700 12.5 2.8 ML ADE
2006 01 08 2202 139.164 -31.670 10.4 3.1 ML ADE
2006 02 09 0416 138.239 -32.856 13.2 3.7 ML ADE
2006 02 16 1524 138.325 -31.172 11.5 2.7 ML ADE
2006 02 18 1716 138.573 -32.804 16.5 2.7 ML ADE
2006 04 04 1006 138.754 -33.430 10.0 3.3 ML ADE
2006 04 12 0316 138.870 -33.509 4.6 2.5 ML ADE
2006 05 03 1345 138.383 -30.708 3.4 2.9 ML ADE
2006 05 14 0434 139.241 -33.565 14.0 2.9 ML ADE
2006 06 15 0801 139.173 -32.121 11.0 3.7 ML ADE
2006 06 15 0924 139.174 -32.125 7.4 3.1 ML ADE
2006 06 17 0836 139.184 -32.144 3.9 3.0 ML ADE
2006 07 07 2348 138.672 -31.391 20.2 4.0 ML ADE
2006 07 15 1448 138.763 -32.988 4.3 2.7 ML ADE
2006 07 27 1038 139.231 -31.265 10.0 3.7 ML ADE
2006 08 12 0220 138.061 -32.816 12.3 3.5 ML ADE
2006 08 26 1201 139.144 -33.968 7.8 2.5 ML ADE
2006 10 31 0359 138.564 -31.248 13.1 2.5 ML ADE
2006 11 06 1255 138.700 -31.380 11.7 2.6 ML ADE
2007 01 01 1418 138.587 -31.057 20.6 2.6 ML ADE
2007 01 17 0820 138.209 -32.743 6.6 2.5 ML ADE
2007 01 28 2031 138.628 -30.801 14.7 3.2 ML ADE
2007 07 06 1847 138.472 -35.297 10.8 2.5 ML ADE
2007 07 08 1817 138.105 -35.602 12.0 2.7 ML ADE
2007 07 08 2035 138.390 -33.071 15.1 3.0 ML ADE
2007 08 17 1617 138.550 -31.380 6.5 2.6 ML ADE
2007 09 16 2318 138.581 -31.367 34.0 4.3 ML ADE
2007 09 17 1959 138.659 -32.261 3.2 2.5 ML ADE
2007 09 19 0711 138.260 -32.800 13.7 2.9 ML ADE
2007 09 19 2044 138.269 -30.264 13.9 2.5 ML ADE
2007 10 30 1226 138.471 -33.373 12.3 3.2 ML ADE
2007 12 26 1536 138.363 -32.077 15.6 4.7 ML ADE
2007 12 30 0749 139.066 -31.547 7.8 2.6 ML ADE
2008 01 12 1224 138.300 -32.054 10.1 2.5 ML ADE
2008 01 13 2101 138.314 -32.055 14.3 2.5 ML ADE
2008 01 18 0042 138.349 -32.057 15.0 3.2 ML ADE
2008 01 23 1936 138.672 -33.139 9.6 2.6 ML ADE
2008 02 12 0012 138.332 -32.919 5.5 2.9 ML ADE
2008 02 16 2005 138.531 -33.421 11.3 2.5 ML ADE
2008 03 07 0132 138.469 -33.340 14.6 2.5 ML ADE
2008 03 23 2000 138.248 -33.468 16.1 3.3 ML ADE
2008 04 08 1233 138.653 -31.437 13.5 2.6 ML ADE
2008 05 12 1944 138.362 -32.866 12.6 3.1 ML ADE
2008 05 29 0535 138.814 -31.814 11.8 2.9 ML ADE
2008 05 29 1005 138.520 -31.667 7.2 2.6 ML ADE
2008 06 25 2034 138.629 -31.604 12.8 2.6 ML ADE
2008 07 01 0650 138.691 -33.079 5.3 3.1 ML ADE
2008 07 03 0007 138.691 -33.082 6.9 2.5 ML ADE
2008 07 27 0734 138.290 -32.701 16.7 3.0 ML ADE
2008 08 15 0030 138.124 -32.956 9.7 2.5 ML ADE
2008 08 31 0802 138.731 -33.078 8.3 2.7 ML ADE
2008 10 07 0838 138.316 -33.049 10.5 2.5 ML ADE
2008 10 07 1238 138.634 -32.078 11.2 3.0 ML ADE
2008 10 18 0202 138.781 -32.933 8.3 3.1 ML ADE
2008 11 16 0202 138.751 -31.478 16.6 4.2 ML ADE
2008 11 16 0244 138.727 -31.440 18.5 2.7 ML ADE
2008 11 26 1353 138.763 -31.649 18.9 2.6 ML ADE
2008 12 04 1635 138.414 -33.401 11.4 3.1 ML ADE
2008 12 25 1109 138.619 -31.486 17.5 2.8 ML ADE
2008 12 28 1402 138.231 -32.696 11.9 3.0 ML ADE
2008 12 31 1139 138.495 -31.722 16.0 2.7 ML ADE
2009 01 02 1251 138.921 -33.030 5.7 3.1 ML ADE
2009 01 15 1015 138.399 -32.045 13.8 3.0 ML ADE
2009 01 17 0231 138.321 -32.872 16.2 2.5 ML ADE
2009 01 19 0435 138.933 -31.960 16.7 2.6 ML ADE
2009 01 26 0029 138.988 -32.763 8.3 4.5 ML ADE
2009 01 30 0817 138.983 -30.977 17.7 2.9 ML ADE
2009 02 18 0325 138.415 -32.163 21.0 3.1 ML ADE
2009 03 04 2320 138.170 -32.672 20.4 3.3 ML ADE
2009 03 05 2013 138.604 -31.482 11.9 3.2 ML ADE
2009 05 29 1121 138.267 -31.096 19.3 2.9 ML ADE
2009 05 29 1220 138.258 -31.065 14.3 3.2 ML ADE
2009 05 29 1445 138.189 -31.070 9.9 3.5 ML ADE
2009 07 09 2216 138.564 -34.188 10.1 2.6 ML ADE
2009 07 10 1220 138.720 -31.652 22.2 2.5 ML ADE
2009 07 26 2013 138.270 -32.084 10.0 2.6 ML ADE
2009 08 15 1954 138.765 -31.774 19.9 3.3 ML ADE
2009 08 25 0947 138.174 -32.741 10.3 2.5 ML ADE
2009 10 26 2241 139.070 -32.719 1.8 3.5 ML ADE
2009 11 03 0604 138.278 -35.375 10.3 3.4 ML ADE
2009 11 26 1238 138.331 -33.571 9.7 3.1 ML ADE
2009 12 19 1605 138.793 -34.238 10.4 2.7 ML ADE
2010 03 16 0514 138.490 -30.210 0.0 3.1 ML IDC
2010 04 16 1357 138.880 -35.109 26.4 3.8 ML ADE
2010 04 22 0729 138.710 -30.130 0.0 3.2 ML IDC
2010 05 20 0614 138.250 -30.410 0.0 2.6 ML IDC
2010 05 25 0615 138.600 -30.180 0.0 2.7 ML IDC
2010 05 27 1108 139.210 -33.432 0.0 2.7 ML IDC
2010 06 22 2041 138.537 -32.641 13.5 2.8 ML ADE
2010 06 29 0614 138.480 -30.320 0.0 2.9 ML IDC
2010 07 15 1826 138.694 -31.698 18.9 3.5 ML ADE
2010 07 26 2057 138.851 -31.885 11.4 2.6 ML ADE
2010 07 28 0346 139.166 -31.498 9.6 2.8 ML ADE
2010 07 30 2112 138.149 -32.253 19.1 2.5 ML ADE
2010 07 30 2124 138.149 -32.253 19.1 2.5 ML ADE
2010 07 30 2129 138.040 -32.110 10.0 4.0 mb ISC
2010 07 30 2129 138.149 -32.253 19.1 4.5 ML ADE
2010 07 30 2229 138.149 -32.253 19.1 2.7 ML ADE
2010 07 30 2246 138.149 -32.253 19.1 2.7 ML ADE
2010 07 31 0246 138.149 -32.253 19.1 3.0 ML ADE
2010 08 25 0144 138.480 -30.140 0.0 2.7 ML IDC
2010 08 30 0614 138.530 -30.210 0.0 2.8 ML IDC
2010 09 19 2211 138.817 -31.884 4.1 2.6 ML ADE
2010 10 08 1053 138.537 -33.731 13.2 3.1 ML ADE
2010 11 13 1936 138.753 -31.429 12.3 2.8 ML ADE
2010 12 30 0100 138.610 -30.220 0.0 2.9 mb IDC
2011 02 13 1448 138.699 -33.202 8.2 2.8 ML ADE
2011 02 14 0108 138.306 -33.539 12.2 2.5 ML ADE
2011 02 19 0715 138.712 -31.779 21.4 2.5 ML ADE
2011 02 20 1530 138.436 -32.571 10.9 3.4 ML ADE
2011 03 27 1130 138.511 -33.175 13.3 3.1 ML ADE
2011 03 29 0514 138.670 -30.170 0.0 2.9 mb IDC
2011 04 02 0327 139.183 -31.819 9.8 2.5 ML ADE
2011 04 22 1518 139.328 -33.191 4.6 2.7 ML ADE
2011 04 23 0222 138.889 -31.249 12.4 2.8 ML ADE
2011 04 27 0615 138.690 -30.160 0.0 2.9 mb IDC
2011 05 04 1229 137.908 -32.287 11.4 3.7 ML ADE
2011 05 16 0330 139.035 -31.570 18.5 3.0 ML ADE
2011 05 18 2041 138.850 -30.855 10.5 3.4 ML ADE
2011 05 22 1816 139.322 -33.199 6.3 3.0 ML ADE
2011 05 23 0418 139.322 -33.198 5.8 2.6 ML ADE
2011 05 24 1027 139.331 -33.182 6.5 4.0 ML ADE
2011 05 24 1245 139.327 -33.191 6.4 3.9 ML ADE
2011 05 24 1642 138.849 -32.326 0.2 2.5 ML ADE
2011 05 25 2205 138.848 -32.349 4.3 3.2 ML ADE
2011 05 25 2219 138.825 -32.333 3.0 2.6 ML ADE
2011 05 28 1034 139.264 -33.190 11.2 3.7 ML ADE
2011 05 31 0614 138.250 -30.560 0.0 2.9 mb IDC
2011 06 29 0616 138.675 -30.100 0.0 2.7 ML IDC
2011 06 30 0615 138.459 -30.256 0.0 2.9 ML IDC
2011 07 19 0553 138.600 -31.295 21.2 2.5 ML ADE
2011 07 23 2047 138.816 -32.026 10.1 3.3 ML ADE
2011 08 10 0621 138.230 -30.490 0.0 2.9 mb IDC
2011 08 18 0614 138.615 -30.113 0.0 3.3 ML IDC
2011 08 28 0829 138.305 -32.839 13.3 2.7 ML ADE
2011 08 31 0624 138.596 -30.158 0.0 2.7 ML IDC
2011 09 03 1316 138.547 -30.776 16.0 2.6 ML ADE
2011 09 04 1052 138.693 -33.086 3.9 2.7 ML ADE
2011 09 04 1114 138.693 -33.086 4.0 2.5 ML ADE
2011 09 04 1115 138.693 -33.086 4.0 4.1 ML ADE
2011 09 04 2347 138.693 -33.086 4.0 2.9 ML ADE
2011 09 04 2348 138.693 -33.086 4.0 3.3 ML ADE
2011 09 05 0902 138.693 -33.086 4.0 2.9 ML ADE
2011 09 06 0524 138.693 -33.086 4.0 2.5 ML ADE
2011 09 07 0651 138.693 -33.086 4.0 3.1 ML ADE
2011 09 09 0454 138.693 -33.086 4.0 2.5 ML ADE
2011 09 18 1913 138.193 -32.328 14.0 2.8 ML ADE
2011 09 19 1450 138.693 -33.086 4.0 2.9 ML ADE
2011 09 19 1816 138.693 -33.086 4.0 2.7 ML ADE
2011 09 21 0615 138.326 -30.363 0.0 3.6 mb IDC
2011 09 23 1642 138.559 -32.626 3.4 3.4 ML ADE
2011 09 24 1314 138.535 -32.592 8.0 3.2 ML ADE
2011 10 06 0514 138.394 -30.368 0.0 2.6 ML IDC
2011 10 15 1038 138.799 -32.390 4.7 4.4 ML ADE
2011 10 16 0539 138.591 -31.617 20.2 2.5 ML ADE
2011 10 18 1552 138.637 -35.030 23.4 3.4 ML ADE
2011 11 01 1748 138.693 -33.086 4.0 2.8 ML ADE
2011 11 03 2015 138.693 -33.086 4.0 2.5 ML ADE
2011 11 25 0928 138.022 -32.671 11.8 2.5 ML ADE
2011 12 05 1448 139.285 -33.168 7.9 2.5 ML ADE
2011 12 12 0303 138.726 -33.250 7.3 2.9 ML ADE
2011 12 16 1040 138.136 -35.563 17.1 2.6 ML ADE
2011 12 17 0324 138.458 -32.931 14.7 2.8 ML ADE
2011 12 31 2024 138.693 -33.086 4.0 2.7 ML ADE
2012 01 04 1955 138.765 -32.178 13.0 2.8 ML ADE
2012 01 27 1918 139.371 -34.116 19.5 2.5 ML ADE
2012 02 01 1303 138.693 -33.086 4.0 2.5 ML ADE
2012 02 01 1946 138.693 -33.086 4.0 2.9 ML ADE
2012 02 01 1957 138.693 -33.086 4.0 3.0 ML ADE
2012 03 12 1206 138.278 -33.218 12.6 3.2 ML ADE
2012 03 23 1624 138.722 -33.389 9.4 2.8 ML ADE
2012 04 26 1457 139.008 -31.552 16.5 2.8 ML ADE
2012 04 30 1200 138.698 -33.085 0.7 2.6 ML ADE
2012 06 04 0409 138.436 -33.334 13.4 3.0 ML ADE
2012 06 11 2107 138.558 -32.332 18.1 3.0 ML ADE
2012 06 22 1421 138.710 -33.070 2.7 2.7 ML ADE
2012 06 26 1340 138.564 -31.693 20.7 2.8 ML ADE
2012 07 01 1617 138.768 -31.700 13.6 2.7 ML ADE
2012 08 31 1221 138.449 -32.578 5.3 2.6 ML ADE
2012 11 16 0316 138.448 -33.388 10.5 2.8 ML ADE
2012 12 20 2330 138.727 -32.040 11.1 2.5 ML ADE
2012 12 25 0245 138.702 -32.532 2.2 2.5 ML ADE
2013 01 05 0022 138.539 -33.293 15.7 3.7 ML ADE
2013 01 22 1422 138.749 -33.245 5.4 2.6 ML ADE
2013 04 22 2102 139.056 -33.256 7.6 2.9 ML ADE
2013 05 06 0355 139.183 -34.435 17.0 2.8 ML ADE
2013 06 03 1803 138.637 -31.289 23.5 2.7 ML ADE
2013 06 14 1121 138.676 -31.750 19.5 3.2 ML ADE
2013 06 27 1221 138.278 -33.464 18.5 2.6 ML ADE
2013 07 02 1110 138.135 -30.321 30.9 2.6 ML ADE
2013 07 11 0018 138.571 -31.939 17.3 2.9 ML ADE
2013 07 29 1132 138.619 -31.367 15.1 3.2 ML ADE
2013 10 04 0722 138.622 -31.439 14.0 2.7 ML ADE
2013 10 18 0554 138.645 -30.230 18.8 2.8 ML ADE
2013 10 22 2229 138.523 -33.571 15.8 2.9 ML ADE
2013 10 26 1032 138.618 -30.233 12.8 3.3 ML ADE
2013 10 29 0706 138.578 -32.002 4.1 2.7 ML ADE
2013 11 12 0858 138.629 -31.406 17.9 2.5 ML ADE
2013 11 22 1659 138.303 -31.092 15.5 3.0 ML ADE
2013 12 02 2114 139.135 -31.656 14.5 2.6 ML ADE
2013 12 16 0207 138.553 -31.562 10.9 3.0 ML ADE
2014 01 01 0832 138.813 -31.914 10.0 2.5 ML ADE
2014 01 05 1801 138.685 -31.949 15.7 3.4 ML ADE
2014 01 05 2155 138.611 -34.988 9.7 2.6 ML ADE
2014 01 17 0017 138.146 -33.299 14.2 3.3 ML ADE
2014 01 19 1813 138.306 -33.149 11.9 3.2 ML ADE
2014 03 24 0850 138.231 -32.060 14.9 2.7 ML ADE
2014 03 31 0540 138.251 -32.745 12.5 3.2 ML ADE
2014 04 02 0323 139.000 -33.653 14.7 3.0 ML ADE
2014 04 13 1913 138.410 -31.830 6.9 3.2 ML ADE
2014 04 23 1301 138.437 -33.353 18.5 3.1 ML ADE
2014 04 29 0723 138.150 -31.390 14.7 2.5 ML ADE
2014 05 22 1544 138.673 -32.020 16.9 2.6 ML ADE
2014 06 12 2008 138.296 -32.492 16.2 3.0 ML ADE
2014 06 21 1051 138.310 -32.979 13.1 2.7 ML ADE
2014 09 13 0852 139.103 -33.766 15.1 2.6 ML ADE
2014 09 15 0639 138.510 -32.038 25.5 2.5 ML ADE
2014 09 17 1416 139.023 -33.463 8.7 3.2 ML ADE
2014 09 18 1207 138.242 -32.884 16.6 2.8 ML ADE
2014 10 01 1409 138.388 -33.577 13.2 3.0 ML ADE
2015 01 09 0732 138.265 -33.028 15.5 2.9 ML ADE
2015 01 09 1823 138.283 -33.104 18.7 2.8 ML ADE
2015 01 17 2130 138.670 -32.001 14.9 2.8 ML ADE
2015 04 11 1522 138.542 -33.352 11.8 2.7 ML ADE
2015 04 17 0209 138.574 -31.883 15.7 3.0 ML ADE
2015 04 22 0110 138.600 -31.698 20.3 2.5 ML ADE
2015 05 11 0340 138.159 -32.707 14.2 3.3 ML ADE
2015 06 16 0411 138.658 -31.426 14.7 2.9 ML ADE
2015 06 21 1846 138.661 -31.977 13.5 2.5 ML ADE
2015 06 23 1105 138.637 -33.191 4.1 2.5 ML ADE
2015 06 25 0628 138.580 -32.851 5.3 2.9 ML ADE
2015 07 07 2326 139.304 -33.717 8.9 2.5 ML ADE
2015 07 13 0512 138.630 -32.049 21.6 2.6 ML ADE
2015 07 20 0945 139.169 -32.107 11.6 3.0 ML ADE
2015 07 23 0027 138.905 -31.342 20.8 2.5 ML ADE
2015 07 27 0823 138.713 -31.647 20.2 3.3 ML ADE
2015 09 04 1524 138.174 -32.345 16.6 2.8 ML ADE
2015 09 07 0017 138.490 -32.438 21.9 2.5 ML ADE
2015 09 07 1627 138.971 -33.667 8.8 2.5 ML ADE
2015 09 08 1307 137.973 -32.500 9.4 2.5 ML ADE
2015 10 25 1229 138.258 -32.652 12.8 2.5 ML ADE
2015 11 25 1300 138.689 -31.328 22.2 2.6 ML ADE
2015 11 26 0755 138.656 -30.807 6.0 2.8 ML AUST
2015 11 26 0800 138.701 -30.786 10.0 2.8 ML AUST
2016 01 04 0333 138.657 -32.429 4.0 3.4 ML AUST
2016 04 05 1308 138.552 -33.551 nan 2.5 ML ADE
2016 05 15 0741 138.655 -31.801 14.0 2.9 ML AUST
2016 05 16 1011 138.571 -31.821 10.0 2.5 ML AUST
2016 05 24 0731 138.761 -31.814 10.0 2.9 ML AUST
2016 05 26 1147 139.161 -31.080 12.0 3.0 ML AUST
2016 05 27 2011 138.272 -33.359 0.0 2.6 ML AUST
2016 05 31 2346 139.232 -33.926 0.0 3.4 ML AUST
2016 07 10 0614 138.312 -33.204 nan 2.5 ML ADE
2016 07 22 1052 137.888 -32.157 nan 3.1 ML ADE
2016 08 28 1411 138.302 -31.294 10.0 2.5 ML ADE
