1840 03 31 0630 138.600 -34.900 7.0 2.7 MP ADE
1887 01 08 1030 138.000 -32.450 10.0 5.2 MP ADE
1853 09 15 1630 138.110 -32.850 11.0 4.5 MP ADE
1848 09 14 1830 138.900 -33.700 10.0 3.6 MP ADE
1848 09 13 0630 138.600 -34.900 7.0 3.0 MP ADE
1902 09 19 1035 138.000 -35.000 10.0 6.0 MP ADE
1856 06 24 1650 138.700 -34.650 7.0 4.4 MP ADE
1872 01 30 1340 138.883 -34.067 9.0 4.8 MP ADE
1887 04 16 2210 135.800 -34.300 14.0 5.7 MP ADE
1883 07 07 1358 138.700 -35.100 10.0 4.7 MP ADE
1862 12 14 2055 138.700 -34.067 8.0 4.2 MP ADE
1855 02 18 2200 138.950 -34.350 7.0 3.8 MP ADE
1852 05 19 1030 138.517 -35.150 7.0 2.7 MP ADE
1886 09 28 1845 138.900 -34.250 10.0 4.5 MP KMcC
1866 08 24 1245 138.867 -34.883 7.0 4.1 MP ADE
1911 10 26 1000 136.417 -33.667 0.0 5.5 MP ADE
1868 10 28 0345 138.700 -33.580 7.0 4.3 MP ADE
1921 04 23 1900 138.833 -33.267 0.0 5.1 MP ADE
1858 08 21 1245 139.000 -34.567 8.0 3.7 MP ADE
1855 02 23 1900 138.950 -34.350 7.0 3.1 MP ADE
1937 10 28 0934 136.500 -26.100 0.0 5.5 ML ADE
1937 12 20 2235 136.500 -25.500 0.0 5.3 Ms ADE
1857 04 27 1420 138.180 -35.833 7.0 3.3 MP ADE
1889 02 12 0645 139.000 -34.000 0.0 4.6 MP ADE
1872 06 08 0940 138.950 -33.950 7.0 4.1 MP ADE
1938 04 17 0856 137.200 -25.500 0.0 5.5 Ms ADE
1879 11 30 0030 138.550 -33.817 7.0 4.2 MP ADE
1902 05 07 0510 138.500 -32.750 0.0 4.8 MP ADE
1868 10 28 1944 138.700 -33.580 7.0 3.5 MP ADE
1858 08 21 1745 139.000 -34.567 8.0 3.2 MP ADE
1939 03 26 0356 138.300 -31.100 0.0 5.7 Ms ADE
1880 04 28 0930 139.250 -35.333 7.0 4.1 MP ADE
1902 09 20 0937 138.000 -35.000 10.0 4.8 MP AUST
1941 05 04 2207 136.900 -26.300 0.0 5.8 Ms ADE
1871 01 11 0745 138.833 -33.783 10.0 3.9 MP ADE
1883 07 07 1338 138.700 -35.100 14.0 4.2 MP ADE
1858 08 22 0930 139.000 -34.567 8.0 3.2 MP ADE
1905 08 21 1835 138.800 -34.200 14.0 4.6 MP ADE
1941 05 04 2231 136.900 -25.300 33.0 5.3 ML BurkeG
1941 05 04 2324 136.900 -25.300 33.0 5.5 Ms BurkeG
1908 04 09 1625 138.617 -33.917 0.0 4.7 MP ADE
1858 08 23 1430 139.000 -34.567 8.0 2.7 MP ADE
1876 03 19 1530 139.083 -34.517 7.0 3.7 MP ADE
1911 02 19 1340 139.083 -32.883 6.0 4.8 MP ADE
1866 12 02 2020 139.133 -33.367 8.0 3.3 MP ADE
1911 10 24 1200 136.500 -33.750 0.0 4.8 MP ADE
1887 04 16 1310 139.000 -33.500 10.0 4.4 MP ADE
1876 03 22 1315 139.083 -34.517 7.0 3.5 MP ADE
1954 02 28 1809 138.564 -35.033 4.0 5.5 ML ADE
1887 08 07 0410 138.450 -32.533 8.0 4.0 MP ADE
1871 01 12 1155 139.000 -32.667 11.0 3.4 MP ADE
1889 03 11 1250 137.750 -34.100 8.0 4.1 MP ADE
1886 06 01 0545 138.717 -35.117 7.0 3.5 MP ADE
1868 11 01 0740 138.700 -33.580 7.0 2.7 MP ADE
1890 07 23 2130 138.700 -32.850 8.0 4.2 MP ADE
1886 07 11 0645 138.617 -33.500 11.0 3.8 MP ADE
1891 08 29 0916 138.367 -31.917 10.0 4.4 MP ADE
1896 08 22 0256 138.917 -33.750 0.0 4.3 MP ADE
1876 03 22 0930 139.083 -34.517 7.0 3.1 MP ADE
1896 08 22 0630 138.917 -33.750 0.0 4.0 MP ADE
1896 08 23 1130 138.917 -33.750 0.0 4.2 MP ADE
1880 01 25 1130 138.367 -33.617 9.0 3.3 MP ADE
1942 02 14 2250 136.000 -29.500 0.0 4.5 Ms ADE
1902 09 18 2100 138.500 -33.500 10.0 4.4 MP ADE
1882 03 18 1630 138.900 -35.267 7.0 3.0 MP ADE
1953 09 23 0630 137.000 -34.000 7.0 4.8 MP ADE
1902 09 20 0925 138.000 -35.000 10.0 4.4 MP AUST
1877 08 21 1630 138.767 -35.017 7.0 2.7 MP ADE
1882 09 18 0730 138.630 -34.517 7.0 3.1 MP ADE
1959 11 02 0117 135.980 -33.360 10.0 4.9 ML ADE
1903 08 14 2110 138.500 -33.917 0.0 4.1 MP ADE
1883 07 07 1343 138.700 -35.100 14.0 3.1 MP ADE
1893 08 13 0210 138.970 -34.380 10.0 3.6 MP Malpas
1904 09 21 1345 138.500 -31.800 0.0 4.0 ML BurkeG
1898 01 28 0820 139.033 -34.417 8.0 3.6 MP ADE
1902 05 13 1850 138.880 -34.150 0.0 3.5 MP ADE
1914 08 06 0718 138.467 -33.133 7.0 4.2 MP ADE
1884 09 15 1341 138.833 -32.983 6.0 2.8 MP ADE
1915 03 30 2255 138.200 -33.700 7.0 4.4 MP ADE
1916 10 23 1430 137.250 -35.583 6.0 4.3 MP ADE
1902 09 21 0410 138.500 -33.500 0.0 3.9 MP ADE
1903 04 07 0101 138.450 -33.100 10.0 3.9 MP ADE
1894 08 07 1258 138.917 -34.167 7.0 3.3 MP ADE
1939 05 01 1907 138.000 -31.400 0.0 4.2 Ms ADE
1939 06 05 1220 138.500 -31.500 0.0 4.2 Ms ADE
1912 08 16 0405 138.433 -33.067 10.0 3.6 MP ADE
1902 06 05 2235 138.350 -33.166 0.0 3.1 MP ADE
1913 12 06 2205 138.867 -33.150 7.0 3.9 MP ADE
1914 05 28 1321 138.700 -34.900 0.0 3.9 MP ADE
1959 05 21 1128 139.000 -31.400 10.0 4.4 ML ADE
1959 09 09 0417 138.200 -32.700 10.0 4.3 ML ADE
1960 08 18 1504 136.150 -33.800 0.0 4.3 ML ADE
1960 08 30 2123 136.000 -34.000 0.0 4.3 ML ADE
1932 05 20 1118 139.083 -33.600 10.0 3.6 MP ADE
1960 08 31 0214 135.870 -34.211 0.0 4.4 ML ADE
1936 05 17 1310 138.767 -35.017 7.0 3.9 MP ADE
1960 11 12 2303 135.500 -34.600 10.0 4.4 ML ADE
1961 06 10 1558 135.000 -34.500 0.0 4.2 ML ADE
1961 12 28 0734 141.570 -28.120 10.0 4.1 ML BRS
1962 01 10 1936 139.800 -36.350 0.0 4.1 ML ADE
1962 03 03 2204 136.000 -33.000 0.0 4.2 ML ADE
1963 03 29 2156 138.500 -31.100 0.0 4.1 ML ADE
1932 06 16 1530 139.050 -34.083 10.0 2.8 MP ADE
1934 08 04 1145 137.633 -33.933 7.0 2.8 MP ADE
1935 05 21 0425 138.883 -34.667 7.0 2.7 MP ADE
1941 06 20 2030 138.717 -35.100 7.0 3.4 MP ADE
1962 09 26 0550 138.330 -35.000 7.0 3.5 ML ADE
1964 07 12 0039 134.659 -34.102 8.6 3.8 ML ADE
1954 03 02 2015 138.564 -35.033 4.0 3.2 ML ADE
1965 03 01 1339 138.105 -30.347 0.0 3.6 ML ADE
1965 08 28 0045 138.254 -32.379 25.3 3.7 ML ADE
1965 11 22 2215 134.332 -33.827 8.2 3.6 ML ADE
1959 03 02 1222 138.730 -34.980 4.0 2.6 MP ADE
1966 10 17 0027 135.995 -34.415 23.8 3.8 ML ADE
1967 05 04 2334 137.987 -32.557 13.6 3.8 ML ADE
1962 07 07 0430 138.600 -31.300 0.0 3.4 ML ADE
1962 09 06 1448 139.000 -34.500 0.0 3.3 ML ADE
1968 08 01 1346 139.071 -31.244 1.8 3.6 ML ADE
1969 10 09 0845 139.608 -31.757 10.0 3.7 ML ADE
1963 03 30 1240 140.900 -27.200 0.0 3.1 ML ADE
1963 03 31 0025 140.900 -27.200 0.0 3.1 ML ADE
1963 12 03 0459 138.420 -31.880 21.0 3.3 ML ADE
1964 01 20 1258 138.730 -31.333 21.3 3.1 ML ADE
1965 01 23 0711 138.529 -31.990 8.9 3.4 ML ADE
1962 07 18 1348 138.150 -33.700 0.0 2.9 ML ADE
1965 03 07 0156 138.669 -30.861 9.9 3.1 ML ADE
1963 04 08 0903 138.100 -32.400 0.0 2.5 ML ADE
1963 06 18 0240 138.600 -32.600 0.0 2.9 ML ADE
1963 09 02 0944 137.900 -32.350 0.0 2.8 ML ADE
1965 12 11 1943 138.098 -32.912 3.1 3.1 ML ADE
1966 09 14 1725 141.643 -31.895 12.2 3.4 ML ADE
1964 03 06 0048 138.856 -34.152 16.0 2.6 ML ADE
1966 12 07 0249 138.913 -33.339 18.6 3.4 ML ADE
1964 10 21 2348 137.254 -36.503 15.0 2.6 ML ADE
1967 01 31 1307 137.849 -33.520 2.5 3.2 ML ADE
1965 01 06 0951 138.501 -33.350 13.6 2.6 ML ADE
1967 04 15 0035 138.857 -33.737 15.0 3.3 ML ADE
1967 10 02 1947 137.982 -32.519 19.1 3.1 ML ADE
1965 02 24 1636 138.954 -33.951 23.2 2.7 ML ADE
1968 03 20 2353 138.329 -32.589 5.2 3.4 ML ADE
1968 08 24 1324 137.951 -31.856 6.4 3.1 ML ADE
1968 12 07 0158 138.912 -31.159 0.0 3.4 ML ADE
1965 04 06 1005 138.370 -30.636 15.2 2.9 ML ADE
1969 01 08 2223 138.925 -33.805 0.7 3.0 ML ADE
1969 01 25 0710 140.687 -32.268 0.0 3.0 ML ADE
1965 06 05 2113 138.584 -33.219 17.3 2.9 ML ADE
1969 01 26 1648 140.887 -32.271 16.3 3.3 ML ADE
1969 01 31 0946 138.040 -32.551 2.1 3.3 ML ADE
1969 03 04 0419 138.962 -30.728 2.0 3.4 ML ADE
1969 03 13 0754 138.466 -32.102 0.0 3.0 ML ADE
1965 12 11 0926 138.300 -30.430 1.0 2.6 ML ADE
1969 06 01 1734 137.439 -29.618 0.0 3.0 ML ADE
1969 09 07 0706 138.583 -33.192 9.7 3.0 ML ADE
1966 07 15 2348 137.808 -35.552 11.8 2.8 ML ADE
1969 10 09 0857 139.485 -31.774 0.0 3.2 ML ADE
1966 11 18 2337 140.104 -32.001 4.4 2.6 ML ADE
1966 11 19 1819 138.178 -32.711 21.7 2.6 ML ADE
1970 07 31 1820 138.930 -30.970 6.7 3.0 ML ADE
1971 05 21 2354 138.077 -33.300 5.6 3.0 ML ADE
1971 07 09 1539 136.586 -33.512 12.0 3.2 ML ADE
1967 03 02 0813 138.110 -32.702 18.2 2.7 ML ADE
1967 04 04 1803 139.094 -35.049 8.6 2.8 ML ADE
1971 07 12 1156 136.151 -28.786 5.8 3.1 ML ADE
1971 10 06 1324 139.675 -31.885 11.9 3.2 ML ADE
1967 06 13 1755 139.100 -33.680 10.2 2.8 ML ADE
1967 08 16 2141 138.188 -32.794 0.0 2.8 ML ADE
1971 10 08 1542 138.977 -32.501 6.4 3.4 ML ADE
1967 11 17 1333 136.699 -33.349 20.0 2.6 ML ADE
1972 03 30 1046 138.888 -31.413 6.0 3.1 ML ADE
1967 11 21 0002 137.892 -36.838 6.3 2.9 ML ADE
1967 12 26 2100 135.647 -34.523 0.0 2.9 ML ADE
1968 02 28 1501 139.657 -32.063 12.3 2.7 ML ADE
1972 04 27 1311 138.756 -31.408 10.7 3.1 ML ADE
1972 05 30 2316 135.660 -35.259 11.9 3.2 ML ADE
1968 04 10 1825 138.813 -32.531 0.0 2.9 ML ADE
1972 08 14 0905 136.393 -33.581 8.0 3.0 ML ADE
1968 04 15 0859 138.662 -32.480 21.9 2.8 ML ADE
1968 04 25 2340 138.814 -33.422 3.3 2.6 ML ADE
1968 04 29 0508 138.998 -32.817 21.3 2.7 ML ADE
1972 08 28 0333 136.910 -24.650 8.0 3.1 ML ADE
1972 10 04 1037 136.400 -25.080 9.0 3.1 ML ADE
1968 04 29 0522 138.958 -32.770 22.9 2.7 ML ADE
1968 05 05 0937 139.480 -31.699 12.5 2.7 ML ADE
1972 10 17 1240 138.513 -34.998 5.7 3.4 ML ADE
1972 11 07 1032 138.736 -32.409 6.8 3.1 ML ADE
1968 08 08 1232 138.234 -33.197 3.1 2.6 ML ADE
1973 02 07 1226 138.638 -33.459 9.8 3.0 ML ADE
1973 03 05 1917 137.975 -32.281 8.1 3.2 ML ADE
1968 12 12 1232 137.874 -31.639 0.0 2.8 ML ADE
1973 08 04 0739 138.207 -35.306 8.4 3.4 ML ADE
1968 12 30 1641 139.605 -31.950 0.7 2.6 ML ADE
1973 09 13 0257 139.447 -32.907 3.0 3.1 ML ADE
1973 10 15 0649 136.198 -25.792 38.1 3.0 ML ADE
1969 01 19 1809 138.492 -33.051 7.5 2.8 ML ADE
1974 03 27 0803 137.083 -32.721 0.0 3.0 ML ADE
1974 04 30 0232 137.904 -32.279 6.9 3.2 ML ADE
1974 10 16 1638 142.280 -31.440 0.0 3.3 ML BMR
1969 04 17 0600 135.649 -34.040 0.0 2.5 ML ADE
1969 05 17 1159 138.088 -32.332 0.0 2.8 ML ADE
1969 07 03 2140 138.556 -30.900 0.0 2.8 ML ADE
1975 03 15 1620 139.692 -33.055 0.0 3.3 ML ADE
1969 07 21 1135 139.183 -34.986 0.0 2.5 ML ADE
1969 07 29 1407 136.031 -34.364 11.6 2.8 ML ADE
1975 05 23 1407 137.698 -29.533 13.8 3.4 ML ADE
1969 08 10 1010 138.489 -32.517 0.0 2.5 ML ADE
1969 09 04 2102 138.199 -32.721 8.8 2.6 ML ADE
1975 06 23 0027 138.987 -32.790 14.8 3.2 ML ADE
1975 07 14 1802 138.579 -35.250 23.6 3.4 ML ADE
1969 09 06 1022 135.894 -34.033 0.0 2.5 ML ADE
1975 09 11 1238 138.362 -33.292 9.8 3.0 ML ADE
1969 09 26 2151 138.190 -32.792 32.0 2.6 ML ADE
1975 10 02 0131 136.292 -33.514 13.5 3.0 ML ADE
1969 10 09 0709 139.788 -31.865 23.5 2.8 ML ADE
1975 10 26 2011 138.714 -31.900 12.9 3.0 ML ADE
1976 02 27 1144 138.454 -33.296 7.9 3.0 ML ADE
1969 10 19 0147 136.580 -33.644 0.0 2.9 ML ADE
1969 11 04 1634 139.741 -31.908 3.1 2.5 ML ADE
1976 11 04 0130 138.803 -32.383 10.6 3.4 ML ADE
1969 11 07 1733 139.198 -34.496 0.0 2.5 ML ADE
1969 11 28 0337 139.353 -31.720 0.0 2.5 ML ADE
1969 11 30 0902 139.347 -32.765 2.3 2.5 ML ADE
1970 03 26 0429 138.298 -33.415 8.9 2.6 ML ADE
1970 04 21 1643 139.088 -33.788 7.2 2.5 ML ADE
1977 08 20 2155 138.886 -34.909 21.8 3.1 ML ADE
1970 04 28 1144 138.601 -31.090 7.7 2.9 ML ADE
1977 09 06 0122 138.566 -28.948 25.9 3.1 ML ADE
1970 06 06 0440 138.510 -32.116 2.2 2.8 ML ADE
1977 09 14 1638 135.518 -27.149 25.7 3.1 ML ADE
1970 07 10 0334 139.345 -31.760 1.3 2.6 ML ADE
1977 09 23 0040 135.802 -34.197 4.5 3.1 ML ADE
1970 07 11 0320 138.798 -33.678 4.0 2.5 ML ADE
1970 07 21 1931 138.618 -30.896 5.9 2.5 ML ADE
1977 10 14 0755 138.349 -33.346 15.8 3.3 ML ADE
1978 03 09 1415 139.099 -34.389 19.0 3.2 ML ADE
1970 10 05 1415 138.129 -33.287 3.2 2.8 ML ADE
1978 11 18 0511 136.361 -27.992 19.1 3.3 ML ADE
1970 10 09 2231 138.368 -32.689 0.0 2.6 ML ADE
1970 10 13 1249 138.576 -30.709 4.5 2.5 ML ADE
1970 11 10 1047 139.197 -33.410 7.1 2.5 ML ADE
1978 12 16 1008 136.380 -28.839 19.1 3.3 ML ADE
1979 03 09 0003 138.430 -31.042 8.5 3.2 ML ADE
1970 11 12 0157 138.686 -31.683 0.0 2.6 ML ADE
1979 03 15 2004 138.645 -32.414 6.3 3.3 ML ADE
1970 11 19 1112 138.606 -31.146 0.0 2.5 ML ADE
1979 06 04 1955 135.702 -28.081 28.2 3.3 ML ADE
1970 12 09 0936 138.736 -33.730 0.0 2.6 ML ADE
1979 06 10 0033 140.265 -28.306 15.3 3.1 ML ADE
1971 01 04 1731 139.138 -34.231 8.3 2.6 ML ADE
1979 07 04 0918 139.185 -34.388 4.2 3.4 ML ADE
1979 08 03 0019 138.631 -33.163 6.2 3.3 ML ADE
1971 01 25 1309 137.021 -28.499 1.1 2.7 ML ADE
1979 09 06 2157 136.525 -33.764 10.2 3.1 ML ADE
1971 03 08 0106 138.148 -33.468 4.0 2.5 ML ADE
1971 03 10 1215 138.075 -32.135 5.0 2.5 ML ADE
1979 09 11 1043 139.161 -31.400 20.1 3.1 ML ADE
1979 11 12 2227 138.772 -31.633 16.8 3.0 ML ADE
1971 06 19 0943 135.809 -28.213 1.9 2.7 ML ADE
1971 07 03 0859 138.382 -35.353 9.8 2.8 ML ADE
1971 07 03 2220 135.929 -28.417 4.5 2.7 ML ADE
1971 07 26 2046 136.033 -34.643 10.8 2.5 ML ADE
1971 09 10 2346 136.727 -33.545 6.3 2.7 ML ADE
1971 10 05 0701 139.617 -31.794 8.8 2.6 ML ADE
1971 10 21 1728 139.499 -31.716 1.5 2.8 ML ADE
1971 10 25 0435 138.696 -31.756 0.9 2.7 ML ADE
1971 11 19 2038 137.966 -32.514 7.0 2.7 ML ADE
1971 12 29 0146 138.816 -31.607 4.7 2.6 ML ADE
1972 02 20 1425 136.009 -34.200 5.1 2.5 ML ADE
1972 04 02 1716 138.597 -31.107 8.6 2.6 ML ADE
1972 04 07 0856 138.813 -32.010 3.5 2.5 ML ADE
1972 04 19 0438 138.627 -31.618 7.2 2.5 ML ADE
1972 05 06 1211 139.549 -31.824 8.1 2.8 ML ADE
1972 06 07 0249 139.488 -31.821 5.6 2.8 ML ADE
1972 08 28 0252 136.980 -24.630 0.0 2.7 ML ADE
1972 08 28 1228 136.570 -25.050 6.0 2.5 ML ADE
1972 09 06 1051 136.499 -33.720 8.9 2.8 ML ADE
1972 10 11 2237 138.185 -33.198 6.1 2.9 ML ADE
1972 11 09 1223 138.276 -32.334 27.0 2.8 ML ADE
1972 11 10 1400 139.054 -32.283 7.7 2.9 ML ADE
1972 12 25 1347 138.255 -32.399 23.3 2.7 ML ADE
1973 01 14 1224 139.092 -32.292 7.5 2.5 ML ADE
1973 01 29 1001 138.794 -30.874 12.3 2.7 ML ADE
1973 02 01 0023 135.761 -34.004 5.3 2.5 ML ADE
1973 02 04 1303 138.634 -33.462 3.8 2.9 ML ADE
1973 02 20 2236 138.961 -32.938 7.2 2.5 ML ADE
1973 02 21 0048 135.954 -34.166 0.0 2.7 ML ADE
1973 02 23 0920 135.576 -34.092 6.2 2.9 ML ADE
1973 04 07 1853 137.581 -35.620 5.7 2.6 ML ADE
1973 04 13 1411 138.425 -31.644 13.6 2.5 ML ADE
1973 04 13 2329 138.383 -31.386 11.1 2.5 ML ADE
1973 06 23 1513 138.718 -33.177 14.0 2.6 ML ADE
1973 06 30 1158 138.022 -29.811 1.7 2.9 ML ADE
1973 07 30 0956 138.433 -30.471 28.3 2.5 ML ADE
1973 08 09 0328 138.469 -33.448 0.0 2.5 ML ADE
1973 09 13 1929 138.343 -30.404 3.9 2.5 ML ADE
1973 09 15 1951 137.720 -29.559 3.5 2.6 ML ADE
1973 10 04 0610 136.088 -28.439 14.4 2.7 ML ADE
1973 10 16 1218 138.388 -33.335 9.3 2.5 ML ADE
1973 10 18 0145 139.492 -33.917 13.9 2.6 ML ADE
1973 11 21 2210 138.464 -31.009 22.1 2.7 ML ADE
1973 12 16 0851 139.239 -32.110 6.5 2.6 ML ADE
1974 01 14 0440 138.256 -32.833 20.0 2.6 ML ADE
1974 03 24 1359 138.850 -34.459 12.8 2.8 ML ADE
1974 04 01 1047 136.480 -28.886 8.9 2.6 ML ADE
1974 08 17 0650 138.646 -33.165 11.5 2.5 ML ADE
1974 11 06 0843 136.772 -24.900 7.5 2.7 ML ADE
1974 12 25 0136 138.359 -32.477 15.9 2.5 ML ADE
1975 03 13 0330 137.574 -33.067 10.3 2.8 ML ADE
1975 03 16 2253 138.944 -32.133 8.0 2.5 ML ADE
1975 04 28 1618 138.577 -30.972 12.0 2.8 ML ADE
1975 05 11 0943 139.031 -33.110 5.3 2.9 ML ADE
1975 05 31 0419 139.026 -31.233 13.5 2.7 ML ADE
1975 07 02 1429 137.701 -32.373 4.9 2.7 ML ADE
1975 08 11 2323 139.524 -33.694 7.0 2.5 ML ADE
1975 08 29 1649 138.503 -31.663 16.2 2.8 ML ADE
1975 09 24 2232 138.878 -31.126 10.5 2.8 ML ADE
1975 09 30 0448 138.462 -30.696 4.5 2.8 ML ADE
1976 01 10 1700 138.857 -31.529 15.0 2.9 ML ISC
1976 01 29 0950 138.680 -30.700 10.0 2.7 ML ADE
1976 02 13 2112 137.366 -30.908 9.8 2.8 ML ADE
1976 02 28 0652 137.102 -29.554 0.0 2.7 ML ADE
1976 03 31 0126 138.678 -31.293 7.6 2.8 ML ADE
1976 04 24 0122 135.641 -33.956 12.2 2.8 ML ADE
1976 04 30 0419 137.803 -32.062 7.0 2.8 ML ADE
1976 05 01 2201 137.654 -29.432 11.2 2.5 ML ADE
1976 05 30 1714 138.732 -31.402 13.6 2.7 ML ADE
1976 09 13 0447 138.289 -32.818 11.4 2.9 ML ADE
1976 10 27 0555 138.478 -33.193 8.6 2.7 ML ADE
1976 10 28 1820 136.387 -33.491 7.4 2.6 ML ADE
1976 11 30 0247 138.242 -31.259 15.7 2.9 ML ADE
1976 12 13 1655 138.103 -32.211 10.3 2.6 ML ADE
1976 12 20 2041 138.497 -31.084 14.3 2.7 ML ADE
1976 12 21 0446 138.281 -32.844 11.8 2.5 ML ADE
1977 02 22 0058 138.861 -32.222 18.3 2.5 ML ADE
1977 02 26 0700 137.493 -35.592 9.3 2.9 ML ADE
1977 03 04 1821 138.206 -32.846 13.0 2.7 ML ADE
1977 03 11 0228 134.749 -29.236 4.6 2.9 ML ADE
1977 03 20 0400 138.239 -32.779 0.8 2.8 ML ADE
1977 04 25 2021 137.568 -34.949 10.9 2.7 ML ADE
1977 05 16 1823 138.759 -32.124 9.3 2.5 ML ADE
1977 06 09 1817 139.256 -32.322 4.0 2.6 ML ADE
1977 07 23 0604 138.016 -32.454 10.6 2.8 ML ADE
1977 09 17 1334 138.867 -34.462 2.3 2.7 ML ADE
1977 11 04 1237 138.632 -33.145 4.9 2.8 ML ADE
1977 11 18 1630 138.391 -33.090 13.4 2.6 ML ADE
1978 01 13 0042 138.960 -30.473 0.0 2.9 ML ADE
1978 01 17 0145 138.960 -32.025 0.0 2.8 ML ADE
1978 02 11 0213 138.216 -33.257 10.5 2.5 ML ADE
1978 03 06 0613 138.188 -32.864 9.4 2.5 ML ADE
1978 04 02 0144 138.391 -31.553 13.9 2.7 ML ADE
1978 04 26 0916 138.254 -30.694 7.7 2.7 ML ADE
1978 05 09 1852 138.432 -31.951 13.6 2.5 ML ADE
1978 05 30 1345 138.248 -33.273 4.0 2.5 ML ADE
1978 06 20 1940 138.613 -31.683 24.3 2.5 ML ADE
1978 07 17 0615 136.778 -33.377 26.4 2.6 ML ADE
1978 08 03 1209 138.906 -31.127 13.3 2.9 ML ADE
1978 08 25 1512 136.659 -35.943 0.8 2.9 ML ADE
1978 08 31 0128 136.375 -30.939 17.7 2.9 ML ADE
1978 09 15 0109 139.019 -31.455 14.1 2.7 ML ADE
1978 10 15 0716 138.289 -32.931 17.8 2.5 ML ADE
1979 01 07 1533 138.221 -32.744 9.5 2.9 ML ADE
1979 01 10 1501 138.512 -33.093 10.8 2.6 ML ADE
1979 01 29 1957 135.573 -34.424 7.3 2.5 ML ADE
1979 03 17 0345 137.192 -25.128 26.4 2.8 ML ADE
1979 04 06 0128 138.294 -32.334 8.0 2.5 ML ADE
1979 04 29 1728 141.096 -32.287 8.5 2.5 ML ADE
1979 06 10 2225 138.774 -34.294 19.5 2.7 ML ADE
1979 06 13 1744 138.706 -33.375 5.9 2.8 ML ADE
1979 06 22 1621 137.143 -29.231 1.5 2.6 ML ADE
1979 07 14 2111 139.426 -33.057 5.5 2.5 ML ADE
1979 07 19 0324 139.249 -31.512 5.9 2.7 ML ADE
1979 08 16 0112 136.103 -29.661 13.5 2.7 ML ADE
1979 09 01 0142 138.158 -35.678 16.4 2.5 ML ADE
1979 09 22 0537 138.673 -31.412 16.9 2.5 ML ADE
1979 10 02 0216 139.221 -33.910 6.3 2.7 ML ADE
1979 10 08 0828 139.208 -33.212 0.6 2.5 ML ADE
1979 10 23 1854 138.919 -32.381 0.0 2.7 ML ADE
1979 11 16 0943 139.370 -31.782 3.5 2.7 ML ADE
1980 01 06 1803 139.211 -33.209 1.3 2.7 ML ADE
1980 01 18 2029 138.538 -33.437 16.7 2.6 ML ADE
1980 02 08 1705 138.149 -33.000 4.9 2.5 ML ADE
1980 02 29 2228 138.323 -33.221 13.8 2.8 ML ADE
1980 03 05 0751 138.974 -34.018 13.4 2.5 ML ADE
1980 03 16 0040 138.643 -31.807 1.9 2.8 ML ADE
1980 03 22 0506 138.717 -31.615 20.4 2.5 ML ADE
1980 03 23 0213 137.427 -29.182 16.5 2.7 ML ADE
1980 04 13 1810 139.308 -29.208 21.5 2.5 ML ADE
1980 05 01 1816 141.489 -29.589 17.1 2.7 ML ADE
1980 05 12 0011 137.545 -29.208 10.2 2.6 ML ADE
1980 05 13 0149 139.137 -30.761 34.7 2.6 ML ADE
1980 05 13 2145 138.434 -31.309 18.2 2.9 ML ADE
1980 06 06 1108 138.650 -31.796 6.7 2.5 ML ADE
1980 06 27 1018 138.730 -35.490 21.0 2.5 ML ADE
1980 09 17 0827 141.316 -32.196 7.1 2.6 ML ADE
1980 10 02 0651 138.267 -32.317 19.8 2.6 ML ADE
1980 10 03 0537 135.826 -28.040 3.0 2.7 ML ADE
1980 11 12 0747 138.705 -33.171 0.0 2.6 ML ADE
1980 12 20 1753 138.129 -30.073 1.5 2.6 ML ADE
1980 12 22 0424 139.363 -31.787 9.3 2.8 ML ADE
1980 12 28 0821 138.473 -33.400 17.1 2.5 ML ADE
1981 01 07 2046 140.151 -32.823 12.0 2.5 ML ADE
1981 01 15 0629 139.459 -31.777 5.9 2.9 ML ADE
1981 01 29 1630 138.267 -32.750 14.2 2.9 ML ADE
1981 02 19 0348 136.812 -28.992 17.4 2.5 ML ADE
1981 04 15 0703 139.317 -30.821 11.0 2.6 MD ADE
1981 04 15 0753 139.317 -30.821 10.8 2.6 ML ADE
1981 04 28 1209 136.543 -33.764 0.0 2.6 ML ADE
1981 06 27 2233 137.767 -29.747 4.4 2.6 ML ADE
1981 07 05 1527 136.766 -35.345 15.2 2.6 ML ADE
1981 07 11 1255 135.892 -34.065 0.9 2.5 ML ADE
1981 07 12 0243 135.869 -34.074 2.7 2.5 ML ADE
1981 07 24 1423 135.592 -27.493 4.6 2.9 ML ADE
1981 08 01 1506 139.216 -33.965 8.4 2.8 ML ADE
1981 08 01 2016 138.749 -31.630 14.4 2.9 ML ADE
1981 08 19 0729 138.291 -33.021 19.4 2.5 ML ADE
1981 08 20 0215 142.400 -30.574 32.2 2.6 ML ADE
1981 08 31 1935 138.923 -34.709 24.7 2.8 ML ADE
1981 10 01 1717 138.703 -30.196 0.0 2.6 ML ADE
1981 10 12 2158 136.974 -28.960 6.3 2.5 ML ADE
1981 10 15 0142 138.235 -32.736 14.1 2.9 ML ADE
1982 01 13 0657 138.972 -32.331 3.1 2.6 ML ADE
1982 01 18 0316 138.772 -32.143 13.1 2.5 ML ADE
1982 02 06 0352 138.796 -34.542 30.4 2.7 ML ADE
1982 02 08 0138 139.082 -32.069 22.3 2.8 ML ADE
1982 03 21 0313 138.653 -31.715 20.1 2.9 ML ADE
1982 04 09 2033 138.275 -30.509 7.0 2.6 ML ADE
1982 06 05 0436 136.697 -33.396 23.6 2.6 ML ADE
1982 08 05 1526 138.644 -31.435 16.9 2.5 ML ADE
1982 08 09 0231 138.359 -33.131 23.1 2.6 ML ADE
1982 10 02 0711 135.803 -34.077 3.0 2.5 ML ADE 
1982 10 03 0506 135.907 -34.097 1.8 2.8 ML ADE
1982 10 03 0708 135.883 -34.099 0.0 2.5 ML ADE
1982 10 03 1611 135.865 -34.057 0.6 2.5 ML ADE
1982 10 27 1336 141.536 -31.921 2.9 2.5 ML ADE
1983 02 03 1745 137.612 -25.946 9.0 2.9 ML ADE
1983 02 08 0716 138.356 -30.702 24.9 2.5 ML ADE
1983 02 08 1538 137.960 -32.501 7.5 2.6 ML ADE
1983 02 23 1529 141.642 -31.931 14.8 2.5 ML ADE
1983 03 11 1930 138.433 -30.624 11.0 2.5 ML ADE
1983 06 21 1956 137.116 -29.121 20.3 2.7 ML ADE
1983 08 22 1724 138.432 -31.984 5.0 2.5 ML ADE
1983 08 30 1638 138.652 -32.230 5.4 2.7 ML ADE
1983 09 09 0426 135.244 -33.950 10.8 2.8 ML ADE
1983 09 18 2026 138.408 -32.017 7.2 2.6 ML ADE
1983 09 21 2338 138.000 -29.827 1.5 2.7 ML ADE
1983 10 03 0754 139.512 -34.114 24.1 2.6 ML ADE
1983 10 29 1548 138.620 -31.386 16.1 2.8 ML ADE
1983 11 07 1429 135.773 -34.031 0.0 2.6 ML ADE
1983 11 13 0001 136.971 -33.454 3.7 2.7 ML ADE
1983 12 17 2050 139.354 -34.603 22.6 2.8 ML ADE
1983 12 29 1758 138.349 -30.813 17.9 2.9 ML ADE
1984 01 13 0144 136.240 -33.493 0.0 2.8 ML ADE
1984 01 30 0101 139.307 -31.743 30.9 2.8 ML ADE
1984 02 01 1417 138.277 -32.859 18.5 2.5 ML ADE
1984 03 06 0902 138.000 -30.718 16.7 2.9 ML ADE
1984 03 23 0840 138.419 -32.009 7.7 2.9 ML ADE
1984 03 23 1004 138.445 -32.026 7.6 2.6 ML ADE
1984 03 24 1948 139.244 -33.234 1.9 2.7 ML ADE
1984 04 02 0506 138.763 -32.313 2.5 2.5 ML ADE
1984 05 27 0453 138.436 -30.437 9.6 2.9 ML ADE
1984 05 28 2145 135.821 -28.168 0.0 2.5 ML ADE
1984 07 10 1413 138.918 -32.331 4.4 2.7 ML ADE
1984 07 26 0339 138.546 -31.929 19.6 2.6 ML ADE
1984 09 22 0052 139.250 -30.153 1.1 2.6 ML ADE
1984 09 28 1408 136.627 -33.575 7.9 2.7 ML ADE
1984 10 06 1158 137.917 -29.974 6.3 2.6 ML ADE
1984 12 30 0413 138.218 -30.994 14.7 2.8 ML ADE
1985 02 27 0149 134.516 -33.394 0.0 2.7 ML ADE
1985 04 11 1823 139.497 -34.741 15.7 2.9 ML ADE
1985 04 16 2215 138.112 -31.370 8.3 2.6 ML ADE
1985 06 02 1656 136.946 -33.012 17.0 2.6 ML ADE
1985 06 12 0734 137.778 -32.680 0.0 2.5 ML ADE
1985 08 11 2303 137.779 -32.758 1.5 2.6 ML ADE
1985 09 24 2322 138.536 -32.729 18.1 2.5 ML ADE
1985 10 01 0219 136.977 -34.121 7.3 2.8 ML ADE
1985 10 19 1316 138.627 -31.372 4.0 2.5 ML ADE
1985 11 19 0439 139.062 -32.703 6.0 2.9 ML ADE
1985 11 19 0634 139.091 -32.713 0.1 2.5 ML ADE
1985 11 21 0735 138.648 -33.169 4.6 2.7 ML ADE
1985 12 21 0209 138.459 -32.291 20.5 2.5 ML ADE
1986 01 09 0319 137.732 -30.012 25.4 2.6 ML ADE
1986 01 19 0537 138.804 -31.939 3.1 2.5 ML ADE
1986 02 03 1705 138.597 -31.633 19.3 2.8 ML ADE
1986 02 17 0426 135.628 -28.682 34.4 2.5 ML ADE
1986 05 16 0644 136.870 -33.311 25.0 2.7 ML ADE
1986 05 20 1358 138.555 -32.610 9.4 2.9 ML ADE
1986 05 28 0634 138.885 -34.090 27.2 2.7 ML ADE
1986 05 31 1458 139.096 -35.145 15.1 2.7 ML ADE
1986 07 18 0429 137.190 -29.846 3.6 2.6 ML ADE
1986 07 23 1228 136.380 -33.572 9.9 2.5 ML ADE
1986 08 25 1719 138.116 -32.462 11.1 2.6 ML ADE
1986 08 26 1923 137.013 -28.848 0.0 2.7 ML ADE
1986 08 26 1953 139.413 -33.840 9.3 2.6 ML ADE
1986 09 09 1752 138.545 -30.357 3.2 2.6 ML ADE
1986 09 09 1754 138.724 -30.293 34.4 2.7 ML ADE
1986 09 27 0403 138.618 -30.127 28.7 2.5 ML ADE
1986 10 08 0936 141.304 -29.951 0.4 2.5 ML ADE
1987 01 01 1209 137.562 -27.777 0.0 2.9 ML ADE
1987 01 18 1710 138.308 -33.154 20.3 2.5 ML ADE
1987 01 26 2252 138.381 -32.509 14.5 2.5 ML ADE
1987 02 10 1528 135.905 -27.657 20.2 2.5 ML ADE
1987 02 27 1353 138.761 -37.261 0.7 2.9 ML ADE
1987 03 13 0452 137.881 -29.736 32.6 2.7 ML ADE
1987 05 04 0602 138.226 -32.981 11.1 2.5 ML ADE
1987 07 20 1302 135.682 -34.090 0.2 2.5 ML ADE
1987 08 18 0519 138.469 -33.399 18.8 2.5 ML ADE
1987 08 21 0658 138.692 -32.343 12.4 2.5 ML ADE
1987 09 18 1741 137.184 -35.603 38.0 2.5 ML ADE
1987 10 10 1951 138.347 -32.309 15.3 2.5 ML ADE
1987 11 30 1954 138.982 -31.219 24.8 2.6 ML ADE
1987 12 25 1701 138.749 -31.767 21.2 2.7 ML ADE
1988 01 06 0129 138.029 -32.696 15.6 2.9 ML ADE
1988 01 06 0853 138.199 -32.830 18.9 2.5 ML ADE
1988 01 07 0115 139.051 -33.695 4.2 2.6 ML ADE
1988 03 19 1526 138.601 -31.423 8.9 2.5 ML ADE
1988 03 31 1757 142.083 -29.080 4.0 2.7 ML BMR
1988 06 10 0639 137.190 -35.360 11.4 2.6 ML ADE
1988 06 23 1218 138.521 -30.792 9.6 2.6 ML ADE
1988 08 03 0739 138.921 -29.832 12.9 2.8 ML ADE
1988 08 22 0054 141.751 -29.964 4.6 2.9 ML ADE
1988 09 01 0040 138.296 -33.273 5.9 2.5 ML ADE
1988 09 11 0328 138.827 -31.631 8.3 2.8 ML ADE
1988 09 23 1753 138.829 -33.116 3.2 2.5 ML ADE
1989 01 11 0551 138.985 -33.281 11.8 2.7 ML ADE
1989 03 03 1210 137.972 -29.540 23.0 2.6 ML ADE
1989 03 04 1013 136.500 -33.904 2.0 2.5 ML ADE
1989 04 08 0418 138.575 -32.818 0.0 2.5 ML ADE
1989 04 09 0400 136.430 -33.940 1.0 2.6 ML ADE
1989 05 03 0432 138.398 -32.720 20.8 2.6 ML ADE
1989 05 16 0231 137.976 -32.286 6.6 2.5 ML ADE
1989 06 01 2353 139.678 -33.849 12.9 2.8 ML ADE
1989 06 12 0345 138.189 -32.070 13.0 2.5 ML ADE
1989 06 19 1814 138.196 -29.861 16.0 2.6 ML ADE
1989 09 07 0808 135.924 -33.551 21.1 2.9 ML ADE
1989 09 21 0615 138.651 -33.846 5.4 2.5 ML ADE
1989 09 29 2203 138.757 -31.915 13.4 2.5 ML ADE
1990 01 19 1621 139.361 -33.802 7.5 2.8 ML ADE
1990 02 04 0850 135.753 -27.663 22.6 2.8 ML ADE
1990 02 11 0912 142.664 -31.214 6.2 2.7 ML ADE
1990 03 04 1138 138.872 -33.088 9.7 2.6 ML ADE
1990 03 04 1232 138.935 -33.076 0.8 2.5 ML ADE
1990 03 05 1813 139.001 -33.107 1.0 2.7 ML ADE
1990 03 10 1353 138.980 -33.094 2.0 2.7 ML ADE
1990 03 24 1545 137.799 -25.945 5.8 2.9 MD ADE
1990 03 29 1408 136.011 -34.150 1.5 2.6 ML ADE
1990 03 31 2018 138.927 -32.223 2.0 2.6 ML ADE
1990 04 05 1002 138.511 -31.108 15.8 2.9 ML ADE
1990 04 05 2224 136.523 -28.864 16.6 2.7 ML ADE
1990 04 10 0627 138.130 -29.300 9.3 2.6 ML ADE
1990 06 02 0549 138.055 -34.600 10.9 2.6 ML ADE
1990 06 11 1508 138.446 -33.699 18.4 2.7 ML ADE
1990 07 16 1421 137.300 -35.333 2.9 2.9 ML ADE
1990 08 20 1356 138.706 -31.115 10.9 2.8 ML ADE
1990 08 21 1049 138.691 -32.016 6.1 2.6 ML ADE
1990 08 23 0740 138.276 -31.892 1.8 2.6 ML ADE
1990 10 05 2211 135.927 -33.394 7.2 2.7 ML ADE
1990 10 20 0033 137.984 -32.399 7.3 2.5 ML ADE
1990 11 18 1642 138.208 -30.522 18.0 2.6 ML ADE
1990 12 03 0446 135.800 -26.100 5.0 2.5 ML BMR
1990 12 13 0628 138.987 -33.017 6.0 2.9 ML ADE
1991 01 05 1212 138.205 -32.349 20.3 2.8 ML ADE
1991 01 13 0303 138.984 -32.063 8.0 2.5 ML ADE
1991 02 12 1818 137.687 -34.511 8.6 2.6 ML ADE
1991 02 18 0306 138.346 -31.867 12.7 2.5 ML ADE
1991 05 16 1443 139.005 -32.342 10.0 2.6 ML ADE
1991 05 22 1430 135.735 -33.460 6.3 2.6 ML ADE
1991 05 26 2014 135.700 -28.116 10.0 2.6 ML ADE
1991 06 02 1053 141.862 -30.231 11.6 2.5 ML ADE
1991 07 17 1315 136.159 -33.976 9.0 2.8 ML ADE
1991 08 13 0051 137.993 -36.668 9.7 2.7 ML ADE
1991 08 19 1858 135.999 -34.352 25.4 2.9 ML ADE
1991 08 22 1705 141.594 -35.018 9.2 2.6 ML MEL
1991 10 07 2310 140.557 -32.541 10.4 2.8 ML ADE
1991 10 08 1515 138.867 -32.210 12.6 2.5 ML ADE
1991 10 26 1326 138.228 -33.999 7.0 2.5 ML ADE
1991 11 03 1155 138.712 -33.169 13.0 2.8 ML ADE
1991 11 29 0822 138.389 -31.533 8.5 2.7 ML ADE
1991 11 30 1416 138.395 -31.552 5.7 2.7 ML ADE
1991 12 26 0006 138.824 -31.360 6.4 2.6 ML ADE
1992 01 23 0733 138.358 -31.566 4.2 2.6 ML ADE
1992 01 30 1510 138.326 -31.405 6.8 2.5 ML ADE
1992 02 25 2006 138.115 -33.333 4.5 2.5 ML ADE
1992 03 24 1555 138.439 -33.419 2.0 2.5 ML ADE
1992 03 24 1930 138.344 -32.520 4.2 2.5 ML ADE
1992 04 27 1813 138.524 -28.669 10.0 2.5 ML ADE
1992 05 11 1327 136.700 -33.650 5.0 2.5 ML ADE
1992 05 27 1017 138.487 -33.076 2.2 2.9 ML ADE
1992 06 18 1900 136.829 -34.818 2.2 2.6 ML ADE
1992 08 10 0024 136.387 -25.822 5.0 2.8 ML AUST
1992 08 21 1131 137.671 -25.888 5.0 2.7 ML AUST
1992 09 01 1104 138.659 -31.758 10.2 2.6 ML ADE
1992 09 08 0710 138.365 -36.786 10.0 2.7 ML ADE
1992 10 10 1919 138.431 -30.839 14.4 2.9 ML ADE
1992 10 28 0512 136.807 -33.577 5.4 2.6 ML ADE
1992 11 01 2129 136.900 -28.858 16.6 2.8 ML ADE
1992 12 12 1818 139.184 -33.736 16.6 2.5 ML ADE
1992 12 21 0407 138.956 -33.028 7.7 2.8 ML ADE
1993 01 17 1023 138.564 -35.553 11.6 2.8 ML ADE
1993 01 18 2305 138.943 -33.095 12.9 2.5 ML ADE
1993 02 09 1534 139.016 -30.985 11.5 2.8 ML ADE
1993 03 08 0404 139.149 -33.672 12.3 2.7 ML ADE
1993 03 19 1315 138.649 -31.386 12.5 2.6 ML ADE
1993 04 05 2142 138.915 -33.070 9.3 2.5 ML ADE
1993 05 08 1119 138.158 -31.896 7.9 2.9 ML ADE
1993 05 21 0354 139.001 -33.761 11.6 2.5 ML ADE
1993 06 24 0659 139.145 -31.597 11.0 2.9 ML ADE
1993 08 03 0237 139.293 -34.615 16.6 2.6 ML ADE
1993 08 13 0036 139.025 -33.073 2.9 2.8 ML ADE
1993 09 05 1018 139.010 -31.414 16.1 2.7 ML ADE
1993 09 19 2327 138.795 -32.080 9.4 2.5 ML ADE
1993 09 24 1819 138.357 -32.437 1.7 2.8 ML ADE
1993 09 29 1749 140.448 -26.115 5.0 2.7 ML AUST
1993 10 28 1658 138.960 -33.725 8.3 2.9 ML ADE
1993 11 07 1920 137.726 -29.710 9.9 2.6 ML ADE
1994 06 09 1408 141.986 -32.131 12.3 2.9 ML ADE
1994 06 21 0042 138.314 -30.410 17.4 2.5 ML ADE
1994 06 24 0559 138.640 -30.647 12.6 2.9 ML ADE
1994 06 24 1653 139.572 -28.280 12.5 2.7 ML ADE
1994 07 12 2029 137.517 -35.727 14.1 2.9 ML ADE
1994 07 20 1505 138.872 -33.829 15.2 2.8 ML ADE
1994 09 12 2123 138.969 -33.032 5.0 2.6 ML ADE
1994 09 28 2146 139.478 -34.201 9.2 2.5 ML ADE
1994 11 06 2330 138.097 -32.248 15.4 2.6 ML ADE
1994 12 01 2029 138.090 -30.446 8.4 2.5 ML ADE
1994 12 05 2056 137.996 -30.305 10.4 2.8 ML ADE
1994 12 05 2331 138.020 -30.354 2.1 2.7 ML ADE
1994 12 06 1625 138.141 -30.474 10.8 2.6 ML ADE
1994 12 09 1554 137.996 -30.447 8.4 2.6 ML ADE
1994 12 12 0203 138.016 -30.339 13.2 2.9 ML ADE
1994 12 29 1803 138.049 -30.382 10.9 2.5 ML ADE
1995 01 23 1744 138.004 -30.493 8.3 2.9 ML ADE
1995 01 31 0845 136.748 -28.970 11.8 2.9 ML ADE
1995 02 03 0604 136.538 -33.625 4.0 2.9 ML ADE
1995 03 12 1136 138.354 -32.623 10.4 2.9 ML ADE
1995 03 27 0444 138.128 -30.386 6.2 2.9 ML ADE
1995 04 26 0740 138.475 -33.433 6.1 2.6 ML ADE
1995 05 17 1746 138.705 -32.116 15.4 2.5 ML ADE
1995 05 20 2352 138.631 -31.591 9.5 2.6 ML ADE
1995 05 25 1351 136.291 -33.642 12.9 2.8 ML ADE
1995 06 03 2259 138.047 -30.397 13.7 2.8 ML ADE
1995 06 24 0114 138.072 -30.431 6.0 2.6 ML ADE
1995 07 14 1948 137.020 -36.319 5.5 2.6 ML ADE
1995 08 16 1821 138.328 -32.797 9.4 2.6 ML ADE
1995 10 10 0414 138.510 -32.601 5.0 2.6 ML ADE
1995 11 05 0734 137.000 -29.880 9.3 2.7 ML ADE
1995 11 16 1623 138.425 -32.585 4.2 2.6 ML ADE
1995 11 18 1325 138.757 -31.196 19.1 2.9 ML ADE
1995 12 09 0711 136.723 -29.079 12.6 2.5 ML ADE
1995 12 24 1712 138.444 -35.205 19.4 2.6 ML ADE
1996 01 06 0208 140.282 -25.688 0.0 2.9 mL ISC
1996 02 04 2132 136.759 -28.953 10.0 2.7 ML ADE
1996 03 15 1859 138.666 -31.350 17.0 2.5 ML ADE
1996 04 04 0459 138.908 -33.705 11.5 2.5 ML ADE
1996 04 25 2344 138.969 -31.628 13.6 2.6 ML ADE
1996 05 16 0221 138.643 -31.377 14.4 2.5 ML ADE
1996 06 27 0133 138.711 -32.116 10.4 2.5 ML ADE
1996 07 23 0425 138.896 -31.139 8.2 2.9 ML ADE
1996 08 08 0912 136.374 -28.520 8.7 2.5 ML ADE
1996 08 10 1414 138.425 -31.488 12.2 2.5 ML ADE
1996 08 21 1235 143.531 -30.119 6.7 2.5 ML MEL
1996 08 22 1525 143.535 -30.123 5.9 2.7 ML MEL
1996 08 31 0855 138.625 -31.223 3.7 2.9 ML ADE
1996 11 09 1126 139.140 -30.130 0.0 2.8 ML EIDC
1996 11 21 0606 139.183 -31.732 16.8 2.7 ML ADE
1996 12 03 1734 137.973 -29.396 8.1 2.6 ML ADE
1996 12 16 2302 138.983 -33.530 11.1 2.8 ML ADE
1997 02 21 0623 136.343 -33.521 7.9 2.6 ML ADE
1997 04 03 1556 138.598 -31.044 14.1 2.9 ML ADE
1997 04 12 2016 139.010 -33.814 19.1 2.7 ML ADE
1997 05 11 0934 136.015 -28.353 10.0 2.5 ML ADE
1997 08 17 0452 139.483 -34.628 22.4 2.5 ML ADE
1997 09 08 1528 138.544 -32.906 10.3 2.6 ML ADE
1997 09 11 0911 138.643 -31.698 22.2 2.5 ML ADE
1997 11 29 0519 139.341 -33.856 8.1 2.7 ML ADE
1997 12 13 2310 138.793 -32.380 8.7 2.7 ML ADE
1998 01 28 1554 138.601 -33.558 11.7 2.5 ML ADE
1998 01 30 1336 140.351 -35.272 7.5 2.9 ML ADE
1998 07 02 1509 135.013 -33.599 21.3 2.9 ML ADE
1998 07 09 0558 138.253 -33.519 10.2 2.6 ML ADE
1998 09 10 2028 138.788 -33.090 3.7 2.5 ML ADE
1998 09 29 1348 141.356 -31.700 11.0 2.8 ML ADE
1998 10 05 2024 135.880 -33.556 14.1 2.8 ML ADE
1998 10 16 1709 137.903 -30.234 4.4 2.5 ML ADE
1998 11 12 1408 138.931 -35.020 21.8 2.8 ML ADE
1998 11 14 1747 139.316 -31.213 12.7 2.5 ML ADE
1998 11 15 0939 139.400 -34.126 10.0 2.8 ML ADE
1998 11 19 0642 137.790 -25.000 0.0 2.9 ML AGSO
1998 11 22 1337 137.667 -29.506 15.9 2.8 ML ADE
1998 12 17 0617 138.206 -32.917 11.2 2.8 ML ADE
1999 02 01 0423 136.814 -28.400 25.5 2.9 ML ADE
1999 02 07 0745 138.996 -33.793 0.2 2.6 ML ADE
1999 02 26 0008 136.420 -27.827 7.2 2.9 ML ADE
1999 03 29 1041 138.849 -32.623 3.2 2.8 ML ADE
1999 04 04 0126 138.657 -31.619 9.5 2.5 ML ADE
1999 04 20 0146 138.766 -33.128 9.2 2.9 ML ADE
1999 05 10 0351 138.576 -31.730 14.7 2.6 ML ADE
1999 06 03 1553 140.800 -27.130 0.0 2.6 ML AGSO
1999 09 24 2058 139.341 -34.354 9.2 2.7 ML ADE
1999 10 17 1311 139.075 -30.445 12.4 2.6 ML ADE
1999 10 31 1821 138.668 -32.378 8.6 2.7 ML ADE
1999 11 06 0828 137.246 -34.763 13.8 2.6 ML ADE
1999 12 31 0848 139.366 -33.163 6.0 2.7 ML ADE
2000 01 09 2135 138.594 -31.142 7.7 2.5 ML ADE
2000 01 26 0834 137.188 -29.139 6.5 2.8 ML ADE
2000 02 23 0525 136.478 -33.764 8.2 2.5 ML ADE
2000 03 11 0329 138.443 -33.727 21.8 2.9 ML ADE
2000 04 01 0801 138.391 -31.851 7.6 2.8 ML ADE
2000 06 09 2117 136.857 -34.195 4.7 2.8 ML ADE
2000 06 10 0743 136.881 -34.171 12.1 2.6 ML ADE
2000 06 10 0745 136.853 -34.158 14.2 2.8 ML ADE
2000 07 12 2121 138.534 -32.596 13.8 2.9 ML ADE
2000 07 21 0611 137.200 -29.105 10.0 2.6 ML ADE
2000 07 24 0337 139.320 -29.445 16.2 2.7 ML ADE
2000 07 25 0452 136.796 -34.149 15.0 2.7 ML ADE
2000 10 12 2322 138.777 -31.641 23.8 2.7 ML ADE
2001 01 29 0831 138.444 -30.972 11.6 2.9 ML ADE
2001 03 12 0716 135.708 -34.032 9.1 2.6 ML ADE
2001 03 14 2128 142.390 -29.140 0.0 2.5 ML AGSO
2001 03 29 0600 138.757 -29.607 33.0 2.8 ML ISC
2001 04 04 1417 138.949 -33.149 7.6 2.8 ML ADE
2001 04 11 1733 139.102 -35.223 11.2 2.5 ML ADE
2001 04 28 1558 137.620 -25.980 26.0 2.5 ML AGSO
2001 05 09 0218 138.618 -33.669 22.7 2.8 ML ADE
2001 09 04 1829 141.811 -26.462 0.0 2.9 ML IDC
2001 09 06 1843 135.860 -35.413 8.7 2.8 ML ADE
2001 11 01 1611 144.314 -29.830 10.0 2.8 ML USGS
2001 11 08 1050 138.172 -34.846 22.1 2.9 ML ADE
2001 11 10 0207 138.432 -33.469 10.9 2.5 ML ADE
2001 11 11 1300 144.250 -29.360 17.0 2.5 ML AUST
2001 12 12 0043 138.912 -28.714 10.0 2.6 ML ADE
2002 02 24 1829 138.570 -31.499 10.5 2.6 ML ADE
2002 03 06 1303 134.192 -33.602 9.6 2.6 ML ADE
2002 05 04 1847 138.745 -31.751 17.4 2.8 ML ADE
2002 05 10 1142 135.887 -33.509 2.1 2.7 ML ADE
2002 05 10 2049 134.794 -33.953 2.0 2.5 ML ADE
2002 08 01 1858 138.730 -32.289 11.8 2.9 ML ADE
2002 08 19 1928 135.819 -27.469 16.8 2.5 ML ADE
2002 08 21 1322 138.696 -33.741 8.9 2.8 ML ADE
2002 08 26 0733 138.143 -31.885 10.3 2.6 ML ADE
2002 09 29 0613 138.161 -32.528 18.4 2.6 ML ADE
2002 10 11 0709 140.762 -27.960 13.6 2.9 ML ADE
2002 10 29 1519 142.042 -30.593 10.0 2.8 ML ADE
2002 11 08 1346 136.167 -34.037 5.3 2.5 ML ADE
2002 11 23 1326 138.374 -30.747 9.0 2.9 ML ADE
2002 12 09 1128 138.166 -31.846 11.2 2.8 ML ADE
2002 12 30 1801 138.613 -33.101 8.7 2.7 ML ADE
2003 01 02 2312 137.396 -35.683 5.0 2.6 ML ADE
2003 01 11 0621 138.303 -33.341 6.7 2.5 ML ADE
2003 01 16 1902 137.705 -26.304 10.0 2.8 ML ADE
2003 01 17 1948 135.542 -34.704 13.5 2.7 ML ADE
2003 01 30 1948 135.772 -27.776 11.5 2.7 ML ADE
2003 02 08 2231 138.417 -32.571 14.6 2.6 ML ADE
2003 04 25 0338 138.113 -32.091 9.2 2.6 ML ADE
2003 05 02 1441 137.986 -33.878 19.2 2.9 ML ADE
2003 05 17 0452 139.037 -32.982 1.4 2.7 ML ADE
2003 06 15 1034 138.360 -31.802 12.5 2.5 ML ADE
2003 07 07 2141 138.540 -31.085 24.2 2.8 ML ADE
2003 08 13 1419 138.391 -33.193 16.2 2.7 ML ADE
2003 08 29 0421 138.322 -32.808 18.4 2.8 ML ADE
2003 09 22 0849 138.390 -35.565 12.2 2.6 ML ADE
2003 10 05 2025 138.727 -31.328 19.6 2.5 ML ADE
2003 11 11 1919 138.614 -33.241 10.0 2.5 ML ADE
2003 12 07 0803 140.548 -27.741 10.0 2.7 ML AUST
2003 12 08 0709 140.735 -27.892 0.0 2.6 ML AUST
2003 12 08 1242 140.683 -27.859 5.0 2.7 ML AUST
2003 12 08 1250 140.712 -27.883 5.0 2.5 ML AUST
2003 12 09 0658 140.593 -27.757 5.0 2.7 ML AUST
2003 12 21 2115 140.804 -27.862 6.0 2.9 ML AUST
2004 03 24 1010 144.009 -28.939 10.0 2.7 ML ISC
2004 04 04 1150 138.151 -33.002 10.8 2.8 ML ADE
2004 04 04 1510 138.273 -32.126 16.4 2.9 ML ADE
2004 06 02 1327 138.266 -33.455 18.5 2.6 ML ADE
2004 06 11 0941 138.473 -32.665 55.0 2.5 ML ADE
2004 06 13 1015 138.257 -32.303 15.5 2.7 ML ADE
2004 07 07 0220 138.503 -31.534 9.9 2.6 ML ADE
2004 07 11 0435 137.635 -28.714 16.0 2.7 ML ADE
2004 07 14 0406 139.207 -34.127 14.0 2.5 ML ADE
2004 07 21 1555 141.489 -31.721 14.8 2.7 ML ADE
2004 07 25 0224 138.150 -30.398 4.8 2.5 ML ADE
2004 07 28 1408 141.407 -29.928 0.0 2.9 ML AUST
2004 08 02 0825 138.594 -33.528 16.0 2.5 ML ADE
2004 08 16 1930 138.546 -31.121 13.0 2.9 ML ADE
2004 08 17 0906 137.978 -30.136 13.6 2.8 ML ADE
2004 10 13 0037 139.174 -33.670 13.9 2.5 ML ADE
2004 10 16 1556 138.541 -31.015 8.0 2.5 ML ADE
2004 11 08 0732 138.933 -32.412 14.0 2.7 ML ADE
2004 11 25 0559 137.477 -35.654 32.5 2.8 ML ADE
2004 12 08 1706 138.320 -32.387 13.4 2.6 ML ADE
2004 12 27 0337 136.859 -33.362 19.0 2.8 ML ADE
2005 01 06 2031 136.947 -33.427 15.4 2.6 ML ADE
2005 01 12 2253 138.574 -33.097 7.4 2.7 ML ADE
2005 01 19 0529 138.332 -30.894 12.0 2.6 ML ADE
2005 02 20 0815 141.407 -31.737 0.0 2.9 ML IDC
2005 03 29 1246 137.759 -35.452 10.1 2.5 ML ADE
2005 04 06 0609 138.149 -32.309 9.1 2.7 ML ADE
2005 04 08 0409 140.312 -27.800 0.0 2.5 ML IDC
2005 05 02 1942 138.883 -31.443 14.3 2.5 ML ADE
2005 05 28 0154 137.686 -35.076 13.3 2.5 ML ADE
2005 07 12 0757 138.578 -31.558 12.9 2.9 ML ADE
2005 08 16 0733 139.371 -34.119 15.2 2.8 ML ADE
2005 08 24 0338 138.767 -32.320 5.0 2.8 ML ADE
2005 09 04 0311 137.511 -29.604 4.6 2.7 ML ADE
2005 10 14 0533 138.881 -33.700 12.5 2.8 ML ADE
2006 01 20 0042 135.801 -34.095 9.5 2.6 ML ADE
2006 01 22 0049 135.890 -28.087 3.3 2.9 ML ADE
2006 01 25 1156 135.705 -34.136 0.8 2.7 ML ADE
2006 02 10 2144 135.643 -34.164 8.1 2.6 ML ADE
2006 02 16 1524 138.325 -31.172 11.5 2.7 ML ADE
2006 02 18 1716 138.573 -32.804 16.5 2.7 ML ADE
2006 04 12 0316 138.870 -33.509 4.6 2.5 ML ADE
2006 05 03 1345 138.383 -30.708 3.4 2.9 ML ADE
2006 05 14 0434 139.241 -33.565 14.0 2.9 ML ADE
2006 05 21 2127 136.617 -33.610 16.0 2.6 ML ADE
2006 07 15 1448 138.763 -32.988 4.3 2.7 ML ADE
2006 07 17 1148 139.579 -35.127 11.1 2.7 ML ADE
2006 07 25 1015 136.194 -34.584 13.5 2.6 ML ADE
2006 08 12 2313 136.023 -28.239 18.1 2.8 ML ADE
2006 08 26 1201 139.144 -33.968 7.8 2.5 ML ADE
2006 09 10 1048 137.882 -29.889 10.7 2.6 ML ADE
2006 10 31 0359 138.564 -31.248 13.1 2.5 ML ADE
2006 11 06 1255 138.700 -31.380 11.7 2.6 ML ADE
2007 01 01 1418 138.587 -31.057 20.6 2.6 ML ADE
2007 01 17 0820 138.209 -32.743 6.6 2.5 ML ADE
2007 03 28 0423 136.115 -28.281 8.5 2.9 ML ADE
2007 06 05 1039 135.613 -28.175 10.0 2.8 ML ADE
2007 07 06 1847 138.472 -35.297 10.8 2.5 ML ADE
2007 07 08 1817 138.105 -35.602 12.0 2.7 ML ADE
2007 08 02 0614 140.070 -29.264 0.0 2.6 ML IDC
2007 08 06 2132 138.100 -29.527 0.0 2.9 ML IDC
2007 08 17 1617 138.550 -31.380 6.5 2.6 ML ADE
2007 08 30 2232 135.998 -28.050 0.0 2.9 ML IDC
2007 09 17 1959 138.659 -32.261 3.2 2.5 ML ADE
2007 09 19 0711 138.260 -32.800 13.7 2.9 ML ADE
2007 09 19 1817 137.583 -35.748 7.9 2.5 ML ADE
2007 09 19 2044 138.269 -30.264 13.9 2.5 ML ADE
2007 10 21 1403 137.815 -30.092 9.9 2.7 ML ADE
2007 11 29 0705 136.278 -33.545 4.7 2.5 ML ADE
2007 12 12 0018 139.998 -36.089 21.1 2.5 ML ADE
2007 12 30 0749 139.066 -31.547 7.8 2.6 ML ADE
2008 01 12 1224 138.300 -32.054 10.1 2.5 ML ADE
2008 01 13 2101 138.314 -32.055 14.3 2.5 ML ADE
2008 01 23 1936 138.672 -33.139 9.6 2.6 ML ADE
2008 02 12 0012 138.332 -32.919 5.5 2.9 ML ADE
2008 02 16 2005 138.531 -33.421 11.3 2.5 ML ADE
2008 03 07 0132 138.469 -33.340 14.6 2.5 ML ADE
2008 04 08 1233 138.653 -31.437 13.5 2.6 ML ADE
2008 05 29 0535 138.814 -31.814 11.8 2.9 ML ADE
2008 05 29 1005 138.520 -31.667 7.2 2.6 ML ADE
2008 06 25 2034 138.629 -31.604 12.8 2.6 ML ADE
2008 07 03 0007 138.691 -33.082 6.9 2.5 ML ADE
2008 07 16 1600 137.636 -25.762 10.0 2.5 ML ADE
2008 07 20 1908 135.818 -28.268 10.0 2.8 ML ADE
2008 07 20 1913 135.742 -28.493 10.0 2.5 ML ADE
2008 08 07 2354 137.597 -34.159 12.2 2.7 ML ADE
2008 08 08 1250 137.381 -35.551 13.7 2.5 ML ADE
2008 08 15 0030 138.124 -32.956 9.7 2.5 ML ADE
2008 08 30 0510 137.898 -30.097 10.3 2.5 ML ADE
2008 08 31 0802 138.731 -33.078 8.3 2.7 ML ADE
2008 10 07 0838 138.316 -33.049 10.5 2.5 ML ADE
2008 11 11 1904 137.470 -36.637 16.0 2.5 ML ADE
2008 11 16 0244 138.727 -31.440 18.5 2.7 ML ADE
2008 11 26 1353 138.763 -31.649 18.9 2.6 ML ADE
2008 12 25 1109 138.619 -31.486 17.5 2.8 ML ADE
2008 12 31 1139 138.495 -31.722 16.0 2.7 ML ADE
2009 01 17 0231 138.321 -32.872 16.2 2.5 ML ADE
2009 01 19 0435 138.933 -31.960 16.7 2.6 ML ADE
2009 01 30 0817 138.983 -30.977 17.7 2.9 ML ADE
2009 02 27 1713 138.009 -29.488 38.0 2.8 ML ADE
2009 03 14 1309 136.032 -28.391 28.4 2.9 ML ADE
2009 04 07 0728 135.769 -35.351 9.9 2.7 ML ADE
2009 05 08 1113 138.229 -37.060 7.2 2.9 ML ADE
2009 05 29 1121 138.267 -31.096 19.3 2.9 ML ADE
2009 07 09 2216 138.564 -34.188 10.1 2.6 ML ADE
2009 07 10 1220 138.720 -31.652 22.2 2.5 ML ADE
2009 07 26 2013 138.270 -32.084 10.0 2.6 ML ADE
2009 07 31 1459 141.946 -29.601 0.0 2.6 ML AUST
2009 08 19 2207 135.699 -34.103 6.8 2.7 ML ADE
2009 08 20 1157 135.676 -34.113 6.7 2.8 ML ADE
2009 08 25 0947 138.174 -32.741 10.3 2.5 ML ADE
2009 12 19 1605 138.793 -34.238 10.4 2.7 ML ADE
2010 01 04 0554 138.556 -37.434 24.3 2.7 ML ADE
2010 02 17 0514 137.820 -30.440 0.0 2.9 ML IDC
2010 05 10 1132 135.950 -34.073 4.8 2.5 ML ADE
2010 05 20 0614 138.250 -30.410 0.0 2.6 ML IDC
2010 05 25 0615 138.600 -30.180 0.0 2.7 ML IDC
2010 05 27 0646 138.920 -29.880 0.0 2.5 ML IDC
2010 05 27 1108 139.210 -33.432 0.0 2.7 ML IDC
2010 05 27 1108 139.476 -33.992 15.0 2.7 ML ADE
2010 06 07 1230 140.758 -27.811 4.0 2.7 ML ADE
2010 06 22 2041 138.537 -32.641 13.5 2.8 ML ADE
2010 06 29 0614 138.480 -30.320 0.0 2.9 ML IDC
2010 07 25 1005 141.560 -26.390 0.0 2.7 ML IDC
2010 07 26 2057 138.851 -31.885 11.4 2.6 ML ADE
2010 07 28 0346 139.166 -31.498 9.6 2.8 ML ADE
2010 07 30 2112 138.149 -32.253 19.1 2.5 ML ADE
2010 07 30 2124 138.149 -32.253 19.1 2.5 ML ADE
2010 07 30 2229 138.149 -32.253 19.1 2.7 ML ADE
2010 07 30 2246 138.149 -32.253 19.1 2.7 ML ADE
2010 07 30 2327 136.740 -33.580 20.1 2.7 ML ADE
2010 07 31 1656 136.822 -30.483 0.0 2.5 ML ADE
2010 08 04 0614 138.720 -30.010 0.0 2.6 ML IDC
2010 08 25 0144 138.480 -30.140 0.0 2.7 ML IDC
2010 08 30 0614 138.530 -30.210 0.0 2.8 ML IDC
2010 09 19 2211 138.817 -31.884 4.1 2.6 ML ADE
2010 10 05 1024 143.710 -29.598 10.0 2.5 ML AUST
2010 11 13 1936 138.753 -31.429 12.3 2.8 ML ADE
2010 11 14 1629 140.353 -26.758 28.9 2.9 ML ADE
2010 11 18 0400 137.379 -35.423 11.9 2.8 ML ADE
2010 11 28 0811 141.486 -31.971 16.0 2.6 ML AUST
2010 12 02 0514 138.910 -29.980 0.0 2.9 mb IDC
2010 12 03 0040 135.964 -34.066 5.8 2.7 ML ADE
2010 12 05 0828 141.489 -31.930 13.1 2.9 ML ISC
2010 12 10 1244 143.738 -29.561 10.0 2.5 ML AUST
2010 12 30 0100 138.610 -30.220 0.0 2.9 mb IDC
2011 01 29 0017 136.627 -33.640 26.9 2.5 ML ADE
2011 02 13 1448 138.699 -33.202 8.2 2.8 ML ADE
2011 02 14 0108 138.306 -33.539 12.2 2.5 ML ADE
2011 02 19 0715 138.712 -31.779 21.4 2.5 ML ADE
2011 03 01 0526 138.542 -29.913 0.0 2.8 ML IDC
2011 03 02 2302 135.988 -34.032 6.9 2.8 ML ADE
2011 03 29 0514 138.670 -30.170 0.0 2.9 mb IDC
2011 04 02 0327 139.183 -31.819 9.8 2.5 ML ADE
2011 04 19 0614 138.830 -30.010 0.0 2.9 mb IDC
2011 04 22 1518 139.328 -33.191 4.6 2.7 ML ADE
2011 04 23 0222 138.889 -31.249 12.4 2.8 ML ADE
2011 04 27 0615 138.690 -30.160 0.0 2.9 mb IDC
2011 04 28 1957 140.257 -32.622 4.5 2.6 ML ADE
2011 05 23 0418 139.322 -33.198 5.8 2.6 ML ADE
2011 05 24 1642 138.849 -32.326 0.2 2.5 ML ADE
2011 05 25 2219 138.825 -32.333 3.0 2.6 ML ADE
2011 05 31 0614 138.250 -30.560 0.0 2.9 mb IDC
2011 06 29 0616 138.675 -30.100 0.0 2.7 ML IDC
2011 06 30 0615 138.459 -30.256 0.0 2.9 ML IDC
2011 07 08 1458 137.309 -25.899 0.0 2.7 ML IDC
2011 07 11 1219 139.746 -30.341 10.0 2.9 ML MEL
2011 07 11 1328 141.553 -32.048 1.6 2.6 ML ADE
2011 07 12 0820 136.188 -28.224 0.0 2.6 ML IDC
2011 07 13 1630 139.721 -29.968 4.0 2.9 ML AUST
2011 07 15 0606 139.714 -30.319 0.0 2.7 ML AUST
2011 07 19 0553 138.600 -31.295 21.2 2.5 ML ADE
2011 08 10 0621 138.230 -30.490 0.0 2.9 mb IDC
2011 08 28 0829 138.305 -32.839 13.3 2.7 ML ADE
2011 08 31 0624 138.596 -30.158 0.0 2.7 ML IDC
2011 09 03 1316 138.547 -30.776 16.0 2.6 ML ADE
2011 09 04 1052 138.693 -33.086 3.9 2.7 ML ADE
2011 09 04 1114 138.693 -33.086 4.0 2.5 ML ADE
2011 09 04 2347 138.693 -33.086 4.0 2.9 ML ADE
2011 09 05 0902 138.693 -33.086 4.0 2.9 ML ADE
2011 09 05 2318 139.579 -32.161 4.5 2.5 ML ADE
2011 09 06 0524 138.693 -33.086 4.0 2.5 ML ADE
2011 09 08 0615 138.950 -29.930 0.0 2.9 mb IDC
2011 09 09 0454 138.693 -33.086 4.0 2.5 ML ADE
2011 09 17 0740 137.530 -32.390 0.0 2.9 mb IDC
2011 09 18 1913 138.193 -32.328 14.0 2.8 ML ADE
2011 09 19 1450 138.693 -33.086 4.0 2.9 ML ADE
2011 09 19 1816 138.693 -33.086 4.0 2.7 ML ADE
2011 09 23 2126 137.710 -29.960 0.0 2.9 mb IDC
2011 09 26 1624 139.171 -28.973 27.4 2.8 ML ADE
2011 09 27 0614 138.730 -29.960 0.0 2.8 mb IDC
2011 10 06 0514 138.394 -30.368 0.0 2.6 ML IDC
2011 10 16 0539 138.591 -31.617 20.2 2.5 ML ADE
2011 10 20 0515 138.830 -30.010 0.0 2.9 mb IDC
2011 11 01 1748 138.693 -33.086 4.0 2.8 ML ADE
2011 11 02 0241 136.730 -33.581 7.4 2.8 ML ADE
2011 11 03 2015 138.693 -33.086 4.0 2.5 ML ADE
2011 11 08 0934 138.176 -29.746 14.1 2.8 ML ADE
2011 11 25 0928 138.022 -32.671 11.8 2.5 ML ADE
2011 11 27 0340 138.492 -25.823 0.0 2.7 ML IDC
2011 12 05 1448 139.285 -33.168 7.9 2.5 ML ADE
2011 12 12 0303 138.726 -33.250 7.3 2.9 ML ADE
2011 12 15 0518 140.428 -27.972 0.0 2.8 ML IDC
2011 12 16 1040 138.136 -35.563 17.1 2.6 ML ADE
2011 12 17 0324 138.458 -32.931 14.7 2.8 ML ADE
2011 12 30 1957 137.300 -25.280 0.0 2.5 mb IDC
2011 12 31 2024 138.693 -33.086 4.0 2.7 ML ADE
2012 01 04 0634 137.383 -29.425 24.4 2.6 ML ADE
2012 01 04 1955 138.765 -32.178 13.0 2.8 ML ADE
2012 01 09 1853 139.267 -30.402 20.8 2.7 ML ADE
2012 01 15 2133 144.599 -31.502 11.0 2.8 ML AUST
2012 01 27 1918 139.371 -34.116 19.5 2.5 ML ADE
2012 02 01 1303 138.693 -33.086 4.0 2.5 ML ADE
2012 02 01 1946 138.693 -33.086 4.0 2.9 ML ADE
2012 02 05 0152 139.574 -33.409 13.5 2.7 ML ADE
2012 02 18 1424 138.417 -29.546 18.8 2.6 ML ADE
2012 02 26 1425 136.011 -34.045 5.2 2.8 ML ADE
2012 03 23 1624 138.722 -33.389 9.4 2.8 ML ADE
2012 04 26 1457 139.008 -31.552 16.5 2.8 ML ADE
2012 04 30 1200 138.698 -33.085 0.7 2.6 ML ADE
2012 06 22 1421 138.710 -33.070 2.7 2.7 ML ADE
2012 06 26 1340 138.564 -31.693 20.7 2.8 ML ADE
2012 06 26 2007 136.980 -33.296 14.8 2.8 ML ADE
2012 07 01 1617 138.768 -31.700 13.6 2.7 ML ADE
2012 07 10 0539 137.734 -31.774 30.1 2.7 ML ADE
2012 07 16 1711 137.944 -35.624 24.5 2.5 ML ADE
2012 07 27 2100 137.541 -35.392 18.7 2.6 ML ADE
2012 08 07 1742 137.539 -35.386 15.2 2.6 ML ADE
2012 08 25 0627 141.739 -29.445 0.0 2.9 ML AUST
2012 08 31 0059 136.313 -33.935 0.4 2.5 ML ADE
2012 08 31 1221 138.449 -32.578 5.3 2.6 ML ADE
2012 09 20 1241 136.372 -33.606 7.7 2.8 ML ADE
2012 09 24 0304 137.842 -35.638 25.2 2.6 ML ADE
2012 11 16 0316 138.448 -33.388 10.5 2.8 ML ADE
2012 11 19 2346 136.787 -33.573 10.6 2.5 ML ADE
2012 11 21 1217 140.848 -27.763 10.0 2.8 ML AUST
2012 11 22 0248 140.924 -27.782 10.0 2.9 ML AUST
2012 11 23 1704 137.813 -28.543 33.2 2.7 ML ADE
2012 11 23 1711 140.791 -27.813 10.0 2.7 ML AUST
2012 11 25 0653 140.721 -27.787 10.0 2.6 ML AUST
2012 11 25 1506 140.822 -27.969 10.0 2.7 ML AUST
2012 11 27 0401 140.482 -27.587 0.0 2.6 ML AUST
2012 11 27 0426 140.619 -27.820 0.0 2.5 ML AUST
2012 11 28 1637 140.460 -27.895 10.0 2.9 ML AUST
2012 11 28 1646 140.663 -27.867 10.0 2.8 ML AUST
2012 11 28 1709 140.704 -27.830 10.0 2.8 ML AUST
2012 11 29 0357 140.614 -27.830 0.0 2.7 ML AUST
2012 11 29 0732 140.671 -27.933 0.0 2.8 ML AUST
2012 11 29 0855 140.738 -27.885 10.0 2.9 ML AUST
2012 11 29 1521 140.789 -27.804 10.0 2.9 ML AUST
2012 11 29 1703 140.789 -27.804 10.0 2.8 ML AUST
2012 12 20 2330 138.727 -32.040 11.1 2.5 ML ADE
2012 12 25 0245 138.702 -32.532 2.2 2.5 ML ADE
2013 01 22 1422 138.749 -33.245 5.4 2.6 ML ADE
2013 02 02 0020 141.009 -27.873 33.1 2.6 ML ADE
2013 03 30 0055 137.533 -35.395 11.3 2.5 ML ADE
2013 04 22 2102 139.056 -33.256 7.6 2.9 ML ADE
2013 05 06 0355 139.183 -34.435 17.0 2.8 ML ADE
2013 06 03 1803 138.637 -31.289 23.5 2.7 ML ADE
2013 06 20 0354 136.816 -29.169 33.0 2.9 ML ADE
2013 06 27 1221 138.278 -33.464 18.5 2.6 ML ADE
2013 07 02 1110 138.135 -30.321 30.9 2.6 ML ADE
2013 07 11 0018 138.571 -31.939 17.3 2.9 ML ADE
2013 09 26 0510 137.867 -29.821 13.4 2.6 ML ADE
2013 10 04 0722 138.622 -31.439 14.0 2.7 ML ADE
2013 10 11 1138 137.161 -29.296 17.8 2.8 ML ADE
2013 10 18 0554 138.645 -30.230 18.8 2.8 ML ADE
2013 10 22 0716 137.550 -29.578 11.2 2.9 ML ADE
2013 10 22 2229 138.523 -33.571 15.8 2.9 ML ADE
2013 10 29 0706 138.578 -32.002 4.1 2.7 ML ADE
2013 11 12 0858 138.629 -31.406 17.9 2.5 ML ADE
2013 12 02 2114 139.135 -31.656 14.5 2.6 ML ADE
2013 12 11 2047 143.843 -29.569 10.0 2.9 ML AUST
2013 12 12 1724 139.775 -25.627 12.3 2.9 ML ADE
2014 01 01 0832 138.813 -31.914 10.0 2.5 ML ADE
2014 01 05 2155 138.611 -34.988 9.7 2.6 ML ADE
2014 01 13 2221 137.304 -35.703 13.1 2.5 ML ADE
2014 01 17 1609 135.277 -27.537 15.8 2.9 ML ADE
2014 01 23 0446 136.451 -28.939 9.5 2.7 ML ADE
2014 01 30 1802 136.749 -29.218 6.6 2.9 ML ADE
2014 02 01 2232 138.539 -37.458 35.9 2.7 ML ADE
2014 03 05 0332 136.465 -33.813 3.6 2.6 ML ADE
2014 03 13 0835 141.146 -35.644 8.4 2.6 ML ADE
2014 03 20 1542 138.970 -28.226 7.0 2.6 ML ADE
2014 03 24 0850 138.231 -32.060 14.9 2.7 ML ADE
2014 04 29 0723 138.150 -31.390 14.7 2.5 ML ADE
2014 05 01 1029 135.891 -34.989 10.9 2.8 ML ADE
2014 05 22 1544 138.673 -32.020 16.9 2.6 ML ADE
2014 06 21 1051 138.310 -32.979 13.1 2.7 ML ADE
2014 07 07 0756 137.461 -36.076 10.0 2.7 ML AUST
2014 07 27 1139 142.025 -30.179 0.0 2.7 ML AUST
2014 07 31 0530 141.564 -31.201 10.0 2.7 ML AUST
2014 07 31 0530 141.735 -31.307 17.8 2.5 ML ADE
2014 08 01 0637 139.490 -33.090 7.9 2.5 ML ADE
2014 08 21 1448 136.479 -33.820 7.1 2.8 ML ADE
2014 09 01 0835 137.401 -25.887 10.0 2.8 ML ADE
2014 09 07 0117 141.822 -29.827 10.0 2.7 ML AUST
2014 09 13 0852 139.103 -33.766 15.1 2.6 ML ADE
2014 09 15 0639 138.510 -32.038 25.5 2.5 ML ADE
2014 09 18 1207 138.242 -32.884 16.6 2.8 ML ADE
2014 09 20 1352 136.668 -33.249 11.1 2.8 ML ADE
2014 11 13 2056 140.729 -26.978 20.5 2.6 ML ADE
2014 12 08 1321 136.439 -33.800 7.4 2.5 ML ADE
2014 12 20 2222 140.798 -26.957 27.8 2.7 ML ADE
2015 01 09 0732 138.265 -33.028 15.5 2.9 ML ADE
2015 01 09 1823 138.283 -33.104 18.7 2.8 ML ADE
2015 01 17 2130 138.670 -32.001 14.9 2.8 ML ADE
2015 02 20 0340 137.593 -29.550 25.6 2.6 ML ADE
2015 02 27 0623 139.006 -27.884 37.9 2.5 ML ADE
2015 03 08 2341 137.475 -25.884 24.5 2.9 ML ADE
2015 03 26 0328 136.625 -33.351 10.6 2.5 ML ADE
2015 04 11 1522 138.542 -33.352 11.8 2.7 ML ADE
2015 04 19 0807 136.590 -33.763 4.4 2.5 ML ADE
2015 04 22 0110 138.600 -31.698 20.3 2.5 ML ADE
2015 06 03 1224 135.682 -33.457 11.2 2.5 ML ADE
2015 06 16 0411 138.658 -31.426 14.7 2.9 ML ADE
2015 06 21 1846 138.661 -31.977 13.5 2.5 ML ADE
2015 06 23 1105 138.637 -33.191 4.1 2.5 ML ADE
2015 06 25 0628 138.580 -32.851 5.3 2.9 ML ADE
2015 06 29 0932 136.883 -30.361 2.9 2.6 ML ADE
2015 07 07 2326 139.304 -33.717 8.9 2.5 ML ADE
2015 07 13 0512 138.630 -32.049 21.6 2.6 ML ADE
2015 07 23 0027 138.905 -31.342 20.8 2.5 ML ADE
2015 07 30 2300 136.612 -34.597 10.1 2.6 ML ADE
2015 08 25 0945 137.921 -28.481 26.3 2.5 ML ADE
2015 09 04 0123 135.114 -27.597 11.2 2.9 ML ADE
2015 09 04 1524 138.174 -32.345 16.6 2.8 ML ADE
2015 09 07 0017 138.490 -32.438 21.9 2.5 ML ADE
2015 09 07 1627 138.971 -33.667 8.8 2.5 ML ADE
2015 09 08 1307 137.973 -32.500 9.4 2.5 ML ADE
2015 10 25 1229 138.258 -32.652 12.8 2.5 ML ADE
2015 11 25 1300 138.689 -31.328 22.2 2.6 ML ADE
2015 11 26 0755 138.656 -30.807 6.0 2.8 ML AUST
2015 11 26 0800 138.701 -30.786 10.0 2.8 ML AUST
2015 12 03 1608 139.006 -29.983 12.6 2.5 ML ADE
2016 01 19 0706 142.683 -27.941 9.0 2.7 ML AUST
2016 02 29 1812 136.662 -28.270 10.0 2.7 ML AUST
2016 04 05 1308 138.552 -33.551 nan 2.5 ML ADE
2016 04 22 1551 135.817 -28.206 nan 2.6 ML ADE
2016 05 15 0741 138.655 -31.801 14.0 2.9 ML AUST
2016 05 16 1011 138.571 -31.821 10.0 2.5 ML AUST
2016 05 22 2111 136.289 -33.934 10.0 2.8 ML AUST
2016 05 24 0731 138.761 -31.814 10.0 2.9 ML AUST
2016 05 27 2011 138.272 -33.359 0.0 2.6 ML AUST
2016 06 04 1106 141.233 -30.082 12.0 2.7 ML AUST
2016 06 20 1050 136.343 -35.714 10.0 2.6 ML AUST
2016 07 10 0614 138.312 -33.204 nan 2.5 ML ADE
2016 07 11 0408 137.629 -29.931 nan 2.8 ML ADE
2016 07 13 1139 137.649 -29.901 nan 2.8 ML ADE
2016 08 28 1411 138.302 -31.294 10.0 2.5 ML ADE
