1960 12 24 1642 143.590 -38.880   0.0 4.61 MW ADE
1961 04 11 0035 146.470 -38.280  46.0 4.03 MW CAN
1961 06 01 0935 144.210 -38.670   0.0 4.05 MW ADE
1963 06 14 1923 146.425 -38.657   1.6 4.65 MW CAN
1964 11 14 1053 144.410 -39.970  33.0 4.32 MW ISC
1965 09 14 1253 144.300 -38.700  10.0 5.02 MW Underwood
1966 07 05 2226 144.964 -39.647  62.0 4.06 MW CAN
1969 06 20 1115 146.300 -38.470  19.0 4.93 MW BMR
1971 07 06 2154 145.048 -38.452  17.0 4.47 MW MEL
1973 02 17 0856 145.390 -38.810  10.0 3.81 MW BMR
1973 09 21 0256 146.790 -38.570  10.0 3.90 MW BMR
1974 06 01 0420 146.670 -39.180   0.0 3.49 MW CAN
1975 05 03 0909 144.000 -41.700   0.0 3.97 MW BMR
1975 06 15 1306 139.257 -37.406   7.7 3.50 MW ADE
1975 11 22 1931 140.060 -38.189  18.0 4.07 MW ISC
1976 02 22 1518 144.081 -38.640  11.6 3.42 MW MEL
1976 08 14 0347 139.158 -37.848  33.0 3.72 MW ISC
1977 12 04 0208 145.491 -39.503   3.6 3.45 MW MEL
1979 07 11 0005 144.592 -39.960  17.0 3.89 MW MEL
1979 09 10 1524 144.439 -39.745  17.2 3.65 MW MEL
1980 01 16 0249 145.483 -39.554  17.2 3.55 MW MEL
1980 12 05 0736 144.972 -37.692  12.8 2.91 MW MEL
1981 01 23 1436 145.893 -38.567   0.0 2.91 MW MEL
1981 06 16 2133 144.245 -38.899  17.2 4.70 MW MEL
1982 03 23 0728 145.750 -38.387   4.0 2.98 MW MEL
1982 04 01 0131 144.128 -40.678  10.6 3.79 MW MEL
1982 11 25 1842 139.919 -36.968  22.2 3.64 MW ADE
1983 08 31 1025 146.349 -38.517  17.0 3.19 MW MEL
1983 10 15 2050 145.046 -39.770  15.3 4.26 MW MEL
1984 07 10 2212 146.182 -38.449  17.2 2.98 MW MEL
1984 08 26 0723 142.389 -39.153  17.2 3.65 MW MEL
1984 10 20 0516 145.904 -38.970  16.7 4.22 MW MEL
1985 01 19 1502 145.957 -38.815  12.8 3.36 MW MEL
1985 05 29 1749 146.010 -38.334  13.3 3.33 MW MEL
1986 01 13 0634 145.614 -38.690  15.8 2.92 MW MEL
1986 12 20 1204 143.349 -39.212  13.9 3.57 MW MEL
1987 06 24 1853 144.220 -38.895  24.9 3.26 MW MEL
1988 02 19 1108 145.520 -38.213  14.0 2.91 MW MEL
1989 04 30 2352 146.308 -38.404   8.5 2.95 MW MEL
1989 11 08 0506 140.056 -37.547  13.2 3.77 MW ADE
1991 01 10 1107 139.211 -37.331   2.7 3.66 MW ADE
1991 03 28 2126 146.249 -38.525  20.6 3.51 MW MEL
1993 07 24 1333 146.485 -38.353  15.0 3.19 MW MEL
1994 02 01 0553 146.350 -38.536  17.1 3.72 MW MEL
1994 06 27 0152 145.962 -38.722  11.6 2.97 MW MEL
1995 02 01 1021 146.259 -38.462  10.1 3.07 MW MEL
1995 05 03 1748 146.283 -38.472  15.0 3.36 MW MEL
1995 12 18 1644 139.579 -37.613   8.5 3.59 MW ADE
1996 12 24 2228 145.534 -38.696  17.2 3.29 MW MEL
1997 01 20 1103 145.031 -38.379  19.3 3.59 MW MEL
1998 04 04 0955 146.124 -38.709  16.2 3.42 MW MEL
1998 09 15 1323 147.289 -38.371  20.6 3.51 MW MEL
1998 09 27 2232 144.741 -38.290  20.5 3.82 MW MEL
1999 02 06 0507 140.669 -38.354  36.1 3.51 MW ADE
1999 07 13 0820 145.837 -38.407   5.4 2.99 MW MEL
2000 08 03 1129 145.989 -38.752  16.2 3.24 MW MEL
2000 08 29 1205 146.246 -38.404  15.4 4.15 MW MEL
2000 10 30 1730 146.044 -38.567  15.5 3.20 MW MEL
2000 12 29 2339 144.482 -38.793  17.1 3.66 MW MEL
2001 07 04 0416 146.294 -38.420   6.0 3.51 MW MEL
2001 08 21 2313 145.472 -38.119  13.0 3.66 MW MEL
2001 09 08 0713 146.300 -38.500   0.0 2.92 MW MEL
2002 02 07 1248 143.866 -40.814  10.0 4.40 MW MEL
2002 05 04 2238 145.751 -38.708  13.9 2.97 MW MEL
2002 09 24 0742 146.066 -38.691   3.0 3.67 MW MEL
2003 04 06 2330 145.384 -38.563  11.0 2.98 MW MEL
2003 04 10 0711 145.928 -39.241  18.3 3.90 MW MEL
2003 04 22 0739 146.211 -38.558   4.2 3.41 MW MEL
2004 08 09 1427 143.595 -39.095  10.0 2.96 MW MEL
2005 04 20 2153 146.554 -38.517   7.4 3.59 MW MEL
2005 09 28 2137 146.027 -38.568   7.2 3.12 MW MEL
2005 12 22 1353 139.372 -37.708  26.7 3.51 MW ADE
2006 04 08 0034 142.258 -38.874   5.8 3.49 MW MEL
2006 07 13 0442 145.554 -37.925  11.3 2.93 MW AUST
2006 10 22 1236 145.025 -37.873  16.1 3.12 MW MEL
2006 10 22 1322 146.267 -38.524  18.2 3.04 MW MEL
2007 01 03 2227 146.259 -38.467  17.8 3.33 MW GG
2007 01 07 1357 143.427 -40.646  10.0 3.68 MW MEL
2007 02 18 1004 146.279 -38.633  10.3 3.36 MW GG
2007 03 08 0234 145.746 -37.903  10.6 3.66 MW MEL
2007 05 28 1809 145.566 -38.339  22.3 2.92 MW MEL
2007 09 16 1143 145.167 -38.359  10.0 2.92 MW MEL
2007 11 13 0659 140.110 -37.789  15.4 3.90 MW ADE
2007 12 12 0837 144.688 -40.370  10.0 3.58 MW MEL
2008 01 24 0321 144.627 -38.757  14.3 3.51 MW MEL
2008 06 24 0703 140.578 -38.058  29.1 3.59 MW MEL
2008 10 28 1224 144.281 -38.264   6.1 3.20 MW MEL
2009 02 05 0404 144.994 -39.024  10.0 3.59 MW MEL
2009 03 06 0955 145.852 -38.413   9.8 4.42 MW MEL
2010 03 30 0808 144.903 -38.089   9.0 3.34 MW MEL
2010 04 03 1749 146.022 -38.532  14.1 3.27 MW MEL
2010 08 06 0650 146.044 -38.555  14.9 3.19 MW MEL
2010 10 22 1632 146.268 -38.564  10.0 2.97 MW MEL
2012 01 02 1246 146.370 -38.562  14.4 2.97 MW MEL
2012 06 19 1053 146.290 -38.259  18.1 5.00 MW GG
2013 05 01 1641 144.487 -38.126  11.6 3.11 MW GG
2013 07 15 0419 144.335 -39.769  14.5 3.91 MW MEL
2013 12 08 0647 146.322 -38.596  14.8 3.48 MW GG
2014 05 20 1833 146.053 -38.426  13.3 3.05 MW SRC
2014 07 12 0344 146.060 -38.437  16.4 2.91 MW GG
2014 08 21 2152 144.448 -42.065  10.0 3.51 MW MEL
2014 10 17 0813 146.227 -38.219  10.6 3.43 MW SRC
2014 12 02 1634 145.846 -38.418   8.8 3.51 MW SRC
2014 12 03 1905 145.460 -38.067  18.4 3.57 MW SRC
2015 03 05 0135 146.193 -38.255   9.5 3.12 MW SRC
2015 03 10 1239 145.512 -38.035   9.5 3.13 MW SRC
2015 03 27 1327 140.750 -38.562  38.0 3.56 MW ADE
2015 04 28 1442 146.203 -38.248   8.6 2.91 MW SRC
2016 04 04 1942 146.034 -38.572  19.3 3.44 MW GG
2017 01 31 1940 146.274 -38.429  19.7 3.64 MW SRC
