1910 12 04 1100 140.000 -10.000 0.0 6.8 MW ABE
1960 01 02 0926 138.620 -11.910 0.0 5.4 MW BMR
1963 08 27 1915 128.600 -16.600 33.0 4.9 MW MGO
1968 06 13 0644 131.183 -20.973 33.0 4.3 MW USCGS
1972 05 05 1044 142.550 -12.920 0.0 3.8 MW UQ
1982 11 20 0200 127.090 -19.036 19.0 3.3 MW ISC
1984 02 08 2250 134.800 -11.400 15.0 3.2 MW AUST
1985 02 13 2121 130.680 -20.170 0.0 3.0 MW BMR
1985 09 10 1157 130.240 -18.050 33.0 4.9 MW ISC
1986 12 02 1713 132.549 -19.617 23.0 4.0 MW BMR
1987 01 13 0113 133.860 -19.810 0.0 nan MW BMR
1987 01 23 2140 128.560 -16.590 5.0 2.1 MW MGO
1987 03 17 0051 132.896 -19.878 9.0 3.2 MW BMR
1987 04 07 1536 134.383 -19.822 0.0 3.4 MW BMR
1987 06 11 0841 133.764 -19.598 5.0 2.7 MW BMR
1987 11 02 2111 137.170 -23.150 9.0 2.4 MW AUST
1988 01 06 0656 128.460 -17.040 5.0 2.5 MW MGO
1988 01 22 0418 133.569 -20.090 5.0 5.4 MW ISC
1988 01 22 1204 133.855 -19.896 5.0 6.6 MW EHB
1988 01 22 1331 133.800 -18.920 5.0 4.4 MW ISC
1988 01 22 1346 133.580 -20.280 5.0 4.7 MW ISC
1988 01 22 2141 133.730 -19.640 5.0 4.3 MW ISC
1988 01 24 0106 133.540 -19.920 5.0 3.9 MW ISC
1988 01 24 1538 133.960 -19.620 7.0 4.2 MW ISC
1988 01 25 1832 133.670 -19.260 5.0 3.4 MW ISC
1988 01 29 2036 134.152 -19.882 6.0 3.6 MW BMR
1988 03 10 1415 130.650 -14.630 10.0 4.0 MW ISC
1988 03 12 1359 128.829 -16.640 5.0 2.8 MW BMR
1988 06 23 1131 128.606 -16.814 10.0 3.9 MW ISC
1988 07 14 2236 128.783 -16.862 33.0 3.7 MW BMR
1988 08 25 2133 128.583 -16.694 10.0 3.0 MW ISC
1988 09 07 1341 133.970 -19.640 33.0 3.6 MW ISC
1988 11 02 1848 140.122 -15.114 10.0 3.3 MW BMR
1988 11 06 1633 139.756 -15.198 5.0 2.9 MW BMR
1989 01 02 0808 140.282 -15.033 10.0 3.1 MW ISC
1989 01 19 1508 128.590 -16.870 5.0 2.5 MW MGO
1989 08 14 0758 128.620 -16.560 5.0 2.2 MW MGO
1989 09 04 0811 128.784 -16.457 5.0 2.0 MW MGO
1989 09 13 2152 129.969 -21.517 5.0 3.3 MW BMR
1989 10 01 2109 133.905 -19.554 5.0 3.5 MW BMR
1989 10 04 0110 140.111 -15.248 10.0 3.0 MW BMR
1989 10 11 0704 134.470 -11.350 5.0 3.6 MW AUST
1989 11 11 0128 133.710 -19.450 0.0 3.8 MW ISC
1990 01 23 0331 134.031 -20.164 5.0 3.8 MW BMR
1990 03 17 0652 133.927 -19.540 9.0 3.8 MW ISC
1990 04 13 1722 136.920 -19.844 5.0 2.6 MW AUST
1990 04 25 0316 134.100 -19.540 2.0 3.2 MW AUST
1990 06 09 1342 143.269 -11.898 0.0 4.2 MW ISC
1990 08 07 0042 134.180 -19.760 5.0 3.3 MW AUST
1990 08 11 1646 134.400 -19.900 4.0 2.8 MW AUST
1990 08 27 0807 134.900 -19.850 5.0 3.0 MW AUST
1990 09 13 1456 133.650 -19.600 5.0 3.5 MW AUST
1990 10 31 0600 134.166 -20.061 2.0 4.2 MW AUST
1991 01 01 0303 133.757 -19.179 10.0 3.6 MW ISC
1991 02 13 2144 144.000 -17.000 8.0 2.0 MW QDM
1991 04 22 1635 134.300 -20.240 5.0 3.1 MW AUST
1991 05 06 0709 131.000 -13.910 5.0 2.8 MW AUST
1991 08 04 2328 134.223 -19.880 12.0 4.0 MW AUST
1991 08 18 1205 128.556 -16.693 10.0 2.8 MW ISC
1991 08 28 0104 128.600 -16.600 5.0 2.0 MW MGO
1992 06 25 2210 144.000 -17.000 0.0 1.6 MW UQ
1992 09 27 1434 144.000 -17.000 0.0 1.4 MW UQ
1992 10 01 1743 144.000 -17.000 0.0 1.5 MW UQ
1993 06 12 1718 134.082 -19.924 5.0 2.5 MW AUST
1993 06 29 1025 133.932 -19.799 5.0 2.9 MW AUST
1993 09 13 1207 144.000 -17.000 8.0 1.5 MW UQ
1993 10 01 1941 134.178 -19.885 4.0 2.8 MW AUST
1993 11 16 0314 134.049 -19.818 5.0 2.4 MW AUST
1993 11 25 1203 134.171 -19.878 5.0 2.5 MW AUST
1994 01 07 1312 128.547 -16.575 5.0 2.5 MW MGO
1994 01 31 0148 128.624 -16.567 5.0 2.2 MW MGO
1994 02 08 0408 133.945 -19.853 7.0 3.5 MW AUST
1994 02 11 0725 133.614 -19.780 5.0 3.1 MW ISC
1994 02 23 1913 133.840 -19.862 5.0 3.3 MW AUST
1994 03 20 2049 133.800 -19.800 5.0 2.8 MW AUST
1994 04 26 0408 128.632 -16.477 5.0 2.5 MW MGO
1994 05 08 0417 134.064 -19.901 5.0 2.8 MW AUST
1994 05 28 0150 133.916 -19.851 5.0 3.0 MW AUST
1994 06 23 0340 133.946 -19.863 5.0 3.6 MW AUST
1994 07 04 0910 141.530 -19.580 5.0 3.5 MW AGSO
1994 07 05 1907 141.589 -20.055 5.0 3.9 MW AGSO
1994 07 07 1351 134.142 -19.889 1.0 3.8 MW AGSO
1994 07 22 0049 133.799 -19.783 5.0 3.9 MW AGSO
1994 08 31 2048 133.321 -19.859 5.0 4.2 MW AGSO
1994 09 12 0449 133.452 -19.845 13.0 3.0 MW AGSO
1994 09 12 1203 136.427 -22.512 5.0 3.6 MW AGSO
1994 09 23 1406 134.185 -19.820 1.0 3.3 MW AGSO
1994 10 20 1010 133.921 -19.813 3.0 2.8 MW AGSO
1994 11 11 2000 134.165 -19.822 2.0 3.1 MW AGSO
1994 12 03 0855 133.831 -19.764 0.0 2.8 MW AGSO
1994 12 22 1024 134.041 -19.910 2.0 3.5 MW AGSO
1994 12 24 0818 139.311 -11.208 5.0 3.3 MW AGSO
1994 12 24 1628 133.997 -19.828 15.0 3.3 MW AGSO
1995 04 06 1932 133.949 -19.809 0.0 2.8 MW AGSO
1995 05 14 0206 134.020 -19.770 5.0 3.2 MW AGSO
1995 07 29 0424 134.011 -19.851 8.0 2.9 MW AGSO
1995 10 01 1139 134.483 -19.832 24.0 3.3 MW ISC
1995 11 20 0121 134.069 -19.772 10.0 2.6 MW AUST
1996 02 27 2215 134.340 -17.739 33.0 2.3 MW ISC
1996 03 25 0745 134.015 -19.734 2.0 4.0 MW AGSO
1996 04 28 2052 128.651 -16.663 18.0 2.8 MW MGO
1996 06 13 1552 142.488 -15.553 10.0 2.9 MW AGSO
1996 07 04 1241 134.200 -20.080 0.0 2.6 MW EIDC
1996 08 19 1149 134.105 -19.892 5.0 2.7 MW AGSO
1996 10 23 1823 128.650 -16.598 5.0 3.3 MW MGO
1996 12 21 1231 135.300 -10.630 386.0 4.0 MW EIDC
1997 06 13 2222 129.181 -17.001 5.0 2.6 MW MGO
1997 11 21 1528 133.904 -19.796 5.0 2.5 MW AUST
1997 11 23 0420 128.496 -16.798 33.0 2.7 MW ISC
1998 01 30 1654 143.180 -13.250 10.0 3.3 MW AGSO
1998 02 04 1436 133.960 -19.790 10.0 3.1 MW AGSO
1998 02 11 1417 134.050 -19.880 12.0 3.3 MW AGSO
1998 03 29 0350 139.168 -12.360 35.0 4.6 MW EHB
1998 04 12 1510 128.551 -16.924 5.0 2.7 MW MGO
1998 04 13 0433 134.060 -19.870 3.0 2.8 MW AGSO
1998 05 16 1555 139.324 -12.223 10.0 3.4 MW ISC
1998 06 18 1321 131.030 -12.210 0.0 3.3 MW EIDC
1998 06 25 0739 133.880 -19.820 1.0 3.8 MW AGSO
1998 07 15 0749 128.389 -16.981 0.0 2.2 MW AGSO
1998 08 03 1341 134.020 -19.900 2.0 3.3 MW AGSO
1998 09 27 0520 133.940 -19.820 7.0 3.5 MW AGSO
1999 04 02 0636 133.940 -19.830 0.0 2.9 MW AGSO
1999 04 11 2041 134.120 -19.890 6.0 2.8 MW AGSO
1999 04 15 0455 134.040 -19.790 6.0 4.8 MW AGSO
1999 05 10 1002 133.880 -20.003 2.4 4.3 MW EHB
1999 06 18 1004 133.800 -19.790 0.0 3.3 MW AGSO
1999 08 25 0958 134.100 -19.690 0.0 2.6 MW AGSO
2000 01 12 2124 133.336 -19.785 0.0 2.9 MW AGSO
2000 07 22 1328 132.520 -20.570 0.0 2.8 MW AUST
2000 08 08 2310 142.309 -10.647 4.0 4.3 MW ISC
2000 09 17 1448 133.902 -19.916 0.0 2.9 MW AGSO
2000 11 18 1837 134.123 -19.795 0.0 3.3 MW AGSO
2000 12 31 1721 133.382 -19.995 0.0 2.5 MW AGSO
2001 03 02 0855 134.050 -19.880 0.0 2.8 MW AGSO
2001 03 29 0008 132.810 -10.420 nan 2.6 MW AUST
2001 04 04 0519 133.788 -20.063 4.0 3.2 MW ISC
2001 04 12 0818 134.097 -19.878 13.0 3.0 MW AUST
2001 04 12 2012 134.010 -19.914 7.0 3.5 MW AUST
2001 04 16 0526 133.870 -19.820 18.0 3.0 MW AGSO
2001 04 18 0440 134.200 -19.840 7.0 3.5 MW AGSO
2001 05 16 0817 138.125 -23.058 8.0 2.5 MW AGSO
2001 08 04 1333 133.940 -19.820 4.0 2.4 MW AGSO
2002 06 22 0905 133.983 -19.818 12.0 2.4 MW AUST
2002 11 05 0912 135.239 -22.479 10.0 2.9 MW AUST
2003 05 28 2110 134.166 -19.882 3.0 2.5 MW AUST
2003 07 02 2059 132.939 -21.258 26.0 2.3 MW AUST
2004 04 23 2005 144.000 -16.900 0.0 2.0 MW SRC
2004 05 21 2153 133.974 -19.728 5.0 3.3 MW AUST
2004 05 24 2123 144.000 -16.900 0.0 1.7 MW SRC
2004 05 24 2155 134.063 -19.835 0.0 3.3 MW AUST
2004 06 23 1222 134.054 -19.740 3.7 3.1 MW AUST
2004 09 13 1627 133.997 -19.882 5.4 2.4 MW AUST
2004 09 26 1552 129.154 -16.683 13.0 2.5 MW AUST
2005 04 26 1129 134.001 -19.844 11.0 2.5 MW AUST
2005 09 14 0729 134.119 -19.915 10.1 2.1 MW AUST
2005 10 03 1352 133.990 -19.878 1.6 2.0 MW AUST
2005 10 04 0923 134.015 -19.722 11.0 3.0 MW AUST
2005 11 23 1750 143.960 -16.922 10.0 1.5 MW RC
2006 09 21 2201 144.032 -16.905 10.0 1.9 MW RC
2006 09 23 1612 143.476 -18.281 10.0 1.7 MW RC
2006 11 22 1322 134.035 -19.873 5.5 2.4 MW AUST
2007 10 29 1844 134.023 -19.609 9.0 2.9 MW AUST
2007 11 25 0837 143.890 -16.815 10.0 2.8 MW SRC
2008 06 19 1131 128.741 -16.482 0.0 2.0 MW AUST
2009 01 18 1413 134.110 -19.908 12.8 4.0 MW AUST
2009 10 09 1621 133.990 -19.737 0.0 2.3 MW AUST
2010 07 18 2145 134.091 -19.846 0.0 2.0 MW AUST
2010 08 25 0442 130.775 -14.499 10.0 2.2 MW AUST
