1965 01 25 2022 138.495 -31.928 0.0 4.6 ML ADE
1965 03 14 1247 138.540 -31.950 26.0 5.3 mb ISC
1965 06 04 1045 138.479 -32.000 3.7 4.2 ML ADE
1965 08 28 0026 138.297 -32.225 16.1 4.2 ML ADE
1971 01 06 2354 138.560 -33.459 11.9 4.3 ML ADE
1971 07 26 0750 138.756 -31.375 18.6 4.9 ML ADE
1971 10 18 1321 138.365 -31.310 10.7 3.8 ML ADE
1972 04 18 2220 138.619 -31.578 11.9 5.4 ML ADE
1974 11 09 0958 138.070 -32.437 9.3 3.7 ML ADE
1976 04 14 0736 138.596 -31.576 16.0 3.7 ML ADE
1977 04 16 1819 138.010 -32.433 0.0 3.8 ML ADE
1980 02 15 2351 138.259 -31.488 12.0 3.3 ML ADE
1980 11 13 0856 138.825 -33.739 18.4 4.1 ML ADE
1980 12 10 0624 138.702 -31.308 22.9 3.1 ML ADE
1981 04 08 1730 138.761 -31.724 20.4 3.2 ML ADE
1981 06 22 0617 138.569 -33.534 11.1 3.1 ML ADE
1981 07 15 0209 138.639 -31.366 23.6 3.7 ML ADE
1981 08 27 1919 138.125 -32.685 18.1 3.0 ML ADE
1981 08 27 1933 138.281 -32.760 14.9 3.0 ML ADE
1981 12 11 0517 137.963 -32.200 20.5 3.6 ML ADE
1982 07 15 0144 138.339 -31.048 17.7 3.8 ML ADE
1982 11 07 0337 138.618 -31.265 21.0 3.3 ML ADE
1983 07 29 1714 138.284 -33.039 15.6 3.1 ML ADE
1983 11 11 0232 138.669 -31.479 18.5 3.6 ML ADE
1985 07 01 0039 138.339 -31.981 10.6 3.3 ML ADE
1985 07 04 2111 138.751 -31.430 0.5 3.0 ML ADE
1986 01 04 0626 138.718 -31.542 6.0 3.4 ML ISC
1986 01 14 1411 138.600 -31.613 16.8 3.2 ML ADE
1986 05 08 0818 138.229 -32.724 15.2 3.2 ML ADE
1987 12 22 1202 138.073 -32.706 12.5 3.0 ML ADE
1988 01 07 0113 138.757 -33.701 21.6 3.0 ML ADE
1988 08 25 0139 138.592 -31.660 14.2 3.0 ML ADE
1988 10 24 1155 138.686 -31.474 15.9 3.2 ML ADE
1989 06 26 1118 138.546 -31.438 14.5 3.7 ML ADE
1990 06 13 2023 138.318 -33.160 14.6 3.0 ML ADE
1991 01 10 0407 138.185 -32.335 26.9 3.1 ML ADE
1991 11 29 0812 138.353 -31.519 9.1 3.3 ML ADE
1991 11 29 0945 138.359 -31.527 8.5 3.5 ML ADE
1992 06 11 1914 138.267 -33.167 5.0 3.1 ML ADE
1992 12 15 0135 138.347 -31.534 7.9 3.2 ML ADE
1993 05 10 0821 138.261 -32.865 18.1 3.1 ML ADE
1994 06 19 0224 138.363 -33.168 11.4 3.2 ML ADE
1996 03 23 1610 138.709 -31.335 9.0 3.0 ML ADE
1997 03 05 0615 138.979 -33.817 21.7 5.0 ML ADE
1997 03 05 0753 139.051 -33.815 21.1 3.0 ML ADE
1997 03 15 1507 139.077 -33.778 17.5 3.0 ML ADE
1997 07 21 1510 137.769 -32.725 14.0 3.5 ML ADE
1998 12 17 2354 138.371 -32.382 8.4 3.0 ML ADE
1999 01 22 1515 139.078 -33.795 20.7 3.4 ML ADE
1999 08 06 0033 138.325 -31.860 18.8 3.1 ML ADE
1999 08 06 0821 138.276 -32.836 16.9 3.0 ML ADE
1999 08 18 1101 138.464 -33.274 19.5 4.1 ML ADE
1999 09 02 0016 138.326 -32.313 12.7 3.2 ML ADE
1999 09 06 0837 138.400 -31.875 11.1 3.3 ML ADE
2001 04 12 0727 138.271 -33.210 15.9 3.2 ML ADE
2001 06 14 1205 138.130 -31.837 18.0 3.9 ML ADE
2001 11 22 1629 138.702 -31.453 19.5 3.3 ML ADE
2001 12 06 1731 138.448 -31.921 13.9 3.1 ML ADE
2002 10 03 1815 138.452 -31.935 13.8 3.2 ML ADE
2003 11 22 1836 138.729 -31.645 15.8 3.9 ML ADE
2004 07 30 2146 138.459 -31.122 8.3 3.0 ML ADE
2004 11 23 1335 138.105 -32.396 16.7 3.1 ML ADE
2006 02 09 0416 138.239 -32.856 13.2 3.7 ML ADE
2006 04 04 1006 138.754 -33.430 10.0 3.3 ML ADE
2006 07 07 2348 138.672 -31.391 20.2 4.0 ML ADE
2006 08 12 0220 138.061 -32.816 12.3 3.5 ML ADE
2007 07 08 2035 138.390 -33.071 15.1 3.0 ML ADE
2007 09 16 2318 138.581 -31.367 34.0 4.3 ML ADE
2007 10 30 1226 138.471 -33.373 12.3 3.2 ML ADE
2007 12 26 1536 138.363 -32.077 15.6 4.7 ML ADE
2008 01 18 0042 138.349 -32.057 15.0 3.2 ML ADE
2008 03 23 2000 138.248 -33.468 16.1 3.3 ML ADE
2008 05 12 1944 138.362 -32.866 12.6 3.1 ML ADE
2008 07 27 0734 138.290 -32.701 16.7 3.0 ML ADE
2008 11 16 0202 138.751 -31.478 16.6 4.2 ML ADE
2008 12 04 1635 138.414 -33.401 11.4 3.1 ML ADE
2008 12 28 1402 138.231 -32.696 11.9 3.0 ML ADE
2009 01 15 1015 138.399 -32.045 13.8 3.0 ML ADE
2009 02 18 0325 138.415 -32.163 21.0 3.1 ML ADE
2009 03 04 2320 138.170 -32.672 20.4 3.3 ML ADE
2009 03 05 2013 138.604 -31.482 11.9 3.2 ML ADE
2009 05 29 1220 138.258 -31.065 14.3 3.2 ML ADE
2009 05 29 1445 138.189 -31.070 9.9 3.5 ML ADE
2009 08 15 1954 138.765 -31.774 19.9 3.3 ML ADE
2009 11 26 1238 138.331 -33.571 9.7 3.1 ML ADE
2010 07 15 1826 138.694 -31.698 18.9 3.5 ML ADE
2010 07 30 2129 138.040 -32.110 10.0 4.0 mb ISC
2010 07 30 2129 138.149 -32.253 19.1 4.5 ML ADE
2010 07 31 0246 138.149 -32.253 19.1 3.0 ML ADE
2011 03 27 1130 138.511 -33.175 13.3 3.1 ML ADE
2011 05 04 1229 137.908 -32.287 11.4 3.7 ML ADE
2012 03 12 1206 138.278 -33.218 12.6 3.2 ML ADE
2012 06 04 0409 138.436 -33.334 13.4 3.0 ML ADE
2013 01 05 0022 138.539 -33.293 15.7 3.7 ML ADE
2013 06 14 1121 138.676 -31.750 19.5 3.2 ML ADE
2013 07 29 1132 138.619 -31.367 15.1 3.2 ML ADE
2013 11 22 1659 138.303 -31.092 15.5 3.0 ML ADE
2013 12 16 0207 138.553 -31.562 10.9 3.0 ML ADE
2014 01 17 0017 138.146 -33.299 14.2 3.3 ML ADE
2014 01 19 1813 138.306 -33.149 11.9 3.2 ML ADE
2014 03 31 0540 138.251 -32.745 12.5 3.2 ML ADE
2014 04 02 0323 139.000 -33.653 14.7 3.0 ML ADE
2014 04 13 1913 138.410 -31.830 6.9 3.2 ML ADE
2014 04 23 1301 138.437 -33.353 18.5 3.1 ML ADE
2014 06 12 2008 138.296 -32.492 16.2 3.0 ML ADE
2014 10 01 1409 138.388 -33.577 13.2 3.0 ML ADE
2015 04 17 0209 138.574 -31.883 15.7 3.0 ML ADE
2015 05 11 0340 138.159 -32.707 14.2 3.3 ML ADE
2015 07 27 0823 138.713 -31.647 20.2 3.3 ML ADE
2016 05 31 2346 139.232 -33.926 0.0 3.4 ML AUST
2016 07 22 1052 137.888 -32.157 nan 3.1 ML ADE
