1916 08 19 0000 139.850 -36.830 10.0 2.7 MW ADE
1961 05 15 1043 149.260 -34.780 0.0 2.8 MW CAN
1965 05 30 2110 149.200 -34.730 5.0 3.2 MW CAN
1966 04 29 1344 149.220 -34.650 5.0 2.8 MW CAN
1968 03 01 0647 148.800 -34.040 7.0 3.1 MW CAN
1968 07 04 2316 145.800 -18.800 10.0 2.4 MW BRS
1968 10 04 1309 148.220 -34.530 7.0 2.8 MW CAN
1968 12 31 0311 149.160 -34.240 2.0 3.0 MW CAN
1970 09 26 1132 147.930 -37.340 3.0 3.0 MW CAN
1970 10 10 0233 148.400 -36.180 5.0 2.1 MW CAN
1970 12 29 1507 148.670 -34.410 0.0 2.4 MW CAN
1971 02 02 0054 150.370 -33.800 0.0 3.2 MW CAN
1971 06 02 2235 148.300 -36.620 0.0 1.8 MW CAN
1971 06 19 1314 148.650 -36.300 8.0 1.7 MW CAN
1971 11 03 1622 148.330 -36.070 8.0 2.0 MW CAN
1971 12 22 0932 149.180 -34.790 7.0 3.4 MW CAN
1972 01 10 1626 148.731 -36.210 0.0 2.3 MW CAN
1972 02 22 2331 150.200 -34.490 0.0 2.3 MW CAN
1972 04 21 1716 147.800 -37.400 7.0 3.1 MW CAN
1972 08 13 1332 148.830 -34.020 0.0 2.6 MW CAN
1973 01 18 1841 149.980 -34.150 0.0 2.5 MW CAN
1973 03 09 0047 148.730 -32.320 0.0 3.5 MW CAN
1974 04 10 2316 151.180 -31.900 0.0 2.8 MW BMR
1974 05 06 0543 149.320 -34.720 0.0 1.7 MW CAN
1974 08 21 0505 146.600 -20.250 10.0 2.4 MW BRS
1974 09 20 2009 149.290 -31.670 0.0 3.5 MW BMR
1974 12 17 1011 150.830 -34.300 0.0 1.9 MW CAN
1975 06 15 0355 149.110 -34.680 7.0 2.1 MW CAN
1976 04 22 1557 149.230 -34.780 0.0 1.9 MW CAN
1976 08 23 1451 148.676 -36.084 5.0 2.4 MW CAN
1976 09 03 2223 148.940 -34.290 13.0 3.0 MW CAN
1976 09 13 1209 149.200 -34.780 0.0 1.9 MW CAN
1976 10 25 1748 149.100 -34.220 0.0 2.0 MW CAN
1977 03 01 1345 148.770 -34.760 14.0 3.2 MW CAN
1977 06 25 2344 144.270 -37.191 16.7 2.4 MW MEL
1978 01 20 2327 145.666 -36.804 14.9 2.1 MW MEL
1978 09 25 0625 147.970 -34.630 18.0 1.9 MW CAN
1978 11 28 0529 149.680 -33.970 0.0 2.3 MW CAN
1979 05 22 0459 150.900 -34.660 17.0 2.8 MW CAN
1980 01 17 0950 148.290 -35.600 19.0 2.3 MW CAN
1980 02 04 2334 148.380 -33.470 15.0 2.9 MW CAN
1980 02 16 2258 147.370 -36.910 31.0 2.2 MW CAN
1980 02 23 1817 147.840 -35.920 11.0 2.6 MW CAN
1980 03 10 0357 147.950 -34.470 15.0 2.6 MW CAN
1980 03 17 1803 144.843 -37.606 2.7 1.9 MW MEL
1980 04 03 0841 148.020 -35.420 0.0 2.4 MW CAN
1980 04 22 1913 149.390 -35.380 0.0 2.1 MW CAN
1980 04 25 0005 149.270 -34.610 3.0 2.4 MW CAN
1980 04 25 2035 149.250 -34.840 0.0 1.8 MW CAN
1980 04 30 1454 147.045 -37.331 10.0 2.1 MW MEL
1980 05 13 0426 147.990 -34.660 16.0 2.4 MW CAN
1980 05 16 0941 148.390 -33.380 15.0 3.3 MW CAN
1980 06 06 0501 148.663 -36.288 1.0 2.5 MW CAN
1980 06 28 1635 148.776 -36.274 6.0 2.4 MW CAN
1980 07 04 2012 153.300 -27.100 10.0 1.2 MW UQ
1980 07 13 0937 149.000 -34.430 0.0 2.1 MW CAN
1980 07 14 0518 148.230 -34.580 8.0 3.0 MW CAN
1980 07 18 1716 151.010 -34.460 15.0 2.6 MW CAN
1980 07 22 2136 148.980 -34.260 0.0 2.6 MW CAN
1980 08 12 0202 151.222 -26.995 0.0 1.8 MW GSQ
1980 09 03 2351 147.971 -37.470 0.0 2.6 MW MEL
1980 09 06 1209 149.300 -34.420 0.0 2.5 MW CAN
1980 09 14 0540 149.820 -35.100 0.0 2.5 MW CAN
1980 09 19 0606 145.419 -37.472 7.4 1.8 MW MEL
1980 12 15 0942 149.310 -33.750 18.0 2.5 MW CAN
1980 12 22 0506 151.550 -29.650 10.0 2.4 MW BRS
1980 12 23 2035 148.967 -36.069 2.0 2.4 MW CAN
1980 12 31 1436 145.039 -36.543 0.0 1.9 MW MEL
1981 01 03 1849 151.500 -25.987 7.0 2.6 MW GSQ
1981 01 07 0816 151.480 -29.650 0.0 2.7 MW BRS
1981 01 07 1714 145.949 -37.123 3.6 3.0 MW MEL
1981 01 09 2312 144.335 -36.963 6.7 2.2 MW MEL
1981 01 21 0708 147.800 -35.900 0.0 2.8 MW CAN
1981 01 22 0904 144.799 -37.106 2.5 1.7 MW MEL
1981 01 26 1810 151.550 -29.650 10.0 2.4 MW BRS
1981 01 29 0334 149.560 -34.820 0.0 2.1 MW CAN
1981 02 18 0900 149.950 -34.410 23.0 2.8 MW CAN
1981 02 24 2317 149.220 -34.590 5.0 2.1 MW CAN
1981 03 03 0113 149.110 -36.500 12.0 2.8 MW CAN
1981 03 05 0217 145.024 -36.436 0.1 1.9 MW MEL
1981 03 23 1143 154.100 -25.200 0.0 2.6 MW BRS
1981 05 09 1810 148.380 -36.157 1.0 2.6 MW CAN
1981 05 15 1028 149.250 -34.570 0.0 2.4 MW CAN
1981 06 20 1153 148.750 -34.300 0.0 2.6 MW CAN
1981 07 07 1427 149.220 -34.590 0.0 2.6 MW CAN
1981 07 24 1505 152.300 -27.100 10.0 1.5 MW UQ
1981 07 27 0622 150.670 -34.690 13.0 2.8 MW CAN
1981 09 04 2029 146.410 -37.145 0.0 1.8 MW MEL
1981 09 06 1634 143.359 -36.022 9.8 2.5 MW MEL
1981 09 06 1927 149.407 -30.777 0.0 3.8 MW BMR
1981 09 12 1849 147.780 -20.517 15.0 1.3 MW QDM
1981 09 19 1329 146.183 -37.264 0.5 1.9 MW MEL
1981 10 11 0203 146.504 -37.062 11.6 1.8 MW MEL
1981 10 21 2021 148.828 -19.577 5.1 2.5 MW GSQ
1981 10 24 1809 151.550 -29.650 10.0 1.4 MW UQ
1981 11 11 0638 147.797 -20.611 4.0 1.9 MW GSQ
1981 11 14 0040 148.386 -22.141 0.0 2.8 MW BRS
1981 11 22 2336 149.180 -34.620 3.0 2.4 MW CAN
1981 11 29 1405 151.550 -29.650 10.0 2.3 MW BRS
1981 12 07 0732 148.422 -36.043 2.0 2.4 MW CAN
1981 12 13 2155 146.271 -37.192 15.2 2.0 MW MEL
1981 12 21 0645 146.451 -37.264 15.6 2.6 MW MEL
1982 01 18 1420 149.790 -34.680 0.0 2.5 MW CAN
1982 02 13 0442 149.150 -34.740 0.0 2.4 MW CAN
1982 03 02 2216 148.450 -35.930 11.0 2.2 MW CAN
1982 03 06 2159 152.470 -30.390 0.0 2.7 MW BRS
1982 03 13 1615 149.340 -34.980 0.0 2.1 MW CAN
1982 03 26 1236 149.500 -34.760 10.0 1.9 MW CAN
1982 03 29 1552 150.270 -34.600 2.0 2.2 MW CAN
1982 04 16 1814 149.220 -36.350 20.0 2.4 MW CAN
1982 04 30 1611 150.810 -35.840 25.0 2.8 MW CAN
1982 05 02 0956 148.250 -34.110 16.0 3.1 MW CAN
1982 05 12 0805 148.670 -34.310 0.0 2.3 MW CAN
1982 05 17 0536 143.846 -37.023 2.9 1.7 MW MEL
1982 06 04 1738 151.800 -29.700 10.0 2.3 MW BRS
1982 09 14 0708 148.340 -35.200 0.0 2.3 MW CAN
1982 09 19 2352 150.410 -34.260 19.0 2.8 MW CAN
1982 09 23 0658 148.310 -35.240 0.0 2.4 MW CAN
1982 09 25 1611 147.210 -33.950 12.0 3.3 MW CAN
1982 09 29 1541 144.241 -36.082 11.9 2.3 MW MEL
1982 11 04 1837 148.900 -34.280 19.0 2.9 MW CAN
1982 11 05 0133 148.963 -34.901 6.5 3.1 MW MEL
1982 11 13 0822 151.446 -26.022 1.0 2.6 MW BRS
1982 11 19 2250 149.480 -34.940 12.0 1.9 MW CAN
1982 11 25 0907 151.800 -29.700 10.0 2.0 MW BRS
1982 11 25 2345 148.850 -34.310 8.0 2.6 MW CAN
1982 12 22 2102 146.363 -37.047 14.1 2.8 MW MEL
1982 12 24 2004 148.073 -36.996 2.6 2.0 MW MEL
1983 01 11 2132 150.320 -36.160 19.0 2.9 MW CAN
1983 01 28 1026 144.026 -34.949 8.7 2.8 MW MEL
1983 01 28 2232 146.190 -34.720 34.0 3.2 MW CAN
1983 02 06 0717 148.730 -36.310 17.0 2.3 MW CAN
1983 02 06 2313 151.330 -31.080 25.0 4.2 MW CAN
1983 02 26 0120 148.810 -36.290 14.0 2.3 MW CAN
1983 03 05 0919 148.220 -35.570 4.0 2.1 MW CAN
1983 03 18 1433 148.790 -36.290 9.0 2.1 MW CAN
1983 03 19 0500 149.240 -32.880 0.0 3.9 MW CAN
1983 03 22 1339 150.400 -34.350 19.0 3.5 MW CAN
1983 03 23 2114 142.230 -37.533 14.2 3.2 MW MEL
1983 04 07 1943 147.850 -34.950 0.0 2.6 MW CAN
1983 04 11 2348 149.250 -34.360 0.0 2.3 MW CAN
1983 04 14 1214 148.810 -34.520 10.0 2.7 MW CAN
1983 04 14 1516 150.600 -33.460 29.0 3.1 MW CAN
1983 04 29 0755 149.190 -34.740 17.0 3.0 MW CAN
1983 05 08 0510 144.072 -36.978 9.0 2.8 MW MEL
1983 05 10 0923 146.000 -34.650 0.0 3.2 MW CAN
1983 05 16 1502 147.040 -37.264 9.1 1.8 MW MEL
1983 05 30 1939 144.283 -36.032 11.1 2.1 MW MEL
1983 06 17 0025 148.350 -36.100 13.0 2.5 MW CAN
1983 06 17 0542 146.259 -37.097 9.9 1.9 MW MEL
1983 06 27 2320 151.827 -26.112 5.0 2.3 MW BRS
1983 07 14 1642 152.671 -24.990 15.0 2.1 MW BRS
1983 07 31 0250 152.473 -26.287 9.0 2.0 MW GSQ
1983 08 06 0139 145.890 -37.161 11.7 1.7 MW MEL
1983 08 13 2126 148.690 -34.300 0.0 2.4 MW CAN
1983 08 17 1230 143.199 -36.137 4.4 2.4 MW MEL
1983 09 05 1354 149.170 -34.750 0.0 2.5 MW CAN
1983 10 05 1313 153.292 -26.967 10.9 2.1 MW GSQ
1983 10 07 1526 149.260 -35.140 13.0 2.2 MW CAN
1983 10 25 1658 144.568 -36.975 6.2 2.1 MW MEL
1983 10 30 0442 144.334 -35.709 7.0 2.1 MW MEL
1983 11 01 0050 150.450 -33.900 0.0 3.2 MW CAN
1983 11 06 1727 148.411 -19.649 7.0 2.1 MW GSQ
1983 11 28 0455 149.400 -32.830 10.0 2.8 MW CAN
1983 12 16 2146 148.300 -36.100 11.0 2.8 MW CAN
1984 01 14 1102 149.330 -34.900 0.0 2.6 MW CAN
1984 01 16 0628 148.730 -36.270 0.0 2.1 MW CAN
1984 01 18 0914 150.439 -25.880 0.0 2.8 MW GSQ
1984 02 06 0700 148.400 -36.300 0.0 2.1 MW CAN
1984 02 06 1443 147.436 -35.386 2.6 3.5 MW MEL
1984 02 27 1404 148.670 -36.320 18.0 2.6 MW CAN
1984 03 04 0711 151.812 -26.931 9.9 2.5 MW BRS
1984 03 12 2255 149.210 -34.580 nan 1.9 MW CAN
1984 04 12 1234 149.250 -35.140 0.0 2.6 MW CAN
1984 04 14 1752 150.990 -34.030 17.0 2.6 MW CAN
1984 05 31 1242 147.630 -34.200 22.0 2.7 MW CAN
1984 06 22 1328 146.900 -34.370 0.0 2.6 MW CAN
1984 07 16 1557 148.640 -36.230 0.0 2.1 MW CAN
1984 07 20 2118 149.330 -34.600 0.0 2.8 MW CAN
1984 07 26 0805 149.360 -34.830 0.0 2.6 MW CAN
1984 07 28 1225 150.310 -34.070 20.0 2.8 MW CAN
1984 08 08 1219 150.200 -35.040 37.0 2.7 MW CAN
1984 09 08 0632 148.630 -36.370 nan 2.1 MW CAN
1984 09 14 0743 148.880 -34.660 nan 2.3 MW CAN
1984 09 18 2352 148.650 -36.260 23.0 2.2 MW CAN
1984 10 28 1751 149.140 -34.180 12.0 2.4 MW CAN
1984 11 04 0338 148.780 -36.290 14.0 2.2 MW CAN
1984 11 04 0950 149.500 -31.800 nan 3.0 MW CAN
1984 11 23 1932 147.860 -34.960 17.0 2.2 MW CAN
1985 01 26 1411 148.700 -35.160 18.0 2.1 MW CAN
1985 02 04 1647 148.720 -35.270 nan 1.9 MW CAN
1985 02 12 1829 149.200 -34.800 0.0 2.3 MW CAN
1985 03 08 1220 151.584 -26.284 0.0 1.9 MW BRS
1985 03 23 2314 148.550 -35.730 12.0 2.5 MW CAN
1985 04 03 0954 150.260 -34.690 nan 2.1 MW CAN
1985 04 23 1809 149.750 -34.650 nan 2.0 MW CAN
1985 05 25 0517 148.020 -33.410 0.0 2.4 MW CAN
1985 06 17 0813 146.648 -36.519 3.5 2.1 MW MEL
1985 06 24 0342 148.360 -35.230 0.0 2.1 MW CAN
1985 07 10 0720 149.250 -34.790 2.0 2.6 MW CAN
1985 07 12 2314 148.480 -35.740 0.0 1.9 MW CAN
1985 07 27 0720 143.745 -36.159 23.5 1.9 MW MEL
1985 07 27 1643 148.483 -19.281 5.0 3.5 MW QDM
1985 07 27 1643 148.483 -19.281 5.0 3.5 MW GSQ
1985 08 02 0323 149.130 -34.180 18.0 2.1 MW CAN
1985 08 05 0706 153.809 -25.854 5.6 2.8 MW GSQ
1985 08 17 1303 150.350 -36.450 0.0 2.7 MW CAN
1985 08 19 1226 146.093 -36.558 6.7 2.1 MW MEL
1985 09 18 0118 149.670 -34.150 50.0 1.9 MW CAN
1985 10 01 0353 144.210 -35.970 8.2 1.9 MW MEL
1985 11 10 1143 148.510 -20.021 13.4 1.9 MW GSQ
1985 12 02 0427 148.870 -33.940 0.0 1.7 MW CAN
1985 12 19 1015 143.772 -36.140 3.6 1.9 MW MEL
1986 01 02 1116 149.510 -34.750 14.0 1.9 MW CAN
1986 01 07 2025 147.360 -36.650 nan 2.4 MW CAN
1986 02 18 0524 151.418 -28.686 0.0 2.2 MW GSQ
1986 03 12 0522 148.620 -36.420 12.0 2.2 MW CAN
1986 04 10 0902 153.401 -23.956 4.3 3.0 MW GSQ
1986 04 23 0946 148.180 -34.900 3.0 2.7 MW CAN
1986 07 05 1910 148.530 -36.710 5.0 2.5 MW CAN
1986 07 13 1551 147.990 -36.310 0.0 1.7 MW CAN
1986 08 31 1518 147.230 -34.180 0.0 2.5 MW CAN
1986 11 16 2103 152.555 -27.070 9.0 1.3 MW QDM
1986 12 04 1603 148.660 -36.420 7.0 2.5 MW CAN
1986 12 12 0034 148.960 -35.030 0.0 2.1 MW CAN
1987 02 05 1618 146.570 -36.802 2.9 1.7 MW MEL
1987 03 22 1609 149.180 -34.660 0.0 2.0 MW CAN
1987 04 04 0320 149.051 -35.619 9.0 2.6 MW BMR
1987 05 11 1812 147.104 -37.155 13.2 2.1 MW MEL
1987 06 23 1415 149.890 -34.740 0.0 1.8 MW CAN
1987 06 24 2124 146.749 -21.037 10.4 1.8 MW GSQ
1987 08 19 1821 147.264 -20.493 4.0 1.7 MW QDM
1987 09 09 1351 144.410 -35.806 2.0 2.1 MW MEL
1987 09 26 1616 150.270 -33.370 20.0 2.4 MW CAN
1987 09 28 1818 149.080 -34.870 1.0 1.9 MW CAN
1987 10 28 0311 151.296 -25.721 0.0 2.5 MW GSQ
1987 11 04 1627 150.550 -34.630 1.0 1.9 MW CAN
1987 11 10 1147 150.978 -29.739 10.0 2.8 MW GSQ
1987 12 22 0030 148.900 -34.340 nan 2.3 MW CAN
1988 02 21 1931 149.220 -34.640 1.0 2.2 MW CAN
1988 04 05 0211 147.820 -35.680 0.0 2.1 MW CAN
1988 04 07 2257 145.925 -37.036 13.4 3.1 MW MEL
1988 04 18 1528 150.380 -34.670 nan 2.0 MW CAN
1988 04 20 0719 147.770 -34.760 20.0 2.8 MW CAN
1988 04 30 0024 151.444 -26.112 0.0 1.8 MW BRS
1988 05 20 1326 145.078 -36.608 6.0 2.5 MW MEL
1988 07 01 1129 149.741 -35.763 10.0 1.8 MW BMR
1988 08 14 1028 150.216 -33.456 0.0 2.5 MW CAN
1988 10 28 1246 143.633 -36.057 8.5 2.3 MW MEL
1988 11 03 1315 146.287 -37.226 5.7 2.1 MW MEL
1988 11 06 0035 144.424 -35.793 13.0 3.1 MW MEL
1988 12 20 1144 149.207 -33.613 14.0 3.0 MW BMR
1988 12 25 1353 149.262 -34.703 1.0 2.2 MW BMR
1989 01 17 0216 149.172 -34.771 4.0 2.2 MW BMR
1989 03 20 2304 143.906 -35.302 10.0 2.2 MW MEL
1989 04 04 1223 151.372 -24.979 10.0 2.3 MW GSQ
1989 05 23 1336 144.326 -35.633 3.6 2.1 MW MEL
1989 07 02 1351 147.950 -34.500 5.0 2.7 MW CAN
1989 07 12 0133 147.151 -36.976 3.7 2.4 MW MEL
1989 07 12 0958 152.323 -27.614 8.0 1.1 MW QDM
1989 08 24 0004 150.752 -34.216 5.0 2.8 MW BMR
1989 09 19 1544 144.062 -36.915 1.8 1.7 MW MEL
1989 10 12 0641 144.823 -36.320 3.4 1.8 MW MEL
1989 11 08 2009 152.511 -27.163 6.0 1.4 MW QDM
1989 11 13 0532 145.497 -37.441 4.2 1.8 MW MEL
1989 11 15 0836 144.921 -36.821 5.9 2.5 MW MEL
1989 11 19 1200 148.763 -19.358 10.3 3.0 MW GSQ
1989 12 06 0001 143.798 -37.007 8.5 1.7 MW MEL
1989 12 11 2313 143.524 -37.029 9.0 1.9 MW MEL
1989 12 26 0138 151.133 -25.277 9.4 2.7 MW GSQ
1989 12 30 0252 148.520 -35.970 0.0 2.5 MW CAN
1990 01 10 2129 146.358 -37.126 10.2 2.0 MW MEL
1990 03 07 0659 144.728 -36.703 10.8 2.5 MW MEL
1990 03 29 0728 147.512 -35.365 10.0 2.0 MW MEL
1990 04 01 1023 145.538 -37.276 3.6 2.1 MW MEL
1990 04 13 1451 145.527 -37.252 0.0 2.1 MW MEL
1990 04 29 0301 144.403 -35.676 3.7 2.5 MW MEL
1990 05 07 2026 152.815 -27.557 18.0 1.3 MW QDM
1990 05 19 1519 142.599 -37.533 18.7 2.4 MW MEL
1990 05 23 0541 151.492 -25.382 10.0 1.4 MW QDM
1990 06 07 1009 143.283 -36.203 16.2 2.3 MW MEL
1990 06 11 1238 143.774 -36.681 3.6 2.1 MW MEL
1990 09 11 0805 144.490 -35.748 3.6 1.9 MW MEL
1990 09 13 1749 148.780 -34.060 5.0 3.1 MW AUST
1990 11 13 1251 144.324 -36.956 7.3 2.2 MW MEL
1990 12 27 0847 147.746 -20.541 8.0 2.4 MW GSQ
1991 01 10 1107 139.211 -37.331 2.7 3.5 MW ADE
1991 01 19 0118 145.508 -37.140 0.0 2.1 MW MEL
1991 03 24 0731 145.500 -37.260 3.7 1.7 MW MEL
1991 05 03 0003 147.233 -20.488 0.0 1.5 MW QDM
1991 05 09 2016 145.544 -37.266 3.6 2.0 MW MEL
1991 05 14 1858 147.841 -37.344 3.6 2.2 MW MEL
1991 06 07 1522 145.911 -36.883 1.4 2.0 MW MEL
1991 06 21 2237 152.878 -27.503 7.0 1.4 MW QDM
1991 07 15 1807 151.409 -25.558 8.0 1.5 MW QDM
1991 08 22 1816 146.789 -35.819 4.0 2.0 MW MEL
1991 09 10 1924 149.248 -34.894 3.6 2.6 MW MEL
1991 11 21 0104 151.316 -24.780 0.0 1.8 MW GSQ
1991 11 22 0711 146.144 -36.618 10.1 3.2 MW MEL
1991 11 22 1739 151.698 -26.127 3.0 3.0 MW GSQ
1991 11 28 1111 149.245 -34.770 16.1 2.8 MW MEL
1992 01 21 1100 148.584 -33.071 3.9 3.0 MW MEL
1992 06 15 1144 147.476 -35.674 13.1 2.1 MW MEL
1992 07 02 0332 151.084 -32.585 0.0 2.8 MW MEL
1992 08 19 0146 151.124 -32.526 0.0 2.8 MW MEL
1992 08 20 0513 150.054 -34.814 0.0 2.4 MW MEL
1992 10 04 0438 149.160 -34.170 4.9 2.6 MW MEL
1992 10 06 0716 145.495 -37.106 1.4 2.1 MW MEL
1992 10 08 0212 151.196 -32.608 0.0 3.2 MW MEL
1992 11 05 0632 151.129 -32.392 0.0 2.8 MW MEL
1992 11 09 1530 141.012 -37.183 4.6 3.0 MW ADE
1992 11 27 0139 150.719 -32.259 0.0 3.0 MW MEL
1992 12 10 0545 151.062 -32.550 0.0 2.8 MW MEL
1992 12 21 0120 151.106 -32.395 0.0 2.9 MW MEL
1993 02 17 0204 151.023 -32.547 0.0 3.0 MW MEL
1993 03 19 0700 149.630 -32.282 0.0 2.9 MW MEL
1993 04 19 0515 147.083 -36.074 10.0 2.1 MW MEL
1993 04 23 0151 150.998 -32.483 0.0 2.9 MW MEL
1993 04 28 0116 151.098 -32.428 0.0 2.9 MW MEL
1993 05 21 2142 144.505 -35.813 8.5 2.1 MW MEL
1993 05 29 0716 149.033 -35.009 3.7 2.2 MW MEL
1993 06 02 0513 149.982 -34.788 0.0 2.2 MW MEL
1993 06 08 1730 150.806 -34.332 0.0 2.1 MW MEL
1993 06 12 2111 148.682 -34.260 2.0 2.8 MW MEL
1993 09 14 0425 150.990 -32.567 0.0 2.8 MW MEL
1993 09 27 0937 149.164 -34.755 3.6 2.7 MW MEL
1993 10 10 1606 149.174 -34.505 18.7 2.6 MW MEL
1993 10 15 2151 151.475 -25.193 6.8 2.6 MW BRS
1993 10 20 0047 150.764 -32.280 0.0 3.0 MW MEL
1993 11 01 0414 149.996 -34.832 0.0 2.4 MW MEL
1993 11 03 2357 150.961 -32.363 0.0 2.8 MW MEL
1993 11 21 1001 146.281 -37.202 3.7 1.8 MW MEL
1993 12 16 1605 151.071 -25.710 9.1 2.1 MW BRS
1993 12 18 0106 150.034 -33.442 0.0 2.2 MW MEL
1994 01 12 0138 150.441 -34.659 0.6 1.7 MW MEL
1994 02 01 1631 151.246 -25.946 0.0 2.6 MW BRS
1994 02 16 0047 150.839 -32.282 0.0 2.7 MW MEL
1994 03 11 0014 150.828 -32.312 0.0 2.8 MW MEL
1994 03 17 0119 151.027 -32.455 0.0 3.0 MW MEL
1994 05 18 0543 144.551 -35.791 3.2 2.6 MW MEL
1994 05 20 0327 150.871 -32.270 0.0 3.1 MW MEL
1994 05 23 0426 150.603 -34.253 0.0 2.1 MW MEL
1994 06 06 0619 150.043 -33.344 0.0 2.4 MW MEL
1994 06 06 0802 150.527 -33.784 20.3 2.4 MW MEL
1994 06 14 2312 150.480 -34.644 0.0 1.7 MW MEL
1994 06 29 1903 148.134 -36.413 8.6 2.1 MW MEL
1994 07 16 0207 143.327 -36.049 14.0 2.1 MW MEL
1994 08 05 0405 149.532 -32.317 0.0 2.8 MW MEL
1994 08 18 2248 149.248 -34.468 2.9 2.1 MW MEL
1994 08 29 0119 150.987 -32.413 0.0 2.6 MW MEL
1994 09 15 0523 143.362 -36.135 8.5 1.9 MW MEL
1994 09 25 1356 147.398 -35.417 3.6 2.4 MW MEL
1994 11 06 2015 145.715 -36.070 8.9 2.0 MW MEL
1995 01 03 0036 151.204 -25.719 10.0 1.5 MW UQ
1995 01 03 1351 150.484 -34.534 7.0 2.9 MW MEL
1995 01 11 0121 151.113 -32.472 0.0 2.9 MW MEL
1995 02 09 2100 151.753 -23.972 10.0 1.9 MW BRS
1995 03 14 1007 150.237 -34.277 15.7 1.9 MW MEL
1995 03 16 2015 144.075 -36.897 1.5 2.3 MW MEL
1995 03 25 1802 152.114 -27.307 10.0 1.5 MW UQ
1995 04 08 0325 150.656 -33.766 0.0 2.0 MW MEL
1995 05 01 1058 150.465 -33.474 15.1 2.3 MW MEL
1995 05 03 1856 149.472 -35.218 1.0 1.7 MW AUST
1995 05 19 0735 151.290 -29.314 2.1 2.1 MW MEL
1995 05 25 0123 145.674 -36.646 4.4 2.1 MW MEL
1995 06 02 0714 151.290 -29.297 0.8 2.2 MW MEL
1995 06 20 0826 145.891 -35.702 10.0 2.7 MW MEL
1995 07 14 0125 150.898 -32.248 0.0 2.9 MW MEL
1995 07 20 0416 150.967 -32.444 0.0 2.9 MW MEL
1995 07 29 1553 143.834 -35.960 10.0 2.4 MW MEL
1995 08 15 0302 147.121 -20.625 0.0 2.1 MW BRS
1995 09 12 0540 145.656 -36.573 3.8 2.4 MW MEL
1995 09 26 1539 150.391 -33.830 9.3 2.1 MW MEL
1995 10 14 0106 150.734 -34.437 0.0 1.7 MW MEL
1995 10 30 1718 147.426 -19.487 10.0 2.7 MW BRS
1995 11 16 0659 149.401 -34.820 3.0 2.2 MW MEL
1995 11 17 1243 144.571 -36.196 3.9 3.1 MW MEL
1996 02 15 2254 144.244 -36.144 0.2 2.8 MW MEL
1996 02 18 2227 151.444 -26.112 0.0 1.9 MW BRS
1996 02 29 1950 148.847 -33.935 18.8 2.6 MW MEL
1996 03 01 0100 149.773 -32.254 0.0 3.0 MW MEL
1996 03 04 0415 148.500 -21.630 0.0 3.7 MW EIDC
1996 03 05 0347 146.035 -37.422 8.5 2.2 MW MEL
1996 03 30 0203 149.935 -33.382 0.0 2.2 MW MEL
1996 04 04 0749 150.490 -34.028 0.0 1.8 MW MEL
1996 04 05 1715 148.246 -19.475 33.0 3.5 MW ISC
1996 04 10 2345 149.190 -35.180 3.3 2.3 MW MEL
1996 04 29 0222 145.639 -36.652 7.3 2.1 MW MEL
1996 06 11 2240 149.259 -34.682 8.5 2.4 MW MEL
1996 07 02 2332 150.075 -33.371 0.0 2.3 MW MEL
1996 07 10 0435 148.241 -36.448 1.7 2.5 MW MEL
1996 08 31 2141 144.546 -35.737 3.6 2.8 MW MEL
1996 09 02 0436 146.287 -36.835 9.7 2.4 MW MEL
1996 09 07 1105 141.742 -37.394 11.2 3.2 MW MEL
1996 09 09 0646 150.929 -32.284 0.0 3.2 MW MEL
1996 09 20 0056 148.857 -34.409 1.2 3.0 MW MEL
1996 09 29 1537 152.001 -25.784 10.0 2.4 MW BRS
1996 10 28 0125 144.482 -36.837 0.0 2.6 MW MEL
1996 11 17 1203 147.929 -37.378 16.1 2.8 MW MEL
1996 12 10 0921 149.277 -34.549 10.0 2.5 MW MEL
1996 12 18 1308 148.648 -35.589 0.9 2.6 MW MEL
1996 12 26 0719 147.502 -36.593 1.2 1.9 MW MEL
1996 12 30 1543 147.777 -35.087 10.0 2.5 MW MEL
1997 01 20 2335 150.211 -30.835 0.0 2.5 MW MEL
1997 02 14 0526 151.444 -26.112 0.0 1.7 MW BRS
1997 03 14 0657 150.030 -33.566 7.0 1.9 MW MEL
1997 03 15 0144 148.370 -22.584 0.0 3.1 MW BRS
1997 05 25 1925 143.367 -36.123 0.0 1.8 MW MEL
1997 05 28 0151 143.391 -36.111 9.3 2.1 MW MEL
1997 06 25 0348 148.120 -22.288 10.0 2.4 MW BRS
1997 07 07 0642 149.261 -34.942 0.0 2.6 MW MEL
1997 08 03 1929 147.833 -37.342 7.1 2.1 MW MEL
1997 08 21 0105 150.818 -33.793 0.0 2.1 MW MEL
1997 08 22 2319 146.066 -36.956 10.0 2.2 MW MEL
1997 09 06 1249 151.543 -25.091 10.0 2.3 MW BRS
1997 09 30 2039 147.500 -36.584 13.0 2.2 MW MEL
1997 10 05 2157 150.810 -28.881 10.0 2.7 MW BRS
1997 10 11 2106 151.444 -26.112 0.0 2.0 MW BRS
1997 10 22 1927 151.444 -26.112 0.0 2.1 MW BRS
1997 11 28 1509 147.694 -36.686 18.2 2.1 MW MEL
1998 01 20 0056 151.090 -32.366 0.0 2.7 MW MEL
1998 01 21 0135 151.097 -32.583 0.0 3.0 MW MEL
1998 02 03 1235 143.668 -36.274 10.0 1.7 MW MEL
1998 02 13 0349 148.027 -22.378 33.0 3.7 MW ISC
1998 02 13 2320 150.650 -25.707 3.6 4.0 MW GG
1998 02 26 0217 151.005 -29.735 0.0 2.4 MW MEL
1998 03 09 0423 148.460 -22.029 0.0 3.5 MW EIDC
1998 03 10 1850 147.275 -37.052 1.5 1.9 MW MEL
1998 03 28 0821 147.757 -36.696 15.3 2.8 MW MEL
1998 04 30 1931 148.072 -36.452 3.6 2.1 MW MEL
1998 05 16 1521 147.477 -36.976 16.7 2.4 MW MEL
1998 05 28 0042 147.671 -36.758 17.2 2.5 MW MEL
1998 06 19 2206 151.369 -32.303 7.0 2.7 MW MEL
1998 06 25 1201 150.517 -34.140 9.6 1.8 MW MEL
1998 07 09 2122 147.940 -36.073 17.2 2.1 MW MEL
1998 08 15 1950 151.365 -24.858 nan 1.7 MW RC
1998 10 15 1219 146.989 -20.499 27.2 1.8 MW RC
1998 10 16 1346 147.457 -34.751 15.6 3.7 MW MEL
1998 10 31 0351 150.424 -25.369 10.0 2.5 MW RC
1998 11 06 2247 147.089 -34.344 10.0 2.9 MW MEL
1998 12 29 2044 148.739 -35.583 10.0 2.4 MW MEL
1999 01 01 0309 140.019 -35.518 9.7 2.3 MW ADE
1999 03 06 0636 147.487 -37.239 10.0 2.4 MW MEL
1999 03 13 0134 151.075 -32.414 0.0 2.8 MW MEL
1999 03 14 0013 147.070 -34.009 12.2 3.9 MW MEL
1999 03 15 0315 151.400 -25.200 nan 3.1 MW SEQW
1999 03 23 0152 146.305 -37.284 4.3 2.4 MW MEL
1999 04 03 1745 147.368 -35.370 10.0 2.3 MW MEL
1999 04 24 2148 146.966 -20.159 0.0 2.9 MW AGSO
1999 04 25 1725 150.762 -35.857 4.3 3.0 MW MEL
1999 05 24 1427 152.265 -23.475 10.0 2.6 MW RC
1999 06 21 1359 149.176 -35.205 3.6 2.9 MW MEL
1999 07 08 1602 151.120 -30.500 0.0 2.4 MW AUST
1999 12 26 1250 146.937 -36.154 3.6 2.3 MW MEL
2000 02 27 1220 152.530 -27.030 10.0 1.5 MW SEQW
2000 03 15 2226 147.409 -35.710 10.2 2.4 MW MEL
2000 06 06 0250 151.040 -32.627 0.0 3.0 MW MEL
2000 06 08 0509 150.081 -34.776 0.0 2.1 MW MEL
2000 06 11 1906 150.167 -29.492 3.6 3.4 MW MEL
2000 06 19 1458 146.273 -37.300 8.5 2.1 MW MEL
2000 07 25 0829 151.313 -34.310 15.6 2.8 MW MEL
2000 08 17 0633 149.870 -33.066 10.0 2.2 MW MEL
2000 09 03 1022 152.790 -27.240 8.0 2.0 MW SEQW
2000 10 21 1655 150.453 -34.044 10.0 1.9 MW MEL
2000 12 04 0319 151.193 -32.433 10.0 2.9 MW MEL
2000 12 05 1324 143.905 -35.801 10.0 1.9 MW MEL
2000 12 07 0121 150.792 -32.214 10.0 3.0 MW MEL
2001 01 31 2019 146.568 -35.194 0.0 2.8 MW AGSO
2001 02 21 0552 151.042 -32.576 0.0 2.5 MW MEL
2001 03 10 1116 144.119 -36.998 0.0 1.7 MW MEL
2001 05 01 0521 151.012 -32.559 0.0 3.0 MW MEL
2001 05 02 0135 144.442 -37.174 17.8 3.1 MW MEL
2001 05 12 0325 149.020 -33.599 0.0 2.5 MW MEL
2001 05 16 0411 148.244 -22.286 10.0 3.4 MW ISC
2001 06 06 0352 143.894 -36.771 0.0 2.1 MW MEL
2001 06 10 0037 143.526 -36.880 10.0 2.2 MW MEL
2001 08 15 1432 151.670 -33.030 2.0 2.4 MW AUST
2001 09 01 1539 146.700 -37.400 10.0 2.6 MW MEL
2001 09 19 0313 144.986 -37.296 0.0 1.9 MW MEL
2001 10 11 2303 150.261 -32.475 0.0 2.8 MW MEL
2001 10 12 0005 152.883 -24.119 2.7 3.8 MW AUST
2001 10 24 1546 150.736 -32.196 0.0 3.0 MW MEL
2001 10 25 1856 148.297 -35.280 8.2 3.0 MW AUST
2001 11 05 0933 147.662 -36.742 15.3 2.6 MW AUST
2001 11 19 0733 145.864 -37.338 13.5 2.4 MW MEL
2001 12 16 1236 147.380 -33.740 7.0 2.5 MW AUST
2001 12 16 2038 147.155 -37.119 15.0 3.4 MW AUST
2001 12 21 0055 151.222 -32.643 0.0 2.8 MW MEL
2001 12 27 1523 149.345 -35.163 3.0 2.4 MW MEL
2002 01 19 0228 148.970 -33.479 0.0 2.5 MW MEL
2002 01 23 0900 149.278 -35.174 0.0 2.8 MW AUST
2002 01 25 0105 151.081 -32.611 0.0 3.1 MW MEL
2002 02 13 0504 150.068 -30.768 0.0 2.5 MW MEL
2002 02 22 1829 149.244 -35.493 0.0 2.7 MW AUST
2002 03 15 2305 145.730 -36.667 10.0 2.2 MW MEL
2002 04 18 0051 149.301 -35.167 0.0 2.2 MW AUST
2002 05 02 0307 148.749 -35.216 10.0 1.8 MW MEL
2002 05 31 0436 149.027 -35.085 0.0 2.4 MW AUST
2002 06 16 1933 144.106 -36.002 11.3 1.8 MW MEL
2002 06 19 2034 153.120 -24.830 5.0 3.4 MW SEQW
2002 07 02 0418 149.837 -35.087 10.0 2.3 MW MEL
2002 08 10 1519 149.268 -35.195 3.0 1.9 MW AUST
2002 08 19 1112 149.159 -34.571 10.0 2.8 MW MEL
2002 09 15 1859 148.040 -36.990 nan 2.6 MW MEL
2002 10 03 2146 144.476 -37.326 1.0 1.9 MW MEL
2002 10 24 0529 147.828 -37.344 10.9 2.8 MW MEL
2002 11 04 0012 150.855 -32.472 0.0 2.8 MW MEL
2002 11 08 0510 151.180 -28.390 1.0 2.7 MW SEQW
2002 11 29 0123 150.824 -33.814 0.0 2.1 MW MEL
2002 12 26 0554 145.494 -37.106 2.3 2.6 MW MEL
2003 01 08 1641 152.562 -24.886 1.0 2.9 MW RC
2003 01 08 2131 150.464 -32.486 10.0 3.2 MW MEL
2003 01 13 0211 149.083 -33.363 0.0 2.4 MW MEL
2003 01 13 0530 150.466 -32.518 0.0 3.2 MW MEL
2003 03 07 0001 151.256 -25.863 5.0 1.5 MW SRC
2003 04 03 0614 145.120 -36.963 0.0 2.4 MW MEL
2003 04 15 0209 149.135 -34.696 10.0 2.3 MW MEL
2003 05 10 1058 149.065 -36.239 8.4 1.7 MW MEL
2003 06 25 0247 150.511 -34.695 2.8 1.8 MW MEL
2003 07 08 1641 147.443 -34.107 2.0 2.4 MW AUST
2003 07 16 1139 144.125 -35.924 1.3 2.4 MW MEL
2003 07 27 1217 148.156 -37.182 10.0 2.6 MW MEL
2003 07 28 0620 147.650 -36.764 10.0 1.9 MW MEL
2003 08 02 0821 146.618 -37.404 19.1 2.8 MW MEL
2003 08 11 1712 141.913 -36.358 13.3 2.1 MW MEL
2003 10 04 1132 149.018 -36.045 19.0 1.8 MW AUST
2003 10 09 2059 143.534 -36.216 9.0 1.8 MW MEL
2003 11 25 0317 148.931 -33.297 10.0 2.5 MW MEL
2003 12 01 1429 149.387 -36.236 5.8 3.0 MW MEL
2003 12 09 2047 150.159 -33.381 1.3 2.6 MW MEL
2003 12 29 0503 146.454 -20.556 10.0 2.9 MW MEL
2003 12 29 1331 144.531 -35.413 11.0 3.5 MW AUST
2004 01 15 2305 147.119 -34.555 10.0 2.3 MW MEL
2004 01 16 1505 151.601 -25.069 17.0 4.1 MW GG
2004 01 22 0356 149.283 -22.654 10.0 2.8 MW MEL
2004 02 21 2010 148.424 -34.988 8.0 2.3 MW AUST
2004 02 21 2355 151.323 -26.416 1.0 3.7 MW RC
2004 03 26 0119 147.661 -36.537 8.7 2.0 MW MEL
2004 05 15 0613 148.924 -33.412 0.0 2.4 MW MEL
2004 05 26 0549 151.041 -32.496 10.0 2.8 MW MEL
2004 06 06 2219 148.298 -35.401 8.9 1.9 MW MEL
2004 08 01 0458 148.388 -21.542 0.0 2.8 MW MEL
2004 08 03 0629 147.755 -20.539 10.0 4.6 MW MEL
2004 08 06 0541 148.397 -23.663 0.0 2.4 MW MEL
2004 08 09 0014 150.989 -32.332 0.0 2.3 MW MEL
2004 08 10 1030 150.539 -34.324 3.0 1.9 MW MEL
2004 08 11 0050 148.180 -22.238 0.0 3.5 MW MEL
2004 08 31 1201 150.721 -24.842 1.0 2.0 MW RC
2004 09 15 0425 148.854 -33.358 10.0 2.6 MW MEL
2004 10 05 0429 149.111 -33.558 0.0 2.2 MW MEL
2004 10 06 0156 151.481 -22.515 0.0 4.5 MW MEL
2004 10 07 0147 149.487 -33.534 0.0 2.8 MW MEL
2004 10 07 0510 148.533 -21.376 0.0 2.8 MW MEL
2004 10 08 2123 151.296 -29.975 3.6 2.4 MW MEL
2004 10 12 0113 147.127 -20.898 0.0 2.3 MW MEL
2004 10 12 0204 148.054 -22.956 0.0 3.2 MW MEL
2004 11 25 2320 146.601 -36.232 10.0 2.0 MW MEL
2004 12 11 0537 147.713 -20.415 0.0 2.6 MW MEL
2004 12 29 0548 150.730 -33.933 9.6 2.8 MW AUST
2005 01 05 0120 150.843 -32.578 10.0 3.0 MW MEL
2005 01 05 0831 153.415 -26.097 1.7 3.5 MW RC
2005 01 10 2348 144.556 -36.128 10.0 2.2 MW MEL
2005 01 18 1009 147.191 -33.845 13.0 3.6 MW AUST
2005 02 03 0950 151.824 -25.388 10.0 2.6 MW RC
2005 02 12 1140 151.814 -25.236 12.9 1.8 MW RC
2005 03 10 0115 145.425 -37.451 7.7 1.9 MW MEL
2005 05 03 1928 151.948 -26.322 5.8 2.1 MW RC
2005 05 19 2323 152.200 -25.680 10.0 1.9 MW UCQ
2005 05 21 0544 147.729 -20.590 0.0 2.5 MW MEL
2005 05 22 2304 150.767 -24.763 5.0 1.9 MW RC
2005 05 30 0431 148.933 -33.386 10.0 2.7 MW MEL
2005 06 03 0329 148.973 -33.452 10.0 2.5 MW MEL
2005 06 03 0404 150.567 -32.127 17.8 3.0 MW MEL
2005 06 09 0007 147.475 -36.589 15.7 2.2 MW MEL
2005 06 09 0226 151.130 -32.439 0.0 3.2 MW MEL
2005 06 20 0920 146.134 -37.499 10.0 2.1 MW MEL
2005 07 31 0855 149.274 -34.807 10.0 2.4 MW MEL
2005 08 01 0531 151.860 -26.795 0.0 3.7 MW MEL
2005 08 16 1016 150.282 -34.467 5.0 1.9 MW MEL
2005 09 01 0959 146.350 -37.435 10.0 1.7 MW MEL
2005 09 03 2305 148.654 -34.401 4.1 3.5 MW AUST
2005 09 07 0918 152.620 -27.123 10.1 2.6 MW RC
2005 09 13 0044 147.176 -18.256 10.0 3.5 MW RC
2005 09 29 0516 148.031 -21.865 0.0 2.9 MW MEL
2005 10 31 1658 148.347 -36.133 10.0 1.7 MW MEL
2006 01 02 1616 151.646 -25.406 0.2 2.4 MW RC
2006 02 02 0608 150.567 -34.337 10.0 1.9 MW MEL
2006 02 27 1045 151.950 -25.130 15.0 1.6 MW UCQ
2006 03 01 1943 147.339 -36.635 2.5 2.1 MW MEL
2006 03 16 1122 152.705 -24.035 10.0 2.1 MW RC
2006 04 19 0538 147.755 -20.447 10.4 2.4 MW RC
2006 05 19 0135 150.937 -29.687 10.0 2.6 MW MEL
2006 06 18 1140 145.814 -36.950 10.0 1.9 MW MEL
2006 07 24 0643 149.290 -34.686 7.6 2.3 MW MEL
2006 07 28 0200 149.693 -32.237 0.0 3.1 MW MEL
2006 08 12 0011 150.949 -32.320 14.4 2.6 MW MEL
2006 09 24 1752 148.842 -20.231 10.0 2.5 MW RC
2006 10 21 0642 147.404 -36.776 12.1 2.3 MW MEL
2007 01 20 2235 148.503 -33.895 35.6 2.8 MW MEL
2007 04 10 0047 150.686 -25.721 10.0 2.7 MW RC
2007 04 27 1328 142.741 -36.286 10.0 3.0 MW MEL
2007 07 15 0124 152.554 -23.979 10.0 3.0 MW MEL
2007 08 07 0927 147.031 -36.541 8.2 2.0 MW MEL
2007 08 10 0749 149.383 -33.621 10.0 2.5 MW MEL
2007 08 18 0357 150.372 -34.357 22.6 3.2 MW MEL
2007 08 24 1347 148.493 -32.294 10.0 3.0 MW MEL
2007 11 06 2309 149.425 -33.289 11.0 2.8 MW AUST
2008 02 27 2003 151.870 -25.110 2.0 1.5 MW UCQ
2008 03 08 0551 144.164 -37.042 3.0 2.5 MW MEL
2008 03 17 0111 150.911 -34.684 16.0 2.4 MW AUST
2008 03 23 1452 148.656 -35.145 8.4 2.6 MW AUST
2008 05 20 1933 145.840 -37.533 10.0 1.9 MW MEL
2008 05 22 0949 150.938 -29.060 nan 3.2 MW MEL
2008 06 04 0229 151.304 -32.139 11.0 2.6 MW MEL
2008 06 17 0934 149.290 -35.323 1.9 2.7 MW AUST
2008 08 16 2335 143.606 -36.181 4.0 2.3 MW MEL
2008 09 04 1945 144.325 -36.006 13.5 2.6 MW MEL
2008 09 24 0506 146.473 -35.766 10.0 1.8 MW MEL
2009 03 07 1627 147.989 -37.234 10.0 1.9 MW MEL
2009 04 08 2240 150.174 -34.513 10.0 2.0 MW MEL
2009 04 20 1831 147.054 -33.804 10.0 2.5 MW MEL
2009 04 26 1253 147.478 -18.269 5.0 3.8 MW SRC
2009 08 26 1615 149.545 -34.977 8.4 2.1 MW AUST
2009 09 24 0204 151.509 -26.105 5.0 1.9 MW SRC
2009 12 05 0704 146.798 -37.207 10.0 1.9 MW MEL
2009 12 10 1136 147.497 -18.528 10.0 3.5 MW MEL
2010 01 05 0539 146.970 -37.243 10.0 2.4 MW MEL
2010 01 12 0038 149.944 -32.221 10.0 2.5 MW MEL
2010 01 12 0108 150.000 -33.295 0.0 2.2 MW MEL
2010 02 19 2125 143.221 -36.122 10.0 2.1 MW MEL
2010 03 02 2056 146.024 -36.996 10.5 2.1 MW MEL
2010 04 16 1926 149.659 -32.186 0.0 2.8 MW MEL
2010 05 20 1932 150.965 -34.384 2.0 2.6 MW MEL
2010 05 25 0835 147.082 -36.750 10.0 2.4 MW MEL
2010 06 29 1453 149.664 -35.733 5.0 2.0 MW AUST
2010 07 15 1743 143.225 -35.884 10.0 3.0 MW AUST
2010 08 25 0107 148.887 -34.228 10.0 2.7 MW AUST
