1963 03 29 2156 138.500 -31.100 0.0 3.7 MW ADE
1965 03 01 1339 138.105 -30.347 0.0 3.0 MW ADE
1965 03 02 1518 138.380 -30.570 33.0 4.5 MW ISC
1968 08 01 1346 139.071 -31.244 1.8 3.3 MW ADE
1968 12 07 0158 138.912 -31.159 0.0 3.2 MW ADE
1969 10 09 0845 139.608 -31.757 10.0 3.4 MW ADE
1970 07 27 0513 139.508 -31.726 10.4 3.3 MW ADE
1971 10 06 1324 139.675 -31.885 11.9 3.0 MW ADE
1972 04 27 1150 138.891 -31.263 12.5 3.7 MW ADE
1975 01 03 0218 138.716 -31.243 6.4 3.7 MW ADE
1977 08 30 1413 138.474 -31.057 12.7 3.5 MW ADE
1978 05 08 0222 138.619 -30.774 31.3 3.4 MW ADE
1979 09 11 1043 139.161 -31.400 20.1 2.9 MW ADE
1980 08 30 1423 139.361 -31.761 8.0 3.6 MW ADE
1980 12 22 0424 139.363 -31.787 9.3 2.6 MW ADE
1981 01 15 0629 139.459 -31.777 5.9 2.7 MW ADE
1982 04 09 2033 138.275 -30.509 7.0 2.5 MW ADE
1983 12 29 1741 138.289 -30.755 20.0 4.0 MW ISC
1984 01 30 0101 139.307 -31.743 30.9 2.6 MW ADE
1984 06 03 0325 138.490 -30.450 0.0 3.2 MW BMR
1984 11 27 0632 139.220 -31.215 19.3 2.9 MW ADE
1985 03 10 0051 138.303 -30.445 33.0 3.4 MW ISC
1985 05 28 0400 139.372 -31.792 6.8 3.3 MW ADE
1985 08 09 0444 139.334 -31.795 7.3 3.4 MW ADE
1987 11 30 1954 138.982 -31.219 24.8 2.5 MW ADE
1988 06 23 1218 138.521 -30.792 9.6 2.5 MW ADE
1989 05 03 0606 139.014 -31.520 16.8 3.0 MW ADE
1990 04 05 1002 138.511 -31.108 15.8 2.7 MW ADE
1990 08 20 1356 138.706 -31.115 10.9 2.6 MW ADE
1990 11 18 1642 138.208 -30.522 18.0 2.5 MW ADE
1990 12 03 1318 139.260 -31.565 4.5 3.5 MW ADE
1991 12 26 0006 138.824 -31.360 6.4 2.5 MW ADE
1992 07 28 0933 138.783 -31.221 13.2 3.4 MW ADE
1992 10 10 1919 138.431 -30.839 14.4 2.7 MW ADE
1993 02 09 1534 139.016 -30.985 11.5 2.6 MW ADE
1993 06 24 0659 139.145 -31.597 11.0 2.7 MW ADE
1993 09 05 1018 139.010 -31.414 16.1 2.5 MW ADE
1994 06 24 0559 138.640 -30.647 12.6 2.7 MW ADE
1994 09 04 2144 137.987 -30.302 7.5 2.8 MW ADE
1994 11 30 1953 138.157 -30.402 5.1 3.7 MW ADE
1994 12 05 2049 138.268 -30.276 12.2 3.3 MW ADE
1994 12 05 2056 137.996 -30.305 10.4 2.6 MW ADE
1995 03 27 0444 138.128 -30.386 6.2 2.7 MW ADE
1995 04 11 1549 138.905 -31.251 5.4 2.8 MW ADE
1995 06 03 2259 138.047 -30.397 13.7 2.6 MW ADE
1995 06 24 0114 138.072 -30.431 6.0 2.5 MW ADE
1995 11 18 1325 138.757 -31.196 19.1 2.7 MW ADE
1996 01 02 0459 138.360 -30.380 0.0 2.7 MW EIDC
1996 01 24 2059 138.346 -30.333 0.0 2.8 MW ISC
1996 07 22 1009 138.872 -31.190 6.8 3.5 MW ADE
1996 08 31 0855 138.625 -31.223 3.7 2.7 MW ADE
1996 10 15 0559 138.370 -30.390 0.0 2.5 MW EIDC
1996 11 21 0606 139.183 -31.732 16.8 2.5 MW ADE
1997 04 03 1556 138.598 -31.044 14.1 2.7 MW ADE
1999 01 09 0059 138.304 -30.321 10.0 2.5 MW ISC
1999 03 17 0721 138.845 -30.969 2.4 2.9 MW ADE
2001 01 29 0831 138.444 -30.972 11.6 2.7 MW ADE
2002 03 11 2229 138.343 -30.313 10.0 2.5 MW ISC
2002 11 23 1326 138.374 -30.747 9.0 2.7 MW ADE
2003 07 07 2141 138.540 -31.085 24.2 2.6 MW ADE
2004 08 16 1945 138.567 -31.109 20.4 2.8 MW ADE
2005 01 19 0529 138.332 -30.894 12.0 2.5 MW ADE
2006 01 08 2202 139.164 -31.670 10.4 2.9 MW ADE
2006 05 03 1345 138.383 -30.708 3.4 2.7 MW ADE
2006 07 27 1038 139.231 -31.265 10.0 3.4 MW ADE
2007 01 01 1418 138.587 -31.057 20.6 2.5 MW ADE
2007 01 28 2031 138.628 -30.801 14.7 3.0 MW ADE
2007 12 30 0749 139.066 -31.547 7.8 2.5 MW ADE
2008 07 25 1126 138.110 -30.199 11.6 2.9 MW ADE
2009 01 30 0817 138.983 -30.977 17.7 2.7 MW ADE
2010 07 28 0346 139.038 -31.291 0.0 2.5 MW AUST
