1922 07 13 0122 148.500 -43.200 nan 3.1 MW ISS
1962 06 07 1650 146.660 -42.750 10.0 1.3 MW TAU
1964 12 09 1638 146.625 -41.803 10.0 3.2 MW TAU
1962 08 21 2032 147.061 -43.153 10.0 2.0 MW TAU
1962 10 18 0958 147.910 -43.620 10.0 1.7 MW TAU
1965 04 30 0549 146.690 -41.870 10.0 1.6 MW TAU
1967 01 27 2316 147.914 -43.596 30.0 2.0 MW TAU
1967 10 06 0559 147.910 -43.630 10.0 2.9 MW TAU
1968 01 19 0030 147.900 -43.565 10.0 2.6 MW TAU
1968 06 27 1547 147.440 -43.736 10.0 2.9 MW TAU
1970 08 22 0653 147.300 -43.100 nan 2.1 MW TAU
1970 10 04 2002 146.861 -42.240 10.0 1.6 MW TAU
1971 03 02 1041 146.744 -42.630 10.0 1.8 MW TAU
1971 04 18 1041 146.105 -41.750 10.0 1.2 MW TAU
1971 07 18 1846 148.140 -43.270 10.0 2.2 MW TAU
1972 07 07 1053 147.420 -42.730 10.0 2.5 MW TAU
1972 12 30 1051 148.450 -42.470 10.0 1.7 MW TAU
1973 03 06 1214 148.280 -43.020 nan 1.4 MW TAU
1973 04 05 1446 146.720 -42.870 nan 1.3 MW TAU
1973 04 13 0345 146.930 -43.700 nan 1.6 MW TAU
1973 09 03 1808 147.520 -42.170 nan 1.5 MW TAU
1973 09 18 0955 147.020 -42.950 nan 1.3 MW TAU
1973 10 06 2217 148.220 -42.450 nan 1.6 MW TAU
1973 12 08 0801 146.750 -43.030 nan 1.5 MW TAU
1974 02 11 1049 146.920 -43.700 nan 2.1 MW TAU
1974 04 01 0752 147.140 -43.180 1.0 1.4 MW TAU
1974 04 03 1125 146.290 -41.770 9.0 1.9 MW TAU
1974 05 17 0949 146.870 -40.950 10.0 2.3 MW TAU
1974 05 22 0923 148.530 -42.230 10.0 2.2 MW TAU
1974 07 05 0829 148.150 -42.120 nan 2.0 MW TAU
1974 08 09 0152 147.070 -42.020 nan 1.6 MW TAU
1974 08 30 2035 148.120 -42.230 nan 1.6 MW TAU
1974 10 02 1543 147.020 -43.530 nan 1.6 MW TAU
1974 10 02 1742 147.120 -43.480 nan 1.6 MW TAU
1975 06 17 1117 147.170 -43.530 nan 1.6 MW TAU
1975 07 18 1057 146.570 -41.730 nan 1.7 MW TAU
1975 08 01 1732 147.417 -42.067 nan 2.0 MW TAU
1975 09 11 1844 146.933 -42.467 nan 1.6 MW TAU
1975 09 23 1352 147.550 -43.080 nan 1.6 MW TAU
1975 10 19 0855 148.120 -43.570 nan 1.6 MW TAU
1975 12 12 1709 148.200 -42.180 nan 2.1 MW TAU
1975 12 14 1549 147.300 -42.430 nan 1.9 MW TAU
1975 12 25 0702 147.220 -43.320 nan 1.6 MW TAU
1976 01 01 0857 146.550 -41.850 nan 1.2 MW TAU
1976 03 23 1056 147.100 -42.400 nan 1.5 MW TAU
1976 07 02 1441 147.070 -42.050 nan 2.6 MW TAU
1976 08 03 0103 147.580 -42.200 nan 1.7 MW TAU
1976 08 18 1517 148.430 -42.490 nan 1.4 MW TAU
1976 09 08 1744 148.170 -43.100 nan 1.9 MW TAU
1976 09 15 2241 146.800 -42.870 nan 1.7 MW TAU
1976 10 19 0448 146.780 -43.380 nan 1.5 MW TAU
1976 11 24 1649 148.050 -42.100 nan 1.9 MW TAU
1976 11 25 0754 148.300 -41.830 nan 2.0 MW TAU
1976 12 08 1013 148.280 -42.080 nan 1.7 MW TAU
1976 12 17 0513 146.700 -43.120 nan 1.6 MW TAU
1976 12 26 1544 146.530 -41.530 nan 1.3 MW TAU
1977 01 11 0141 146.870 -43.630 nan 1.3 MW TAU
1977 01 13 1325 147.270 -42.100 nan 1.4 MW TAU
1977 01 31 0116 148.050 -42.120 nan 1.9 MW TAU
1977 02 16 0158 147.250 -43.550 nan 1.4 MW TAU
1977 02 17 0241 148.130 -43.300 nan 1.6 MW TAU
1977 02 28 0149 146.300 -41.680 nan 1.4 MW TAU
1977 05 20 0644 146.970 -43.830 nan 2.0 MW TAU
1977 06 03 0629 146.830 -43.470 nan 1.7 MW TAU
1977 06 03 1710 147.100 -43.620 nan 1.8 MW TAU
1977 06 04 0841 146.580 -40.620 nan 2.0 MW TAU
1977 07 11 0627 146.770 -43.470 nan 1.6 MW TAU
1977 07 20 1722 146.830 -43.630 nan 1.9 MW TAU
1977 09 24 1530 147.020 -41.500 nan 2.5 MW TAU
1977 10 20 0248 147.020 -43.900 nan 1.8 MW TAU
1977 12 01 0147 146.400 -41.500 nan 1.3 MW TAU
1977 12 11 1205 146.200 -41.580 nan 1.5 MW TAU
1978 02 02 1011 146.950 -42.520 nan 2.0 MW TAU
1978 02 17 0224 147.030 -41.470 nan 1.2 MW TAU
1978 02 17 0236 146.430 -41.520 nan 1.2 MW TAU
1978 02 17 0404 147.920 -43.170 nan 1.6 MW TAU
1978 02 20 1307 146.790 -43.730 nan 1.7 MW TAU
1978 02 27 2212 148.120 -41.630 nan 1.9 MW TAU
1978 03 27 0317 147.070 -42.080 nan 1.9 MW TAU
1978 04 22 1330 147.000 -42.950 nan 1.4 MW TAU
1978 06 07 1421 148.070 -42.100 nan 1.9 MW TAU
1978 06 14 0120 146.950 -41.350 nan 1.6 MW TAU
1978 07 18 1339 146.770 -43.800 nan 1.9 MW TAU
1978 07 29 1550 146.980 -42.420 nan 1.2 MW TAU
1978 10 20 0052 147.880 -42.680 nan 2.5 MW TAU
1978 11 22 0533 146.300 -41.700 nan 1.6 MW TAU
1978 12 03 2334 147.950 -42.680 nan 1.4 MW TAU
1978 12 13 1921 147.750 -42.570 nan 1.6 MW TAU
1979 01 05 1133 146.420 -41.120 nan 1.7 MW TAU
1979 02 22 0333 146.570 -41.150 nan 1.8 MW TAU
1979 02 24 0824 147.750 -43.520 nan 1.9 MW TAU
1979 02 24 1827 146.870 -43.980 nan 1.4 MW TAU
1979 03 23 0731 147.070 -43.270 nan 1.6 MW TAU
1979 06 26 0623 146.900 -43.550 nan 1.8 MW TAU
1979 07 15 1425 146.680 -42.370 nan 2.0 MW TAU
1979 08 07 0237 146.870 -43.470 nan 1.6 MW TAU
1979 08 17 0426 146.950 -43.450 nan 2.3 MW TAU
1979 08 21 0548 146.800 -43.500 nan 1.6 MW TAU
1979 09 21 0950 148.450 -42.700 nan 1.9 MW TAU
1979 11 21 0435 146.820 -43.480 nan 1.7 MW TAU
1979 11 25 1416 146.980 -41.930 nan 1.3 MW TAU
1979 12 19 0525 146.800 -43.380 nan 1.6 MW TAU
1980 03 07 2356 147.280 -42.180 nan 1.6 MW TAU
1980 04 08 0228 146.350 -41.870 nan 1.3 MW TAU
1980 04 10 0956 148.130 -43.680 nan 1.9 MW TAU
1980 04 11 0354 147.830 -43.080 nan 1.2 MW TAU
1980 04 13 1318 148.350 -41.730 nan 1.7 MW TAU
1980 05 12 1744 146.480 -41.320 nan 1.6 MW TAU
1980 05 22 0613 146.900 -41.720 nan 2.1 MW TAU
1980 06 08 0616 146.780 -43.430 nan 1.6 MW TAU
1980 07 24 0247 146.920 -43.600 nan 1.6 MW TAU
1980 07 29 1457 147.770 -42.150 nan 1.3 MW TAU
1980 08 29 0420 147.350 -43.700 nan 1.6 MW TAU
1980 09 03 1757 146.720 -43.600 nan 1.6 MW TAU
1980 11 14 0532 146.750 -43.430 nan 1.5 MW TAU
1980 11 25 0058 146.820 -42.800 nan 1.2 MW TAU
1980 12 10 2229 146.730 -42.130 0.0 1.3 MW TAU
1981 01 03 1258 146.650 -42.730 nan 1.5 MW TAU
1981 01 10 0833 147.070 -41.570 nan 2.1 MW TAU
1981 01 14 0100 147.180 -41.500 nan 1.2 MW TAU
1981 04 01 0308 146.800 -41.930 nan 1.2 MW TAU
1981 04 08 1918 147.030 -43.780 nan 1.6 MW TAU
1981 05 03 1320 146.670 -43.010 nan 1.2 MW TAU
1981 06 06 1822 147.400 -43.770 nan 2.3 MW TAU
1981 07 13 1804 148.050 -43.370 nan 1.6 MW TAU
1981 08 03 1652 147.170 -44.070 nan 2.0 MW TAU
1981 10 19 0732 146.800 -41.970 nan 1.5 MW TAU
1981 10 23 0752 146.830 -41.800 nan 1.6 MW TAU
1981 10 29 0634 146.800 -41.970 nan 1.4 MW TAU
1981 11 08 0420 146.900 -42.000 nan 1.2 MW TAU
1981 11 17 0505 146.980 -43.350 nan 1.6 MW TAU
1981 11 20 2000 146.800 -41.270 nan 1.6 MW TAU
1981 11 23 1948 146.550 -40.870 nan 1.3 MW TAU
1981 11 25 0340 146.780 -43.520 nan 1.8 MW TAU
1981 11 28 0119 146.720 -42.420 nan 1.6 MW TAU
1981 12 17 0138 146.967 -43.067 nan 1.6 MW TAU
1982 01 26 1927 146.800 -43.430 nan 1.6 MW TAU
1982 03 11 1045 147.820 -42.730 nan 2.5 MW TAU
1982 03 20 1647 146.980 -43.120 nan 1.2 MW TAU
1982 03 29 1148 146.680 -41.820 nan 1.6 MW TAU
1982 04 10 1623 147.320 -42.850 nan 1.7 MW TAU
1982 04 18 2034 147.880 -42.680 nan 1.7 MW TAU
1982 05 05 0049 147.850 -42.680 nan 1.7 MW TAU
1982 05 08 1311 148.180 -43.370 nan 1.7 MW TAU
1982 06 28 1718 147.380 -43.380 nan 1.5 MW TAU
1982 08 21 0628 147.880 -41.970 nan 1.8 MW TAU
1982 09 04 0437 147.900 -41.970 nan 1.5 MW TAU
1982 09 25 1803 147.530 -43.730 nan 1.7 MW TAU
1982 10 23 1018 147.880 -42.250 nan 1.6 MW TAU
1982 10 23 1025 147.780 -42.270 nan 1.6 MW TAU
1982 11 03 0855 146.950 -41.230 nan 1.2 MW TAU
1982 11 15 0539 147.050 -41.380 nan 1.6 MW TAU
1983 02 07 2358 147.880 -41.800 nan 2.2 MW TAU
1983 02 18 2040 146.580 -42.530 nan 1.2 MW TAU
1983 04 02 1022 147.080 -42.250 nan 1.4 MW TAU
1983 05 10 1311 146.700 -42.150 nan 1.8 MW TAU
1983 05 20 1013 147.930 -41.750 nan 1.5 MW TAU
1983 05 26 1515 147.630 -43.870 nan 1.7 MW TAU
1983 07 23 2005 147.270 -42.730 nan 1.2 MW TAU
1983 07 26 0508 147.000 -41.780 nan 1.2 MW TAU
1983 07 27 1650 147.230 -42.250 nan 1.8 MW TAU
1983 08 29 1731 147.980 -42.770 nan 1.5 MW TAU
1983 10 10 0834 147.570 -43.520 nan 2.1 MW TAU
1983 10 10 2331 147.300 -43.530 nan 1.9 MW TAU
1983 10 26 0854 147.880 -42.130 nan 1.9 MW TAU
1983 11 20 1105 148.300 -43.470 nan 1.6 MW TAU
1984 02 04 1741 147.270 -42.280 nan 2.4 MW TAU
1984 02 07 2305 147.330 -43.000 nan 1.3 MW TAU
1984 02 22 0901 148.020 -41.950 nan 1.6 MW TAU
1984 03 15 0619 146.680 -43.180 nan 1.5 MW TAU
1984 05 01 1355 146.730 -41.650 nan 1.7 MW TAU
1984 08 10 2207 147.180 -42.370 nan 1.3 MW TAU
1984 09 06 2201 147.120 -42.070 nan 1.6 MW TAU
1984 10 18 1608 147.230 -43.970 nan 1.8 MW TAU
1984 11 05 1943 148.820 -42.300 nan 2.4 MW TAU
1984 12 26 0505 147.170 -43.020 0.0 1.2 MW TAU
1984 12 26 0507 147.620 -42.930 0.0 1.7 MW TAU
1984 12 27 0321 148.130 -43.300 nan 1.5 MW TAU
1985 01 18 0926 147.320 -42.500 nan 1.2 MW TAU
1985 04 09 0912 146.880 -41.770 nan 1.2 MW TAU
1985 06 12 1844 147.400 -41.800 nan 1.4 MW TAU
1985 07 01 0200 146.670 -41.650 nan 2.0 MW TAU
1985 07 14 1832 147.430 -43.820 nan 2.5 MW TAU
1985 08 30 0650 146.820 -43.550 nan 2.2 MW TAU
1985 11 12 0730 147.930 -43.170 nan 1.9 MW TAU
1985 11 19 0052 147.780 -42.470 nan 1.7 MW TAU
1985 12 26 2032 147.060 -43.630 nan 1.8 MW TAU
1986 05 06 2106 146.200 -41.580 nan 1.6 MW TAU
1986 06 15 1113 147.620 -42.920 nan 1.2 MW TAU
1986 07 12 0756 146.580 -41.920 nan 2.3 MW TAU
1986 07 19 2017 146.870 -41.880 nan 1.5 MW TAU
1986 08 06 0212 146.820 -42.970 nan 1.6 MW TAU
1986 09 29 1136 146.770 -42.450 nan 1.4 MW TAU
1986 11 11 0202 147.840 -42.800 nan 2.0 MW TAU
1986 12 06 1537 147.800 -42.050 nan 1.7 MW TAU
1987 01 03 1833 147.900 -42.820 5.0 1.6 MW TAU
1987 01 12 1358 147.833 -42.783 5.0 1.3 MW TAU
1987 01 19 0213 147.850 -42.817 5.0 2.2 MW TAU
1987 01 26 0523 146.651 -42.121 17.1 2.5 MW MEL
1987 02 08 1059 147.867 -42.782 5.0 1.4 MW TAU
1987 02 28 2105 147.683 -42.767 5.0 1.8 MW TAU
1987 03 03 0900 147.870 -42.770 5.0 1.6 MW TAU
1987 03 07 0431 147.667 -42.767 5.0 2.0 MW TAU
1987 03 09 1717 147.330 -43.550 10.0 1.9 MW TAU
1987 03 18 0136 147.834 -42.809 0.0 1.3 MW BMR
1987 03 18 0136 147.834 -42.809 0.0 1.3 MW BMR
1987 03 27 2006 147.856 -42.797 0.0 1.3 MW BMR
1987 03 30 2036 147.856 -42.813 0.0 1.3 MW BMR
1987 04 02 1538 147.864 -42.816 0.0 1.2 MW BMR
1987 04 05 0306 148.180 -43.400 10.0 1.6 MW TAU
1987 04 10 1231 147.832 -42.804 1.0 1.3 MW BMR
1987 04 10 1236 147.837 -42.805 2.0 1.3 MW BMR
1987 04 10 1237 147.823 -42.805 2.0 1.3 MW BMR
1987 04 10 1936 147.848 -42.783 3.0 1.3 MW BMR
1987 04 11 0320 147.827 -42.806 2.0 1.8 MW BMR
1987 04 16 2144 147.843 -42.810 1.0 1.3 MW BMR
1987 04 17 0148 147.844 -42.795 2.0 1.3 MW BMR
1987 04 17 0200 147.836 -42.803 0.0 1.3 MW BMR
1987 04 17 0313 147.824 -42.798 2.0 1.3 MW BMR
1987 04 17 0805 147.820 -42.800 4.0 1.3 MW BMR
1987 04 17 0857 147.838 -42.804 1.0 1.3 MW BMR
1987 04 18 1455 147.838 -42.800 4.0 1.3 MW BMR
1987 04 30 0137 147.830 -42.820 5.0 1.3 MW TAU
1987 05 24 0610 146.970 -42.550 10.0 1.7 MW TAU
1987 06 03 2024 146.180 -41.730 10.0 1.5 MW TAU
1987 06 26 0715 147.870 -42.820 nan 1.8 MW TAU
1987 08 18 2213 146.650 -41.830 10.0 2.1 MW TAU
1987 08 21 0432 147.270 -41.420 10.0 1.3 MW TAU
1987 08 25 0659 147.407 -42.580 10.0 1.6 MW ISC
1987 10 26 0330 146.967 -41.400 10.0 1.3 MW TAU
1987 12 03 0416 147.450 -43.783 10.0 2.2 MW TAU
1988 03 29 0110 147.367 -43.350 10.0 1.6 MW TAU
1988 05 02 0833 146.450 -42.317 10.0 1.3 MW TAU
1988 06 08 0714 147.400 -43.350 10.0 1.7 MW TAU
1988 07 04 1409 148.520 -42.650 10.0 1.8 MW TAU
1988 07 28 0834 148.000 -42.750 10.0 1.6 MW TAU
1988 08 25 0737 147.267 -41.450 10.0 1.5 MW TAU
1988 08 27 1929 147.733 -43.583 10.0 1.9 MW TAU
1988 09 19 2329 146.833 -43.350 10.0 1.6 MW TAU
1988 10 09 0052 146.817 -43.350 10.0 1.9 MW TAU
1988 11 02 1148 146.833 -42.067 10.0 1.6 MW TAU
1988 11 20 0254 146.867 -43.117 10.0 1.4 MW TAU
1988 12 05 1229 146.733 -42.317 10.0 1.9 MW TAU
1988 12 11 0338 146.567 -42.017 10.0 1.6 MW TAU
1988 12 23 0929 148.150 -43.700 10.0 1.6 MW TAU
1989 01 04 1845 147.030 -43.500 10.0 1.9 MW TAU
1989 01 13 0335 146.670 -43.270 10.0 1.6 MW TAU
1989 01 21 0928 148.250 -42.030 nan 1.7 MW TAU
1989 02 20 1408 147.330 -42.300 nan 1.7 MW TAU
1989 03 02 0311 146.880 -42.880 nan 1.6 MW TAU
1989 03 04 0300 146.530 -42.400 10.0 1.7 MW TAU
1989 03 20 0537 146.267 -42.067 10.0 2.0 MW TAU
1989 04 21 0312 147.167 -41.533 10.0 1.7 MW TAU
1989 04 29 0917 146.866 -43.950 10.0 2.0 MW TAU
1989 05 04 0440 146.217 -41.400 10.0 1.7 MW TAU
1989 05 09 1138 146.806 -43.812 11.0 2.8 MW BMR
1989 05 23 0351 146.650 -41.700 10.0 1.5 MW TAU
1989 05 24 1405 147.683 -42.417 10.0 1.3 MW TAU
1989 05 26 1335 146.500 -41.950 10.0 2.0 MW TAU
1989 06 02 0049 146.783 -43.767 10.0 2.0 MW TAU
1989 06 06 1545 147.533 -42.267 10.0 1.9 MW TAU
1989 06 06 1633 146.733 -42.333 10.0 1.3 MW TAU
1989 06 19 0814 146.117 -41.867 10.0 1.8 MW TAU
1989 08 15 1509 147.050 -43.200 10.0 1.3 MW TAU
1989 11 16 1441 146.967 -43.400 10.0 1.5 MW TAU
1990 02 07 0833 147.300 -41.533 10.0 1.7 MW TAU
1990 02 16 0319 146.600 -41.700 10.0 1.7 MW TAU
1990 02 22 2344 146.600 -41.700 10.0 1.4 MW TAU
1990 03 09 0845 148.067 -41.833 10.0 2.1 MW TAU
1990 03 28 0822 146.450 -41.650 10.0 1.4 MW TAU
1990 04 30 1823 146.767 -42.483 10.0 1.2 MW TAU
1990 05 24 0345 146.750 -41.650 10.0 1.8 MW TAU
1990 05 30 0501 146.783 -41.800 10.0 1.7 MW TAU
1990 06 04 1541 146.450 -41.833 10.0 2.0 MW TAU
1990 06 16 1105 146.700 -41.983 10.0 1.7 MW TAU
1990 07 03 0035 147.100 -41.383 10.0 2.2 MW TAU
1990 07 03 1314 146.850 -42.133 10.0 1.3 MW TAU
1990 07 19 2243 146.600 -42.417 10.0 1.5 MW TAU
1990 08 06 0358 147.050 -43.050 10.0 1.5 MW TAU
1990 08 18 2009 146.300 -42.133 10.0 1.7 MW TAU
1990 08 23 0508 146.250 -41.567 10.0 1.3 MW TAU
1990 08 24 0521 146.817 -41.283 10.0 1.6 MW TAU
1990 08 25 1926 146.917 -41.733 10.0 1.8 MW TAU
1990 09 14 0126 146.883 -43.400 10.0 1.9 MW TAU
1990 10 11 1615 146.750 -42.200 10.0 2.1 MW TAU
1990 10 19 0430 146.450 -41.550 10.0 1.9 MW TAU
1990 10 30 0416 146.183 -41.567 10.0 1.8 MW TAU
1990 11 08 0348 146.433 -41.500 10.0 1.5 MW TAU
1990 12 06 0538 146.983 -42.850 10.0 1.4 MW TAU
1990 12 13 2346 147.650 -42.633 10.0 1.8 MW TAU
1991 01 27 0638 146.400 -41.250 10.0 1.7 MW TAU
1991 01 31 0340 146.800 -43.030 10.0 1.5 MW TAU
1991 02 11 0611 146.800 -42.720 10.0 1.8 MW TAU
1991 03 12 0459 146.800 -43.550 10.0 1.7 MW TAU
1991 03 13 0250 146.900 -41.280 10.0 1.6 MW TAU
1991 03 14 0306 147.600 -43.050 10.0 1.5 MW TAU
1991 03 16 0003 146.900 -42.870 10.0 1.8 MW TAU
1991 03 22 0108 147.100 -41.430 10.0 1.4 MW TAU
1991 03 25 0146 147.300 -42.280 10.0 2.8 MW TAU
1991 04 05 1017 146.500 -41.120 10.0 1.4 MW TAU
1991 04 07 0714 146.600 -42.270 10.0 1.4 MW TAU
1991 04 08 2342 147.100 -43.800 10.0 2.3 MW TAU
1991 04 11 1316 146.300 -41.630 10.0 1.7 MW TAU
1991 07 19 0829 146.700 -42.100 10.0 1.6 MW TAU
1991 07 31 2014 148.500 -43.030 10.0 2.3 MW TAU
1991 08 01 0517 146.700 -41.300 10.0 1.5 MW TAU
1991 09 06 1121 148.400 -42.480 10.0 2.1 MW TAU
1991 09 12 2347 146.700 -42.150 10.0 1.5 MW TAU
1991 09 24 1847 146.900 -43.630 10.0 2.0 MW TAU
1991 10 01 1840 147.000 -43.280 10.0 1.7 MW TAU
1991 10 07 1627 146.600 -41.970 10.0 1.5 MW TAU
1991 11 02 1958 147.800 -43.730 10.0 2.1 MW TAU
1991 12 13 1659 148.000 -43.520 10.0 2.0 MW TAU
1991 12 23 1435 147.800 -42.230 10.0 1.8 MW TAU
1992 04 10 0249 147.667 -41.983 10.0 1.7 MW TAU
1992 04 15 0407 147.917 -42.567 10.0 1.6 MW TAU
1992 05 11 1758 146.983 -43.600 10.0 2.0 MW TAU
1992 06 11 0315 146.683 -41.500 10.0 1.5 MW TAU
1992 08 14 1358 147.183 -43.450 10.0 1.4 MW TAU
1992 08 18 1142 146.733 -43.517 10.0 1.7 MW TAU
1992 08 22 2139 146.867 -42.083 10.0 1.6 MW TAU
1992 09 03 0517 146.667 -43.167 10.0 1.7 MW TAU
1992 11 05 2217 147.167 -43.483 10.0 1.7 MW TAU
1992 12 31 0611 146.750 -42.183 10.0 1.8 MW TAU
1993 01 16 0003 147.733 -42.633 10.0 1.4 MW TAU
1993 06 19 1411 146.733 -42.167 10.0 1.3 MW TAU
1993 06 26 1858 146.883 -41.433 10.0 1.8 MW TAU
1993 07 07 2127 146.683 -42.783 10.0 1.4 MW TAU
1993 08 26 0811 146.500 -41.920 10.0 1.7 MW TAU
1993 09 07 0928 147.383 -42.100 10.0 1.8 MW TAU
1993 09 16 0234 146.900 -43.250 10.0 1.6 MW TAU
1993 09 25 0240 146.433 -41.483 10.0 1.6 MW TAU
1993 11 05 1409 146.467 -41.300 10.0 2.1 MW TAU
1993 12 09 1729 146.967 -43.617 10.0 2.2 MW TAU
1993 12 10 0232 146.567 -41.417 10.0 1.7 MW TAU
1994 01 18 1846 147.600 -42.370 10.0 1.6 MW TAU
1994 05 11 1428 146.900 -43.330 10.0 1.7 MW TAU
1994 06 01 0521 147.500 -42.970 10.0 1.7 MW TAU
1994 06 22 0348 146.600 -42.420 10.0 1.4 MW TAU
1994 06 29 0340 146.400 -42.080 10.0 1.7 MW TAU
1994 07 29 0500 147.000 -41.950 10.0 1.3 MW TAU
1994 08 27 1703 146.800 -43.170 10.0 1.5 MW TAU
1994 12 04 0110 147.600 -42.770 10.0 2.1 MW TAU
1994 12 13 0700 146.200 -41.680 10.0 1.9 MW TAU
1994 12 20 0527 147.200 -41.500 10.0 1.4 MW TAU
1995 01 16 1345 147.070 -43.430 nan 1.8 MW TAU
1995 01 19 0914 147.870 -41.780 nan 1.6 MW TAU
1995 09 11 1546 148.150 -42.220 nan 2.0 MW TAU
1996 01 11 0345 146.880 -42.480 nan 1.6 MW TAU
1996 01 11 2329 147.820 -41.820 nan 2.3 MW TAU
1997 05 06 0803 146.830 -41.241 14.0 2.4 MW AUST
1998 01 21 0146 146.498 -41.135 8.8 2.3 MW MEL
1998 09 09 0731 146.880 -41.780 nan 2.0 MW TAU
1998 12 01 2227 147.270 -42.080 nan 2.0 MW TAU
1998 12 18 0738 148.170 -43.300 nan 2.1 MW TAU
1999 04 13 0351 147.858 -42.083 0.0 2.6 MW AGSO
1999 06 24 0938 146.861 -41.785 0.0 2.0 MW AUST
2001 02 14 0209 146.849 -43.518 8.9 1.9 MW MEL
2001 04 05 1428 146.735 -41.859 10.0 1.5 MW MEL
2001 07 30 1209 146.310 -41.867 10.0 1.5 MW MEL
2002 07 20 0050 147.299 -42.341 8.6 1.6 MW MEL
2003 03 10 1906 146.601 -41.632 10.0 1.4 MW MEL
2003 11 25 0740 147.484 -41.828 10.0 1.7 MW MEL
2004 03 03 0159 147.440 -42.847 10.0 1.2 MW MEL
2004 05 03 2238 147.010 -41.735 10.0 1.5 MW MEL
2004 05 04 0035 146.771 -41.750 10.0 1.4 MW MEL
2004 05 21 0245 146.737 -41.658 10.0 1.4 MW MEL
2004 11 29 1635 146.900 -41.709 10.0 1.9 MW MEL
2005 01 20 2224 147.151 -43.470 9.4 2.1 MW MEL
2005 01 28 1024 147.028 -41.675 13.8 2.5 MW MEL
2005 08 31 0333 146.757 -42.015 10.0 1.6 MW MEL
2005 10 26 0716 146.816 -41.200 1.0 1.8 MW MEL
2006 02 22 0627 146.717 -41.753 10.0 2.4 MW MEL
2006 03 14 2053 146.831 -41.560 10.0 1.6 MW MEL
2006 04 25 1126 146.863 -41.164 4.3 2.1 MW MEL
2006 06 15 2218 147.049 -43.353 10.0 2.5 MW MEL
2006 07 22 0013 147.482 -43.425 10.0 1.9 MW MEL
2006 07 27 0725 147.335 -43.353 10.0 1.8 MW MEL
2006 08 13 1519 147.101 -43.535 10.0 1.9 MW MEL
2006 09 13 1439 146.580 -41.631 10.0 2.8 MW MEL
2007 03 10 2214 147.223 -43.983 10.0 1.6 MW MEL
2007 03 27 2246 147.530 -42.663 10.0 1.8 MW MEL
2007 05 01 1438 146.483 -41.273 10.0 2.4 MW MEL
2008 02 24 0012 146.520 -41.890 3.6 2.2 MW MEL
2008 02 26 0119 147.219 -42.764 10.0 1.6 MW MEL
2008 02 28 0107 146.536 -41.912 10.0 1.8 MW MEL
2008 04 22 1826 147.287 -42.183 10.0 2.0 MW MEL
2008 06 19 1914 146.491 -42.136 10.0 1.5 MW MEL
2008 08 01 0628 146.741 -41.628 10.0 1.7 MW MEL
2008 08 04 0651 146.730 -41.651 10.0 1.5 MW MEL
2008 10 11 0717 147.986 -42.763 10.0 1.9 MW MEL
2008 10 16 1831 146.390 -42.153 10.0 1.4 MW MEL
2009 02 07 0234 146.824 -41.904 10.0 1.5 MW MEL
2009 04 17 1310 147.222 -41.946 10.0 2.1 MW MEL
2009 05 28 0448 146.385 -41.313 10.0 1.6 MW MEL
2009 06 07 1031 148.269 -43.227 10.0 1.9 MW MEL
2009 06 17 0210 146.797 -41.267 1.0 2.0 MW MEL
2009 09 02 0317 147.333 -42.957 10.0 1.2 MW MEL
2009 10 06 0158 147.135 -42.030 10.0 1.4 MW MEL
2009 11 07 1848 146.924 -41.903 0.5 1.5 MW MEL
2010 06 14 1251 146.752 -41.155 1.1 2.0 MW AUST
