1979 02 07 2248 120.850 -21.420 0.0 3.32 MW MGO
1979 03 17 0345 137.192 -25.128 26.4 3.07 MW ADE
1979 03 26 0014 126.070 -16.350 0.0 3.11 MW MGO
1979 03 31 0445 127.030 -18.040 0.0 3.29 MW MGO
1979 04 23 0545 120.163 -16.617 30.8 6.20 MW EHB
1979 04 24 2314 129.160 -26.340 0.0 4.32 MW BMR
1979 05 26 0418 117.340 -18.660 37.0 3.32 MW MGO
1979 06 10 2014 115.150 -24.720 16.0 3.27 MW MGO
1979 06 17 1548 120.270 -15.330 37.0 3.05 MW MGO
1979 06 18 2015 123.925 -29.643 0.0 3.66 MW ISC
1979 07 14 0940 122.755 -18.103 15.0 5.00 MW EHB
1979 07 16 2039 127.049 -17.224 10.0 4.52 MW ISC
1979 07 17 1727 113.790 -25.600 10.0 3.02 MW MGO
1979 07 21 1728 120.940 -26.790 10.0 3.01 MW MGO
1979 07 25 1906 121.720 -32.260 10.0 3.06 MW MGO
1979 08 12 1041 114.610 -19.940 37.0 3.62 MW MGO
1979 08 17 0806 126.590 -21.890 19.0 3.19 MW MGO
1979 08 20 1554 124.520 -32.300 10.0 3.03 MW MGO
1979 09 11 0205 120.507 -21.443 5.0 3.53 MW ISC
1979 10 26 0256 128.570 -16.460 0.0 3.28 MW MGO
1979 10 31 1407 114.430 -20.630 37.0 3.64 MW MGO
1979 11 05 0942 127.300 -16.450 0.0 3.38 MW MGO
1980 01 02 1749 122.090 -17.810 37.0 3.08 MW MGO
1980 02 09 1850 122.740 -19.780 8.0 3.11 MW MGO
1980 02 12 2241 130.099 -23.020 0.0 3.55 MW BMR
1980 03 08 0051 124.410 -31.130 19.0 3.39 MW MGO
1980 03 15 0709 121.640 -18.770 0.0 3.76 MW BMR
1980 04 01 1522 123.790 -17.170 0.0 3.17 MW BMR
1980 04 09 0542 118.790 -17.220 0.0 3.20 MW BMR
1980 04 19 0744 113.690 -19.370 0.0 3.79 MW BMR
1980 05 22 0650 116.500 -25.520 10.0 3.01 MW MGO
1980 06 03 1401 127.840 -21.260 0.0 3.30 MW BMR
1980 06 07 0515 130.260 -22.100 0.0 3.10 MW BMR
1980 06 22 1620 119.250 -18.500 0.0 3.42 MW BMR
1980 07 04 0404 119.530 -17.770 37.0 3.10 MW MGO
1980 07 26 0641 128.370 -16.880 19.0 3.04 MW MGO
1980 07 31 1219 120.960 -19.510 0.0 4.07 MW MGO
1980 08 01 1824 128.710 -16.440 37.0 3.00 MW MGO
1980 08 01 2019 119.360 -17.030 37.0 3.51 MW MGO
1980 08 02 0531 124.820 -29.410 0.0 3.07 MW MGO
1980 08 07 2047 123.534 -29.304 0.0 3.96 MW ISC
1980 08 17 1851 115.580 -27.460 37.0 3.14 MW MGO
1980 11 18 0549 143.200 -18.200 0.0 3.17 MW BRS
1980 11 23 1932 123.360 -30.000 10.0 3.52 MW MGO
1980 11 24 1954 123.868 -15.853 33.0 3.43 MW ISC
1980 12 05 0841 128.370 -16.650 0.0 3.03 MW MGO
1980 12 21 1320 126.570 -22.000 30.0 3.55 MW MGO
1981 01 01 0900 122.756 -17.510 33.0 4.21 MW ISC
1981 01 12 2023 112.590 -21.780 10.0 3.30 MW MGO
1981 01 21 0325 120.230 -20.690 0.0 3.34 MW MGO
1981 02 23 0437 122.142 -12.197 33.0 3.87 MW ISC
1981 02 23 0711 116.610 -25.430 0.0 3.22 MW MGO
1981 03 02 1450 120.330 -21.190 0.0 3.17 MW MGO
1981 03 15 1829 123.412 -18.590 37.0 3.37 MW ISC
1981 03 17 2138 123.230 -18.660 37.0 3.12 MW MGO
1981 04 03 2000 123.150 -18.120 0.0 3.69 MW MGO
1981 04 15 2314 126.500 -22.170 19.0 3.76 MW MGO
1981 04 16 1913 121.460 -33.100 10.0 3.26 MW MGO
1981 04 24 2103 129.100 -26.330 10.0 3.66 MW MGO
1981 05 05 0552 121.840 -18.940 37.0 3.69 MW MGO
1981 06 02 1213 121.630 -18.590 37.0 3.41 MW MGO
1981 06 18 1100 135.503 -10.325 15.0 4.71 MW EHB
1981 06 27 2333 122.654 -17.784 37.0 3.30 MW ISC
1981 06 28 0823 126.500 -17.880 17.0 3.11 MW MGO
1981 06 28 2002 117.210 -25.613 6.0 3.76 MW ISC
1981 06 29 0639 111.217 -26.356 37.0 3.58 MW ISC
1981 07 01 0842 117.150 -25.550 10.0 3.47 MW MGO
1981 07 03 1739 128.760 -16.530 10.0 3.23 MW MGO
1981 07 13 1651 122.300 -36.150 10.0 3.58 MW MGO
1981 07 14 0614 130.734 -10.997 33.0 4.11 MW ISC
1981 07 16 1246 114.240 -21.030 10.0 3.97 MW MGO
1981 07 26 1324 127.060 -26.390 0.0 3.28 MW MGO
1981 08 15 1923 121.057 -15.986 33.0 3.43 MW ISC
1981 09 04 1227 136.628 -25.178 15.1 3.36 MW ADE
1981 09 12 1320 124.090 -30.880 37.0 3.04 MW MGO
1981 09 26 0127 112.060 -23.130 10.0 3.54 MW MGO
1981 10 11 0202 116.150 -25.290 10.0 3.38 MW MGO
1981 10 25 1032 130.130 -25.050 10.0 3.48 MW BMR
1981 11 01 1546 117.267 -26.490 33.0 3.33 MW ISC
1981 11 04 2135 120.750 -18.500 37.0 3.07 MW MGO
1981 11 09 1600 116.420 -24.860 10.0 3.25 MW MGO
1981 11 14 2313 123.920 -29.790 10.0 3.49 MW MGO
1981 12 01 1836 122.190 -12.483 33.0 4.28 MW ISC
1981 12 06 0140 114.169 -22.902 0.0 3.84 MW ISC
1981 12 06 1255 128.730 -16.820 10.0 3.21 MW MGO
1981 12 14 1159 122.651 -13.902 33.0 3.75 MW ISC
1981 12 15 0043 125.120 -19.400 0.0 3.18 MW ISC
1982 01 09 0608 120.409 -21.278 28.0 3.39 MW MGO
1982 01 27 2312 125.390 -27.350 10.0 3.25 MW MGO
1982 02 08 1423 123.433 -12.627 37.0 3.08 MW ISC
1982 02 13 0826 126.643 -22.096 10.0 4.59 MW BMR
1982 02 19 0111 123.349 -18.902 0.0 3.71 MW MGO
1982 02 19 0936 118.430 -18.840 10.0 3.26 MW MGO
1982 02 19 2026 113.900 -22.290 10.0 3.03 MW MGO
1982 02 26 1524 122.490 -17.670 37.0 3.30 MW MGO
1982 02 27 1843 121.180 -18.860 37.0 3.18 MW MGO
1982 03 13 1817 120.710 -23.360 10.0 3.05 MW MGO
1982 03 17 0429 127.600 -14.974 10.0 3.62 MW ISC
1982 03 27 1543 114.000 -22.470 10.0 3.39 MW MGO
1982 03 28 2104 116.020 -25.570 10.0 3.01 MW MGO
1982 04 22 1444 120.190 -15.710 37.0 3.01 MW MGO
1982 05 26 1755 120.830 -22.240 10.0 3.48 MW MGO
1982 06 06 1406 122.257 -32.358 33.0 3.97 MW USGS
1982 06 16 1513 118.470 -18.050 37.0 4.01 MW MGO
1982 07 01 1720 127.220 -33.520 37.0 3.03 MW MGO
1982 07 04 0705 131.010 -26.470 10.0 3.14 MW MGO
1982 08 24 0232 131.420 -26.410 10.0 3.94 MW MGO
1982 09 11 1015 123.030 -30.330 10.0 3.49 MW MGO
1982 10 03 1700 115.850 -22.090 10.0 4.34 MW MGO
1982 11 03 0240 120.480 -20.530 37.0 4.28 MW MGO
1982 11 20 0200 127.090 -19.036 19.0 3.66 MW ISC
1982 12 14 1254 126.390 -22.000 10.0 3.06 MW MGO
1982 12 16 1431 121.150 -18.320 37.0 3.27 MW MGO
1982 12 31 2219 124.142 -17.450 33.0 4.23 MW ISC
1983 01 13 0247 120.100 -16.400 37.0 3.83 MW MGO
1983 01 17 2157 125.230 -32.320 10.0 3.41 MW MGO
1983 02 01 1500 126.270 -21.760 10.0 3.09 MW MGO
1983 02 03 1745 137.612 -25.946 9.0 3.14 MW ADE
1983 03 12 0400 117.240 -26.770 10.0 3.11 MW MGO
1983 03 13 1658 118.760 -18.000 37.0 3.23 MW MGO
1983 03 14 0329 128.597 -16.676 10.0 3.23 MW ISC
1983 04 03 2247 117.160 -25.190 10.0 3.02 MW MGO
1983 04 05 0450 116.350 -25.300 10.0 3.35 MW MGO
1983 04 21 2118 118.970 -18.090 37.0 3.82 MW MGO
1983 04 24 0820 116.930 -19.110 25.0 3.10 MW MGO
1983 05 04 0115 124.560 -29.590 10.0 3.02 MW MGO
1983 05 18 0036 137.630 -25.741 10.0 3.54 MW MEL
1983 05 29 1938 126.619 -12.221 33.0 4.71 MW ISC
1983 06 07 0616 125.581 -15.009 10.0 3.73 MW ISC
1983 06 29 1524 122.621 -18.972 10.0 3.17 MW ISC
1983 07 06 1941 122.290 -32.650 10.0 3.08 MW MGO
1983 07 15 1704 111.810 -25.070 10.0 3.32 MW MGO
1983 08 06 0227 112.520 -26.270 10.0 3.15 MW MGO
1983 08 29 0733 121.210 -15.850 37.0 3.09 MW MGO
1983 08 31 0721 120.180 -20.560 10.0 3.78 MW MGO
1983 09 02 1822 113.030 -23.990 10.0 3.10 MW MGO
1983 09 14 2051 130.320 -11.290 10.0 3.13 MW MGO
1983 09 26 1219 131.440 -26.920 10.0 3.09 MW MGO
1983 10 03 0751 112.940 -25.010 10.0 3.14 MW MGO
1983 10 04 0012 130.250 -24.140 10.0 3.20 MW MGO
1983 10 12 1925 130.330 -25.610 10.0 3.39 MW MGO
1983 10 24 0053 114.920 -26.940 10.0 3.59 MW MGO
1983 10 28 1201 120.700 -20.590 10.0 3.04 MW MGO
1983 10 30 0109 123.740 -16.530 37.0 3.61 MW MGO
1983 11 01 1046 118.340 -18.320 37.0 3.06 MW MGO
1983 11 11 1821 116.340 -19.560 37.0 3.13 MW MGO
1983 11 21 0304 138.099 -25.749 0.0 3.15 MW BMR
1983 11 28 1346 136.375 -24.989 20.0 3.69 MW BMR
1983 12 01 1545 126.450 -21.960 10.0 3.59 MW MGO
1983 12 18 1510 120.309 -17.084 37.0 3.35 MW ISC
1983 12 25 0306 120.090 -33.480 10.0 3.00 MW MGO
1984 01 04 1618 126.860 -15.670 10.0 3.01 MW MGO
1984 01 09 0829 130.920 -26.170 0.0 3.34 MW BMR
1984 01 11 1048 138.715 -26.758 30.3 3.40 MW ADE
1984 01 16 0225 133.400 -22.100 0.0 3.09 MW BMR
1984 01 24 1441 129.700 -21.972 0.0 3.49 MW ISC
1984 02 03 1502 119.570 -34.370 10.0 3.21 MW MGO
1984 02 08 2250 134.800 -11.400 15.0 3.54 MW BMR
1984 02 21 0559 122.720 -31.820 10.0 4.06 MW MGO
1984 03 02 0501 122.420 -17.660 10.0 3.52 MW MGO
1984 03 12 0524 133.200 -11.800 0.0 3.11 MW BMR
1984 03 16 0345 123.344 -15.003 37.0 4.47 MW ISC
1984 03 23 1938 125.520 -21.290 19.0 3.46 MW MGO
1984 03 30 1015 124.550 -27.140 10.0 3.28 MW MGO
1984 04 11 1354 119.340 -15.480 10.0 3.56 MW MGO
1984 04 12 2046 129.883 -21.512 18.0 3.35 MW ISC
1984 05 17 0412 123.060 -21.370 15.0 3.32 MW MGO
1984 06 02 1536 113.380 -22.750 10.0 3.37 MW MGO
1984 06 11 1321 122.780 -26.180 0.0 3.70 MW BMR
1984 06 30 1245 116.494 -19.937 10.0 4.06 MW ISC
1984 07 07 0439 126.659 -28.219 33.0 4.24 MW ISC
1984 07 15 1120 113.250 -18.610 10.0 3.03 MW MGO
1984 08 07 2051 127.320 -15.550 0.0 3.55 MW BMR
1984 08 08 0357 130.150 -23.200 0.0 3.45 MW BMR
1984 08 08 1524 119.340 -19.610 10.0 3.17 MW MGO
1984 09 10 0154 123.250 -20.090 10.0 3.09 MW MGO
1984 09 10 0751 123.550 -31.590 10.0 3.29 MW MGO
1984 09 12 2102 126.446 -22.016 33.0 3.81 MW ISC
1984 09 15 1623 130.860 -26.050 0.0 3.26 MW BMR
1984 09 22 2036 127.070 -26.420 10.0 3.00 MW MGO
1984 09 30 1819 120.690 -28.300 10.0 3.16 MW MGO
1984 10 01 1547 126.830 -18.760 10.0 3.26 MW MGO
1984 10 14 0047 137.492 -26.787 10.4 3.36 MW ADE
1984 10 16 1357 131.630 -10.350 10.0 3.24 MW MGO
1984 10 27 1846 114.300 -23.560 10.0 3.14 MW MGO
1984 11 18 2119 122.890 -17.670 37.0 3.04 MW MGO
1984 11 21 0428 112.390 -21.390 33.0 3.05 MW MGO
1984 12 13 1648 124.910 -26.250 10.0 3.28 MW MGO
1984 12 28 2148 125.810 -19.270 10.0 3.11 MW MGO
1984 12 28 2153 114.590 -23.780 10.0 3.28 MW MGO
1985 02 10 1559 129.910 -25.310 0.0 3.34 MW BMR
1985 02 13 2121 130.680 -20.170 0.0 3.40 MW BMR
1985 02 25 2040 117.420 -18.870 37.0 3.00 MW MGO
1985 03 03 1104 126.590 -18.270 10.0 3.22 MW MGO
1985 03 13 2152 121.678 -15.427 33.0 4.41 MW ISC
1985 03 22 0023 125.570 -22.840 10.0 3.54 MW MGO
1985 03 28 2240 112.960 -24.150 37.0 3.00 MW MGO
1985 04 03 0150 132.455 -23.016 9.0 4.59 MW ISC
1985 04 09 0718 120.520 -20.490 10.0 3.23 MW MGO
1985 04 12 0318 130.140 -14.750 10.0 3.95 MW AUST
1985 04 21 1456 121.897 -19.965 10.0 3.63 MW ISC
1985 04 24 1538 114.060 -21.730 10.0 3.45 MW MGO
1985 05 05 1650 116.630 -25.960 10.0 3.92 MW MGO
1985 05 06 1621 122.416 -12.312 33.0 4.14 MW ISC
1985 05 07 1004 118.880 -18.950 10.0 3.89 MW MGO
1985 05 20 2258 120.860 -18.410 10.0 3.53 MW MGO
1985 05 26 1243 118.580 -20.350 10.0 3.19 MW MGO
1985 06 03 1234 135.087 -12.018 33.0 3.50 MW ISC
1985 06 05 0341 122.430 -32.650 10.0 3.20 MW MGO
1985 06 10 1500 113.435 -22.398 33.0 3.95 MW ISC
1985 07 02 2345 125.300 -27.700 10.0 3.47 MW MGO
1985 07 10 0824 132.000 -25.500 0.0 3.20 MW BMR
1985 07 23 0947 126.797 -19.310 10.0 4.29 MW ISC
1985 07 28 0739 122.582 -32.554 5.8 4.80 MW EHB
1985 07 29 0713 124.260 -28.100 10.0 3.29 MW MGO
1985 08 13 1234 117.869 -18.892 37.0 3.61 MW ISC
1985 08 18 0109 113.960 -22.960 10.0 3.73 MW MGO
1985 09 10 1157 130.240 -18.050 33.0 5.07 MW ISC
1985 09 13 2116 127.970 -17.750 10.0 3.01 MW MGO
1985 11 05 2205 113.700 -21.780 37.0 3.23 MW MGO
1985 11 13 1748 120.515 -16.552 33.0 3.42 MW ISC
1985 11 15 0835 113.530 -23.740 10.0 3.76 MW MGO
1985 11 24 0926 124.640 -15.910 33.0 4.11 MW MGO
1985 11 29 1932 114.360 -25.930 10.0 3.05 MW MGO
1986 01 02 2313 115.150 -20.790 5.0 3.14 MW MGO
1986 01 14 0038 113.440 -23.870 5.0 3.96 MW MGO
1986 01 20 0746 122.340 -32.360 5.0 4.06 MW MGO
1986 01 20 2331 124.220 -29.050 10.0 3.46 MW MGO
1986 02 02 2256 115.930 -20.290 5.0 3.04 MW MGO
1986 02 06 1144 119.201 -18.654 5.0 3.54 MW ISC
1986 03 16 0644 126.610 -28.100 5.0 3.52 MW MGO
1986 03 30 0853 132.734 -26.310 5.0 5.70 MW EHB
1986 03 30 2121 113.830 -20.020 5.0 3.10 MW MGO
1986 04 13 1515 120.220 -21.860 5.0 3.01 MW MGO
1986 04 14 0633 126.270 -21.760 5.0 3.09 MW MGO
1986 04 14 1932 131.345 -24.879 10.0 3.91 MW BMR
1986 04 16 0601 123.480 -20.450 5.0 3.33 MW MGO
1986 04 20 1141 115.010 -19.590 5.0 3.39 MW MGO
1986 04 24 0823 127.880 -18.090 5.0 3.15 MW MGO
1986 05 02 2224 137.543 -25.957 5.0 3.47 MW AUST
1986 05 08 1747 116.540 -19.620 5.0 3.26 MW MGO
1986 05 17 1457 119.800 -33.760 5.0 3.48 MW MGO
1986 05 21 2042 116.220 -25.310 5.0 3.44 MW MGO
1986 05 26 0555 128.992 -27.768 5.0 4.13 MW BMR
1986 05 31 2038 117.949 -18.846 10.0 3.76 MW ISC
1986 06 05 1115 129.340 -28.238 29.9 3.28 MW ADE
1986 06 15 0233 125.930 -25.340 5.0 3.11 MW MGO
1986 06 16 0442 129.360 -21.200 5.0 3.06 MW MGO
1986 06 23 1530 124.780 -27.590 5.0 3.68 MW MGO
1986 06 27 0130 140.195 -25.515 4.8 3.01 MW ADE
1986 07 11 0613 130.555 -25.699 0.0 3.04 MW BMR
1986 07 20 0125 126.460 -21.980 5.0 3.21 MW MGO
1986 08 24 0454 126.705 -21.648 10.0 3.48 MW ISC
1986 09 04 1910 133.333 -33.619 21.9 3.18 MW ADE
1986 09 06 1041 119.050 -22.730 5.0 3.20 MW MGO
1986 09 13 0237 120.950 -15.810 5.0 3.60 MW MGO
1986 09 13 1913 113.250 -22.680 5.0 3.07 MW MGO
1986 09 16 1616 122.310 -32.590 5.0 3.44 MW MGO
1986 10 01 1319 126.240 -32.250 5.0 3.01 MW MGO
1986 10 16 2136 114.590 -22.610 5.0 4.04 MW MGO
1986 10 27 1708 128.220 -23.110 5.0 3.02 MW MGO
1986 11 05 0757 118.850 -18.470 5.0 3.67 MW MGO
1986 11 07 2153 139.860 -24.796 17.5 3.36 MW ADE
1986 11 28 1546 129.779 -25.433 5.0 3.93 MW BMR
1986 12 04 1347 115.830 -20.250 5.0 3.80 MW MGO
1986 12 14 0932 121.510 -19.180 5.0 3.46 MW MGO
1986 12 18 0126 122.808 -17.265 5.0 3.37 MW ISC
1986 12 18 0658 116.820 -27.830 5.0 4.07 MW MGO
1986 12 30 1700 116.090 -20.650 5.0 3.08 MW MGO
1987 01 07 0526 117.750 -19.310 5.0 3.26 MW MGO
1987 02 24 0810 122.220 -32.510 5.0 3.08 MW MGO
1987 03 14 1925 114.100 -22.750 5.0 3.15 MW MGO
1987 03 29 1539 118.840 -18.900 5.0 3.00 MW MGO
1987 03 30 0510 131.519 -26.062 33.0 3.72 MW BMR
1987 04 10 0643 122.100 -17.250 5.0 3.25 MW MGO
1987 04 17 1658 115.980 -25.460 23.0 3.10 MW MGO
1987 05 02 2349 121.428 -30.710 5.0 3.22 MW MGO
1987 05 17 1542 122.590 -17.470 5.0 3.04 MW MGO
1987 05 21 0315 128.348 -16.842 0.0 3.39 MW BMR
1987 06 03 1501 123.590 -35.180 5.0 3.00 MW MGO
1987 06 19 1332 116.690 -20.560 5.0 3.55 MW MGO
1987 06 21 1615 118.990 -18.170 5.0 3.64 MW MGO
1987 07 05 1105 120.700 -18.470 5.0 3.14 MW MGO
1987 07 08 1038 122.280 -32.540 5.0 4.43 MW MGO
1987 07 19 0303 113.060 -27.220 5.0 4.22 MW MGO
1987 07 24 0019 129.663 -22.573 25.0 3.09 MW BMR
1987 08 19 1621 128.619 -24.455 0.0 3.30 MW BMR
1987 08 21 0939 122.370 -32.660 5.0 3.13 MW MGO
1987 08 30 1423 128.679 -16.739 14.0 4.20 MW BMR
1987 09 18 0041 119.220 -16.760 5.0 3.47 MW MGO
1987 09 24 2046 115.650 -19.670 5.0 3.68 MW MGO
1987 09 28 1500 121.189 -13.252 33.0 3.73 MW ISC
1987 10 09 0358 121.262 -30.913 16.0 4.04 MW MGO
1987 10 16 1119 112.560 -25.760 5.0 3.98 MW MGO
1987 10 21 0233 112.840 -26.360 5.0 3.33 MW MGO
1987 10 25 2242 119.220 -18.170 5.0 3.40 MW MGO
1987 11 01 1527 126.600 -22.080 5.0 3.19 MW MGO
1987 11 06 1336 122.966 -13.388 10.0 3.68 MW ISC
1987 11 15 1237 114.000 -23.310 5.0 3.23 MW MGO
1987 11 19 1800 120.150 -21.300 25.0 3.55 MW MGO
1987 12 04 1315 120.624 -17.655 10.0 4.30 MW ISC
1987 12 13 1529 126.270 -29.610 5.0 3.18 MW MGO
1987 12 20 1211 121.083 -30.483 5.0 3.48 MW MGO
1987 12 25 1936 120.652 -16.326 10.0 3.92 MW ISC
1987 12 27 0807 114.380 -23.760 5.0 3.53 MW MGO
1988 01 20 1740 116.370 -18.000 5.0 3.11 MW MGO
1988 01 22 1204 133.854 -19.896 5.0 6.58 MW EHB
1988 02 06 0524 124.730 -16.601 15.0 5.10 MW EHB
1988 03 10 1415 130.650 -14.630 10.0 5.07 MW ISC
1988 03 12 1359 128.829 -16.640 5.0 3.21 MW BMR
1988 04 23 2338 126.628 -21.817 5.0 3.23 MW BMR
1988 05 08 1553 124.730 -22.830 5.0 3.14 MW MGO
1988 05 09 1924 126.430 -21.920 5.0 3.22 MW MGO
1988 05 18 0903 122.280 -18.960 5.0 3.20 MW MGO
1988 05 26 1704 116.910 -27.900 5.0 3.07 MW MGO
1988 05 29 0606 122.435 -13.864 10.0 3.34 MW ISC
1988 06 15 0913 126.500 -31.720 5.0 4.27 MW MGO
1988 06 23 1131 128.606 -16.814 10.0 4.15 MW ISC
1988 07 05 0900 123.070 -22.500 5.0 3.08 MW MGO
1988 07 14 2236 128.783 -16.862 33.0 4.02 MW BMR
1988 07 16 0016 117.050 -25.080 5.0 3.20 MW MGO
1988 07 30 0414 123.540 -18.410 5.0 3.17 MW MGO
1988 08 08 1813 126.573 -27.243 5.0 3.95 MW BMR
1988 08 11 0526 121.082 -14.783 5.0 3.50 MW ISC
1988 08 15 0413 122.220 -32.510 5.0 3.60 MW MGO
1988 08 22 1313 121.660 -16.420 5.0 3.40 MW MGO
1988 08 25 2133 128.583 -16.694 10.0 3.31 MW ISC
1988 09 21 0228 128.130 -17.380 5.0 3.50 MW MGO
1988 09 25 0628 132.342 -31.226 15.3 3.43 MW ADE
1988 10 19 1549 115.310 -22.840 5.0 3.33 MW MGO
1988 10 24 1759 115.830 -20.260 5.0 3.33 MW MGO
1988 11 01 0425 129.540 -25.090 5.0 3.22 MW AUST
1988 11 02 1848 140.122 -15.114 10.0 3.47 MW BMR
1988 11 23 2007 122.990 -27.433 5.0 3.03 MW BMR
1988 11 24 2344 116.440 -25.350 5.0 3.25 MW MGO
1988 11 27 1407 123.010 -30.370 5.0 3.40 MW MGO
1988 11 30 1429 127.970 -10.055 183.0 3.87 MW USGS
1988 12 15 1856 124.583 -19.164 5.0 3.76 MW BMR
1988 12 23 0424 126.510 -22.000 5.0 3.13 MW MGO
1988 12 25 1001 117.730 -27.420 5.0 3.22 MW MGO
1988 12 29 1140 117.890 -18.680 5.0 3.04 MW MGO
1989 01 07 1141 116.060 -25.390 5.0 3.77 MW MGO
1989 01 24 0458 128.725 -10.658 147.0 4.35 MW ISC
1989 02 17 1151 117.550 -19.340 5.0 3.14 MW MGO
1989 02 17 1416 121.148 -14.933 5.0 3.26 MW ISC
1989 02 24 1216 113.940 -20.030 5.0 3.23 MW MGO
1989 02 27 2325 122.586 -12.337 33.0 3.87 MW ISC
1989 03 03 0051 121.570 -21.690 5.0 3.12 MW MGO
1989 03 03 1326 123.661 -29.340 10.0 4.92 MW ISC
1989 03 21 1800 114.580 -23.240 10.0 3.60 MW MGO
1989 04 01 0517 127.770 -19.280 10.0 3.28 MW ISC
1989 04 07 1845 122.180 -12.525 33.0 4.70 MW ISC
1989 04 10 0737 126.618 -17.124 5.0 3.37 MW MGO
1989 04 17 0349 123.760 -28.746 5.0 3.29 MW MGO
1989 05 05 0616 131.399 -17.995 10.0 3.23 MW ISC
1989 05 28 0255 130.755 -25.139 28.6 4.99 MW EHB
1989 07 04 1244 113.574 -20.224 5.0 3.09 MW MGO
1989 07 27 0607 125.467 -26.092 5.0 3.18 MW MGO
1989 08 10 1545 124.696 -29.952 5.0 3.02 MW MGO
1989 09 12 0943 128.396 -15.559 33.0 4.59 MW ISC
1989 09 12 1007 116.081 -25.617 5.0 3.00 MW MGO
1989 09 13 2152 129.969 -21.517 5.0 3.12 MW BMR
1989 10 11 0704 134.473 -11.355 5.0 3.42 MW BMR
1989 10 12 0403 122.916 -27.686 5.0 3.23 MW MGO
1989 11 04 0057 127.798 -17.236 5.0 3.43 MW MGO
1989 12 05 2249 118.942 -21.318 10.0 3.64 MW ISC
1989 12 09 1609 141.090 -22.200 5.0 3.06 MW AGSO
1989 12 21 1729 114.086 -21.867 5.0 3.13 MW MGO
1990 01 12 0549 131.570 -25.620 5.0 3.59 MW BMR
1990 01 12 0950 131.239 -23.053 5.0 4.31 MW AUST
1990 02 14 1350 137.633 -26.313 13.5 3.28 MW ADE
1990 02 18 2247 117.982 -18.183 5.0 4.40 MW ISC
1990 02 20 1418 128.532 -16.713 10.0 3.28 MW ISC
1990 03 03 0631 138.177 -25.859 8.4 3.21 MW ADE
1990 03 05 1258 127.775 -26.262 3.0 3.14 MW MGO
1990 03 20 2109 124.310 -18.506 5.0 3.51 MW ISC
1990 03 21 1337 129.510 -25.430 10.0 4.40 MW AUST
1990 03 24 1545 137.799 -25.945 5.8 3.14 MW ADE
1990 03 28 0713 121.485 -30.760 1.0 3.14 MW MGO
1990 03 30 1131 113.385 -24.022 5.0 3.59 MW MGO
1990 04 01 1035 122.589 -13.359 33.0 3.50 MW ISC
1990 04 13 1722 136.920 -19.844 5.0 3.07 MW AUST
1990 04 15 0620 114.057 -22.327 5.0 3.36 MW MGO
1990 04 21 2136 127.301 -26.144 10.0 3.28 MW MGO
1990 05 09 0014 114.679 -21.615 5.0 3.00 MW MGO
1990 05 28 0823 113.839 -27.549 5.0 3.14 MW MGO
1990 06 09 1342 143.269 -11.898 0.0 4.40 MW ISC
1990 06 25 1216 121.416 -12.530 33.0 3.87 MW ISC
1990 06 26 2030 126.799 -18.698 5.0 3.43 MW MGO
1990 06 27 1423 123.117 -18.833 5.0 3.28 MW MGO
1990 07 08 1100 121.453 -18.886 28.0 3.07 MW MGO
1990 07 13 1818 116.318 -18.853 5.0 3.21 MW MGO
1990 07 17 0513 121.477 -30.769 1.0 3.36 MW MGO
1990 07 28 1339 134.900 -12.400 5.0 3.82 MW AUST
1990 08 11 1754 130.270 -23.120 10.0 4.40 MW ISC
1990 08 17 1214 122.631 -17.849 10.0 4.15 MW ISC
1990 08 28 1004 112.751 -22.864 5.2 3.66 MW MGO
1990 09 03 1703 123.510 -31.180 9.0 3.00 MW MGO
1990 09 07 1417 118.312 -14.140 10.0 3.87 MW USGS
1990 09 12 1205 122.870 -18.630 5.0 3.36 MW MGO
1990 09 27 1241 137.510 -25.910 10.0 3.82 MW ISC
1990 10 09 1816 128.895 -14.286 5.0 3.43 MW MGO
1990 10 15 1949 113.924 -22.505 5.0 3.36 MW ISC
1990 10 17 1432 115.214 -25.059 31.0 3.00 MW MGO
1990 10 18 0952 115.804 -25.912 5.0 3.14 MW MGO
1990 10 29 0452 116.823 -20.709 37.0 3.07 MW MGO
1990 11 25 2146 126.400 -21.730 5.0 3.21 MW MGO
1990 12 01 2054 131.809 -26.527 12.9 3.43 MW ADE
1990 12 01 2235 131.325 -26.582 21.6 4.06 MW ADE
1991 01 09 1022 123.921 -17.534 10.0 3.74 MW ISC
1991 02 04 0827 115.712 -18.718 5.0 3.74 MW MGO
1991 02 08 0015 114.246 -24.638 5.0 3.14 MW MGO
1991 02 08 1657 118.100 -18.748 5.0 3.00 MW MGO
1991 02 09 0124 139.800 -15.470 0.0 3.43 MW AUST
1991 02 13 0735 125.653 -29.775 1.0 3.14 MW MGO
1991 02 21 2052 116.843 -17.784 5.0 3.07 MW MGO
1991 03 09 0136 121.423 -30.761 11.0 4.15 MW MGO
1991 03 09 1522 120.752 -20.570 5.0 3.14 MW MGO
1991 03 12 1040 114.573 -27.775 5.0 3.00 MW MGO
1991 03 15 0429 124.655 -29.360 1.0 3.21 MW MGO
1991 03 17 0938 114.010 -28.092 5.0 3.43 MW MGO
1991 03 24 0311 115.962 -21.914 5.0 3.21 MW MGO
1991 04 09 1400 116.993 -20.647 5.0 3.51 MW MGO
1991 04 14 0746 111.306 -26.664 5.0 3.74 MW ISC
1991 04 18 0450 132.807 -26.447 10.0 3.21 MW ADE
1991 04 20 1508 112.506 -27.384 5.0 3.28 MW MGO
1991 05 06 0709 131.000 -13.910 5.0 3.21 MW AUST
1991 05 07 0528 118.407 -18.799 5.0 3.21 MW MGO
1991 05 15 0906 113.042 -22.325 35.0 3.21 MW MGO
1991 05 16 0202 116.093 -25.457 9.0 3.14 MW MGO
1991 05 21 0212 125.486 -15.455 5.0 3.21 MW MGO
1991 06 14 1222 122.318 -32.603 5.0 3.66 MW MGO
1991 06 17 0452 121.678 -19.974 5.0 3.28 MW MGO
1991 06 23 1520 113.147 -27.431 5.0 3.00 MW MGO
1991 07 02 0648 111.266 -26.954 5.0 3.66 MW MGO
1991 07 28 0531 122.305 -17.719 5.0 3.28 MW MGO
1991 08 06 1411 143.247 -17.915 5.0 4.66 MW ISC
1991 08 18 1156 128.607 -16.770 10.0 3.90 MW ISC
1991 08 22 0916 123.763 -16.568 5.0 3.07 MW MGO
1991 08 30 1404 119.671 -20.535 5.0 3.43 MW MGO
1991 09 05 0611 112.678 -25.093 5.0 3.21 MW MGO
1991 09 11 0212 114.042 -22.536 5.0 3.14 MW MGO
1991 09 21 1808 123.653 -35.298 34.0 3.00 MW MGO
1991 09 23 2119 120.786 -21.171 10.0 3.98 MW ISC
1991 10 04 1746 114.126 -27.916 5.0 3.00 MW MGO
1991 10 06 2259 129.087 -16.877 5.0 3.66 MW MGO
1991 10 09 1646 128.663 -16.706 5.0 3.74 MW ISC
1991 10 18 0907 114.126 -20.500 5.0 4.23 MW MGO
1991 10 21 1944 123.493 -35.208 5.0 3.07 MW MGO
1991 10 24 0457 116.137 -20.340 5.0 3.00 MW MGO
1991 10 25 0505 119.907 -20.460 5.0 3.21 MW MGO
1991 11 05 0926 122.097 -32.836 5.0 3.82 MW MGO
1991 11 14 1843 118.930 -21.091 5.0 3.00 MW MGO
1991 11 18 0449 119.420 -20.398 5.0 3.51 MW MGO
1991 11 24 1438 117.001 -19.375 5.0 3.28 MW MGO
1991 12 06 1458 112.167 -26.763 5.0 3.43 MW MGO
1991 12 22 1601 128.547 -16.383 5.0 3.07 MW MGO
1992 01 07 0631 123.374 -30.496 37.0 3.28 MW MGO
1992 01 18 0249 126.708 -19.856 5.0 3.21 MW MGO
1992 03 10 0347 130.077 -25.449 5.0 3.36 MW AUST
1992 03 15 0631 124.663 -28.752 5.0 3.07 MW MGO
1992 03 16 2044 114.272 -22.435 5.0 3.07 MW MGO
1992 03 31 0214 126.875 -18.820 10.0 3.99 MW ISC
1992 03 31 1722 116.218 -25.524 5.0 3.07 MW MGO
1992 04 16 0801 116.674 -24.416 5.3 3.43 MW MGO
1992 04 18 2040 123.250 -17.322 10.0 3.59 MW ISC
1992 04 28 2134 116.485 -27.539 37.0 3.36 MW MGO
1992 05 14 0132 122.210 -32.309 5.0 3.14 MW MGO
1992 06 02 0116 127.954 -22.015 5.0 3.36 MW MGO
1992 06 13 1805 130.096 -23.862 16.0 4.40 MW ISC
1992 06 14 1528 129.200 -21.450 10.0 3.28 MW ISC
1992 06 15 0202 116.650 -24.410 5.0 3.00 MW MGO
1992 06 25 1959 113.135 -23.552 5.0 3.36 MW MGO
1992 07 01 0435 111.856 -19.030 5.0 4.23 MW ISC
1992 07 07 1609 121.052 -21.360 10.0 3.36 MW ISC
1992 07 12 1746 123.066 -19.903 5.0 3.21 MW MGO
1992 07 14 0519 129.220 -22.160 10.0 3.43 MW ISC
1992 07 15 0017 126.433 -22.064 5.0 4.66 MW AUST
1992 07 18 0753 121.169 -15.598 5.0 3.00 MW MGO
1992 07 27 0940 129.286 -24.284 5.0 3.21 MW MGO
1992 07 27 1159 122.139 -17.616 5.0 3.98 MW MGO
1992 08 02 0734 126.730 -19.906 5.0 3.36 MW MGO
1992 08 05 2152 114.409 -21.585 5.0 3.14 MW MGO
1992 08 10 0024 136.387 -25.822 5.0 3.07 MW AUST
1992 08 20 1845 130.075 -23.693 5.0 3.00 MW AUST
1992 08 21 1131 137.671 -25.888 5.0 3.00 MW AUST
1992 08 21 2053 130.136 -16.818 5.0 3.90 MW AUST
1992 08 22 1054 128.791 -27.452 5.0 3.82 MW ADE
1992 08 27 1919 123.600 -12.407 33.0 3.74 MW ISC
1992 08 30 1740 119.064 -18.214 5.0 3.28 MW MGO
1992 09 30 1118 134.466 -11.379 15.0 4.93 MW EHB
1992 10 21 2142 121.912 -15.252 5.0 3.36 MW ISC
1992 10 23 2237 120.496 -13.783 33.0 4.49 MW ISC
1992 10 27 1715 119.110 -18.193 33.0 3.82 MW ISC
1992 10 31 1107 123.624 -35.197 5.0 3.07 MW MGO
1992 11 09 0536 119.275 -18.202 5.0 3.51 MW MGO
1992 11 16 2104 127.206 -17.034 5.0 3.36 MW MGO
1992 11 29 1557 116.356 -23.937 10.0 3.21 MW ISC
1992 11 29 1629 118.607 -14.015 10.0 4.14 MW USGS
1992 12 02 1138 125.960 -32.066 5.0 3.07 MW MGO
1992 12 03 1737 131.395 -25.931 10.0 3.66 MW ISC
1992 12 12 0709 115.992 -25.378 5.0 3.07 MW MGO
1992 12 29 2020 129.870 -25.404 0.0 3.98 MW AUST
1993 01 11 1820 134.018 -34.640 12.8 3.00 MW ADE
1993 01 24 1950 113.242 -19.900 5.0 3.00 MW MGO
1993 01 28 2046 116.865 -27.890 5.0 3.28 MW MGO
1993 02 21 1823 113.596 -22.337 5.0 3.07 MW MGO
1993 02 27 2208 122.317 -32.625 5.0 3.51 MW MGO
1993 03 03 0723 113.955 -22.859 5.0 3.00 MW MGO
1993 03 08 1142 120.793 -21.108 5.0 3.51 MW MGO
1993 03 11 2216 114.606 -21.552 5.0 3.59 MW MGO
1993 03 17 2358 121.057 -15.961 5.0 3.00 MW MGO
1993 03 22 0208 129.903 -25.392 0.0 3.36 MW AUST
1993 03 26 0020 113.925 -22.043 37.5 3.21 MW MGO
1993 03 27 0808 122.821 -18.561 5.0 3.28 MW MGO
1993 04 05 1754 127.593 -25.768 5.0 3.21 MW MGO
1993 04 15 0005 121.138 -15.724 10.0 3.43 MW ISC
1993 04 27 1155 116.497 -24.343 5.0 3.07 MW MGO
1993 04 28 1450 119.434 -17.822 5.0 3.14 MW MGO
1993 05 14 2014 113.472 -22.978 5.0 3.98 MW MGO
1993 05 26 0327 122.196 -32.533 5.0 3.00 MW MGO
1993 05 28 1503 121.806 -28.218 1.0 3.66 MW MGO
1993 06 02 1718 116.334 -20.026 33.0 3.00 MW MGO
1993 06 07 1508 119.174 -18.093 5.0 3.21 MW MGO
1993 06 10 0336 122.298 -32.458 5.0 3.43 MW MGO
1993 07 06 2359 126.368 -22.569 5.0 3.43 MW MGO
1993 07 09 1006 115.713 -24.458 5.0 3.66 MW MGO
1993 07 10 1231 113.561 -19.368 5.0 3.59 MW MGO
1993 07 20 1951 120.560 -15.498 5.0 3.07 MW MGO
1993 08 11 1914 126.841 -19.514 10.0 3.59 MW ISC
1993 08 20 2207 143.762 -16.859 8.0 3.14 MW BRS
1993 08 28 1926 127.925 -16.133 5.0 3.36 MW ISC
1993 09 19 2002 127.403 -15.764 5.0 3.07 MW MGO
1993 09 24 0526 118.827 -18.296 5.0 3.00 MW MGO
1993 09 29 1749 140.448 -26.115 5.0 3.00 MW AUST
1993 10 03 0231 113.722 -22.019 5.0 3.21 MW MGO
1993 10 29 0814 114.582 -18.803 5.0 4.15 MW ISC
1993 11 20 0120 113.978 -23.051 5.0 3.14 MW MGO
1993 11 20 0738 125.726 -20.590 5.0 3.43 MW MGO
1993 11 30 0051 125.087 -29.892 5.0 3.36 MW MGO
1993 12 18 1927 133.857 -11.827 19.3 4.59 MW ISC
1993 12 31 1040 126.731 -19.881 5.0 3.00 MW MGO
1994 01 07 1213 122.297 -32.425 5.0 3.21 MW MGO
1994 01 26 1733 122.316 -32.372 5.0 3.00 MW MGO
1994 02 20 1432 123.757 -29.608 5.0 3.36 MW MGO
1994 02 28 0758 127.270 -15.172 5.0 3.36 MW MGO
1994 03 23 1150 117.714 -20.292 5.0 3.74 MW MGO
1994 04 07 2057 134.799 -11.978 33.0 3.21 MW AGSO
1994 04 19 1125 126.548 -21.917 5.0 3.51 MW MGO
1994 04 20 2040 116.288 -20.224 5.0 3.14 MW MGO
1994 04 26 0408 128.632 -16.477 5.0 3.00 MW MGO
1994 05 02 1230 111.727 -26.118 5.0 3.07 MW MGO
1994 06 26 0736 133.815 -33.605 13.3 3.36 MW ADE
1994 07 04 0910 141.530 -19.580 5.0 3.82 MW AGSO
1994 07 05 1907 141.589 -20.055 5.0 4.15 MW AGSO
1994 07 22 1136 123.418 -12.199 33.0 3.38 MW ISC
1994 08 22 0331 126.315 -21.986 5.0 3.51 MW AUST
1994 09 01 0625 130.459 -22.873 5.0 3.28 MW AGSO
1994 09 04 1301 124.253 -30.688 5.0 4.23 MW AGSO
1994 09 12 1203 136.427 -22.512 5.0 3.90 MW AGSO
1994 10 08 1710 114.428 -22.604 5.0 3.07 MW MGO
1994 10 09 1501 128.070 -16.652 5.0 3.66 MW MGO
1994 10 11 1034 121.307 -33.294 3.0 3.90 MW AGSO
1994 10 19 2007 123.602 -35.208 5.0 3.43 MW MGO
1994 10 25 0809 123.689 -12.213 33.0 4.11 MW ISC
1994 11 03 1338 111.634 -25.902 5.0 3.00 MW MGO
1994 12 02 1942 130.133 -23.587 0.0 4.15 MW AGSO
1994 12 24 0818 139.311 -11.208 5.0 3.59 MW AGSO
1994 12 27 1910 130.248 -23.649 5.0 3.21 MW AGSO
1995 01 03 0633 131.316 -14.037 5.0 4.06 MW ISC
1995 01 07 0330 126.620 -28.153 5.0 3.07 MW MGO
1995 01 09 0533 120.526 -20.936 5.0 3.59 MW MGO
1995 01 11 2238 132.052 -23.401 3.0 3.07 MW AUST
1995 01 18 1302 131.906 -25.995 5.0 3.07 MW AUST
1995 01 20 0804 120.780 -20.891 5.0 3.36 MW MGO
1995 01 27 1914 123.229 -18.859 5.0 3.51 MW MGO
1995 01 28 0720 121.450 -30.773 0.0 3.07 MW MGO
1995 02 11 0812 113.904 -27.206 5.0 3.14 MW MGO
1995 02 16 1227 122.109 -16.943 5.0 3.07 MW MGO
1995 02 21 0126 122.512 -18.886 5.0 3.28 MW MGO
1995 02 23 0403 126.226 -21.905 5.0 3.43 MW MGO
1995 03 06 1056 129.814 -22.129 6.0 3.43 MW AGSO
1995 03 16 2301 130.406 -23.347 5.0 3.21 MW AGSO
1995 03 17 0927 123.529 -18.086 5.0 3.14 MW MGO
1995 03 28 0732 120.440 -27.696 5.0 3.14 MW MGO
1995 03 29 1229 112.978 -28.902 5.0 3.00 MW MGO
1995 04 05 2338 126.953 -32.672 5.0 3.98 MW MGO
1995 04 05 2355 115.762 -25.576 5.0 3.00 MW MGO
1995 04 06 0402 129.025 -17.909 5.0 3.07 MW MGO
1995 04 20 1403 123.605 -12.230 24.5 3.99 MW ISC
1995 05 11 0006 140.960 -19.220 0.0 3.21 MW AGSO
1995 05 29 2033 136.600 -24.800 5.0 3.36 MW AGSO
1995 06 04 2036 125.796 -24.119 5.0 3.74 MW MGO
1995 06 18 0745 126.380 -11.116 150.0 4.15 MW ISC
1995 06 25 2023 121.439 -16.066 5.0 3.43 MW ISC
1995 07 01 1843 122.416 -17.483 36.5 3.36 MW MGO
1995 07 10 1225 132.316 -22.357 0.0 3.36 MW ISC
1995 08 05 0734 113.495 -19.317 5.0 3.36 MW MGO
1995 08 07 0030 120.146 -21.362 5.0 3.28 MW MGO
1995 08 10 0650 131.704 -22.357 0.0 3.28 MW ISC
1995 08 15 0157 120.813 -18.414 5.0 3.28 MW MGO
1995 08 17 1336 113.199 -25.618 5.0 3.28 MW MGO
1995 08 20 1957 122.619 -12.385 59.0 3.87 MW ISC
1995 08 25 1150 112.183 -23.754 5.0 4.35 MW ISC
1995 09 11 1903 117.100 -25.476 5.0 3.00 MW MGO
1995 09 15 0440 118.049 -19.354 22.0 3.21 MW MGO
1995 09 21 0940 127.504 -22.249 10.0 3.87 MW ISC
1995 10 01 1139 134.483 -19.832 24.0 3.66 MW ISC
1995 10 19 0355 122.835 -18.546 5.0 3.43 MW MGO
1995 10 20 0739 116.411 -24.977 5.0 3.07 MW MGO
1995 10 27 0420 129.276 -34.631 20.0 3.74 MW ADE
1995 10 29 0655 113.531 -24.063 5.0 3.51 MW MGO
1995 10 30 1905 135.510 -10.020 151.0 3.02 MW ISC
1995 11 11 1034 131.767 -25.950 10.0 3.00 MW ISC
1995 11 20 1116 131.450 -25.991 10.0 3.59 MW ISC
1995 12 09 1015 128.319 -16.635 5.0 3.00 MW MEL
1995 12 10 1251 123.248 -14.281 5.0 3.43 MW ISC
1995 12 12 2211 124.282 -18.527 5.0 3.43 MW MGO
1995 12 16 0156 127.454 -21.081 5.0 3.51 MW MGO
1995 12 25 1509 134.070 -18.917 0.0 3.28 MW ISC
1995 12 26 1259 114.526 -22.756 5.0 3.00 MW MGO
1996 01 09 0407 112.237 -23.336 5.0 3.07 MW MGO
1996 01 13 1919 129.327 -10.342 626.0 3.75 MW ISC
1996 01 22 1234 120.813 -21.123 5.0 3.21 MW MGO
1996 01 26 1041 117.205 -19.438 5.0 3.14 MW MGO
1996 02 04 1755 120.897 -18.863 5.0 3.51 MW MGO
1996 03 10 1800 128.420 -20.540 5.0 3.21 MW MGO
1996 03 11 2324 127.149 -16.578 5.0 3.66 MW MGO
1996 03 13 0340 123.064 -12.584 33.0 3.98 MW ISC
1996 03 17 2239 114.302 -21.820 5.0 3.51 MW MGO
1996 03 26 1400 112.556 -23.092 5.0 3.00 MW MGO
1996 03 30 0717 121.454 -30.727 1.0 3.07 MW MGO
1996 04 02 0355 127.890 -10.600 64.0 3.59 MW EIDC
1996 04 06 0846 119.397 -17.902 5.0 3.36 MW MGO
1996 04 08 0619 123.914 -31.266 5.0 3.00 MW MGO
1996 04 22 0958 126.595 -22.082 5.0 3.66 MW MGO
1996 04 28 2052 128.651 -16.663 18.0 3.21 MW MGO
1996 04 30 1358 128.803 -11.753 33.0 3.02 MW ISC
1996 05 10 1248 120.163 -20.856 14.6 3.51 MW MGO
1996 05 21 2021 121.966 -18.535 30.0 3.36 MW MGO
1996 05 28 0126 128.573 -10.213 67.0 3.62 MW ISC
1996 06 01 0715 121.468 -30.743 1.0 3.28 MW MGO
1996 06 13 1552 142.488 -15.553 10.0 3.28 MW AGSO
1996 07 02 1627 129.430 -10.850 0.0 3.28 MW EIDC
1996 07 04 1241 134.200 -20.080 0.0 3.07 MW EIDC
1996 07 09 0926 129.936 -26.990 5.0 3.36 MW MGO
1996 07 15 0519 116.075 -26.239 18.0 3.14 MW MGO
1996 07 16 1857 126.628 -18.083 5.0 3.07 MW MGO
1996 08 01 0618 131.610 -11.590 5.0 3.21 MW AUST
1996 08 07 1502 129.757 -16.643 5.0 3.07 MW MGO
1996 08 16 1158 127.206 -11.901 33.0 3.14 MW ISC
1996 08 18 1142 123.668 -35.210 5.0 3.21 MW AGSO
1996 08 29 1214 120.132 -21.034 5.0 3.74 MW MGO
1996 09 02 0546 128.652 -16.563 1.0 3.21 MW MGO
1996 09 04 1211 130.685 -26.444 0.0 3.21 MW AUST
1996 09 06 2024 115.047 -27.240 5.0 3.43 MW MGO
1996 09 19 1144 121.382 -12.515 33.0 3.73 MW ISC
1996 10 23 1823 128.650 -16.598 5.0 3.66 MW MGO
1996 11 08 0038 114.852 -23.998 5.0 3.07 MW MGO
1996 11 12 0502 130.005 -21.963 11.0 3.21 MW AUST
1996 11 20 0555 113.280 -21.970 0.0 3.43 MW EIDC
1996 11 30 1723 117.480 -25.230 10.0 3.50 MW USGS
1996 11 30 1738 116.682 -24.560 5.0 3.28 MW MGO
1996 12 01 0450 132.988 -26.695 5.0 3.51 MW MGO
1996 12 03 0755 119.749 -32.004 1.0 3.28 MW MGO
1996 12 06 0401 128.704 -23.405 5.0 3.14 MW MGO
1996 12 08 2129 124.630 -15.197 33.0 3.66 MW ISC
1996 12 10 0602 128.448 -26.251 5.0 3.51 MW MGO
1996 12 21 1231 135.300 -10.630 386.0 3.02 MW EIDC
1996 12 29 0745 128.583 -16.892 5.0 3.07 MW MGO
1996 12 31 1504 122.458 -17.708 5.0 3.36 MW MGO
1997 01 22 1504 112.051 -23.659 17.0 3.07 MW MGO
1997 02 02 1936 124.073 -13.884 33.0 3.38 MW ISC
1997 02 05 1455 123.271 -29.851 5.0 3.43 MW MGO
1997 02 06 1356 123.916 -30.128 5.0 3.43 MW MGO
1997 02 20 1445 120.863 -15.951 5.0 3.59 MW MGO
1997 02 21 0826 125.243 -27.411 5.0 3.07 MW MGO
1997 02 21 0932 114.728 -24.035 5.0 3.07 MW MGO
1997 02 22 0848 126.327 -21.757 12.0 3.82 MW MGO
1997 03 03 0305 127.003 -16.597 5.0 3.43 MW MGO
1997 03 03 1953 134.702 -37.350 13.4 3.51 MW ADE
1997 03 14 2358 130.547 -10.848 12.0 3.28 MW AGSO
1997 03 18 2324 119.532 -19.209 33.0 3.43 MW ISC
1997 04 21 1337 113.898 -22.729 5.0 3.28 MW MGO
1997 04 25 1328 115.449 -25.336 5.0 3.00 MW MGO
1997 05 18 0835 112.975 -23.740 5.0 3.21 MW MGO
1997 05 21 1158 122.072 -14.902 5.0 3.36 MW MGO
1997 06 05 0515 122.376 -12.718 0.0 3.36 MW EIDC
1997 06 06 0617 125.812 -24.156 5.0 3.21 MW MGO
1997 06 13 2222 129.181 -17.001 5.0 3.07 MW MGO
1997 06 23 2044 131.870 -23.110 19.0 4.15 MW AGSO
1997 06 28 0100 114.474 -23.512 12.9 3.21 MW MGO
1997 06 29 1437 119.650 -22.186 5.0 3.00 MW MGO
1997 07 01 0606 115.642 -21.419 5.0 3.36 MW MGO
1997 07 08 2134 114.330 -28.465 5.0 4.15 MW MGO
1997 07 14 0959 139.084 -20.693 0.0 3.00 MW EIDC
1997 07 23 1829 126.541 -22.114 5.0 3.66 MW MGO
1997 07 29 0542 130.154 -12.789 0.0 4.15 MW EIDC
1997 07 29 0742 125.807 -28.360 10.0 4.15 MW MEL
1997 07 31 1914 123.284 -17.317 5.0 3.21 MW MGO
1997 08 03 0117 116.059 -28.604 5.0 3.14 MW MGO
1997 08 09 2136 128.016 -21.140 5.0 3.00 MW MGO
1997 08 10 0920 124.333 -16.159 20.0 6.20 MW EHB
1997 08 12 1811 111.128 -24.657 5.0 3.21 MW MGO
1997 08 17 1305 121.784 -17.151 5.0 3.28 MW MGO
1997 08 20 1816 116.803 -17.572 5.0 3.38 MW ISC
1997 08 30 1855 118.691 -18.295 5.0 3.43 MW MGO
1997 09 01 0948 123.138 -18.116 5.0 4.40 MW MGO
1997 09 05 1152 120.820 -20.111 5.0 3.07 MW MGO
1997 09 11 1619 126.262 -30.968 5.0 3.21 MW MGO
1997 09 12 1822 114.960 -21.106 37.0 3.74 MW MGO
1997 09 13 1158 113.653 -24.219 5.0 3.14 MW MGO
1997 09 26 0810 127.560 -22.792 5.0 3.14 MW MGO
1997 10 02 0933 114.927 -23.049 5.0 3.21 MW MGO
1997 10 04 1938 116.096 -19.235 5.0 3.00 MW MGO
1997 10 10 1717 116.786 -19.381 5.0 3.36 MW MGO
1997 10 19 1859 115.584 -28.849 5.0 3.00 MW MGO
1997 10 22 1255 113.499 -21.919 5.0 3.14 MW MGO
1997 11 02 0718 129.606 -28.066 5.0 3.00 MW MGO
1997 11 10 1753 114.283 -23.248 5.0 3.07 MW MGO
1997 11 11 1226 128.168 -16.504 5.0 3.59 MW AGSO
1997 11 19 1426 112.491 -22.583 5.0 3.74 MW MGO
1997 11 20 0144 118.855 -18.385 5.0 3.43 MW MGO
1997 11 20 0950 128.982 -26.271 5.0 3.00 MW MGO
1997 11 23 0420 128.496 -16.798 33.0 3.14 MW ISC
1997 12 14 1836 112.980 -23.943 84.0 3.43 MW MGO
1997 12 23 1011 115.064 -21.884 5.0 3.51 MW MGO
1997 12 28 1556 122.313 -32.621 5.0 3.21 MW MGO
1998 01 02 0133 115.230 -23.662 5.0 3.00 MW MGO
1998 01 11 1432 122.817 -12.569 0.0 3.21 MW EIDC
1998 01 30 1654 143.180 -13.250 10.0 3.59 MW AGSO
1998 01 31 1322 120.399 -21.214 5.0 3.74 MW MGO
1998 02 08 0446 122.259 -17.831 5.0 3.21 MW MGO
1998 02 11 0859 115.263 -23.558 5.0 3.21 MW MGO
1998 02 13 0510 124.087 -17.484 5.0 3.43 MW MGO
1998 02 21 0209 113.487 -27.437 5.0 3.00 MW MGO
1998 03 12 1240 113.308 -23.750 5.0 3.36 MW MGO
1998 03 14 0733 119.550 -27.566 5.0 3.07 MW MGO
1998 03 22 1753 122.164 -31.516 5.0 3.98 MW MGO
1998 03 29 0350 139.168 -12.360 35.0 4.75 MW EHB
1998 03 29 2006 129.278 -14.280 10.0 4.15 MW AGSO
1998 04 08 1641 126.642 -17.925 5.0 3.14 MW MGO
1998 04 10 0346 122.343 -32.589 5.0 4.23 MW MGO
1998 04 12 1510 128.551 -16.924 5.0 3.14 MW MGO
1998 04 13 2303 136.130 -12.941 10.0 3.36 MW AGSO
1998 04 17 0716 113.066 -24.875 5.0 3.07 MW MGO
1998 04 26 1312 124.063 -31.851 14.0 3.00 MW MGO
1998 04 29 2314 128.115 -11.481 0.0 3.28 MW EIDC
1998 05 15 2354 130.940 -26.090 5.0 3.51 MW AGSO
1998 05 18 2145 111.366 -24.705 5.0 3.21 MW MGO
1998 05 25 0503 123.827 -13.827 0.0 3.43 MW EIDC
1998 05 26 0104 123.934 -30.701 5.0 3.00 MW MGO
1998 05 29 2150 118.707 -18.554 5.0 3.07 MW MGO
1998 06 05 1347 121.319 -31.111 5.0 3.07 MW MGO
1998 06 13 2013 117.531 -18.955 5.0 3.28 MW MGO
1998 06 16 1513 134.470 -23.650 7.0 3.36 MW AGSO
1998 06 18 1321 131.031 -12.206 0.0 3.66 MW EIDC
1998 06 22 0946 119.947 -21.886 5.0 3.98 MW ISC
1998 06 23 0838 131.860 -26.080 10.0 3.28 MW AGSO
1998 06 23 1512 132.010 -13.340 0.0 3.28 MW EIDC
1998 06 27 0701 121.605 -30.815 5.0 3.59 MW MGO
1998 07 05 0849 118.640 -26.249 5.0 3.14 MW MGO
1998 07 08 1044 121.416 -30.777 1.0 3.14 MW MGO
1998 07 13 0531 120.981 -15.904 5.0 3.28 MW MGO
1998 07 17 1846 127.845 -26.502 11.0 3.51 MW MGO
1998 07 18 2319 123.793 -30.262 5.0 3.07 MW MGO
1998 07 21 1223 113.504 -28.226 5.0 3.21 MW MGO
1998 07 23 0149 131.350 -23.030 0.0 3.21 MW AGSO
1998 07 31 0046 125.694 -24.301 5.0 3.36 MW MGO
1998 08 04 0145 132.534 -13.211 0.0 3.51 MW AGSO
1998 08 08 0736 123.997 -15.634 0.0 3.51 MW EIDC
1998 08 08 1326 123.420 -12.766 33.0 3.99 MW ISC
1998 08 15 1941 123.361 -12.876 33.0 3.14 MW ISC
1998 08 17 0245 123.565 -17.662 5.0 3.21 MW MGO
1998 09 11 0207 132.810 -26.410 0.0 3.28 MW AGSO
1998 09 13 2250 123.208 -12.501 5.0 3.43 MW ISC
1998 09 14 0608 127.300 -17.155 5.0 3.00 MW MGO
1998 10 02 0943 136.388 -13.774 0.0 3.28 MW AGSO
1998 10 08 1621 121.448 -30.833 1.0 3.07 MW MGO
1998 10 14 2226 121.320 -31.033 5.0 3.66 MW MGO
1998 10 15 0404 126.907 -11.718 33.0 3.50 MW ISC
1998 10 27 2240 128.472 -17.002 5.0 3.00 MW MGO
1998 11 02 0226 113.886 -19.862 10.0 4.23 MW ISC
1998 11 05 2050 123.695 -30.814 5.0 3.00 MW MGO
1998 11 10 0158 128.966 -13.794 0.0 3.43 MW EIDC
1998 11 13 1154 124.887 -19.132 7.0 3.82 MW ISC
1998 11 13 2352 129.120 -13.740 0.0 3.28 MW EIDC
1998 11 19 0642 137.790 -25.000 0.0 3.14 MW AGSO
1998 11 23 1542 115.476 -20.684 5.0 3.07 MW MGO
1998 12 31 1113 121.410 -30.754 5.0 3.00 MW MGO
1999 01 02 0555 131.754 -20.418 0.0 3.00 MW AGSO
1999 01 05 2349 135.496 -22.040 3.0 3.00 MW AGSO
1999 01 18 1450 126.410 -27.788 10.0 4.15 MW ISC
1999 01 23 2256 115.553 -21.464 5.0 3.51 MW MGO
1999 02 02 2359 140.080 -26.288 10.0 3.36 MW MEL
1999 02 25 2252 129.119 -10.468 0.0 3.43 MW EIDC
1999 03 01 0128 137.590 -25.800 0.0 3.59 MW AGSO
1999 03 05 0346 114.281 -18.689 5.0 3.59 MW MGO
1999 03 06 1530 118.213 -23.589 10.0 3.66 MW ISC
1999 03 07 1959 128.085 -17.275 5.0 3.07 MW MGO
1999 03 22 0122 127.312 -16.692 5.0 3.59 MW MGO
1999 03 27 2209 124.441 -30.832 5.0 3.21 MW MGO
1999 03 29 1512 128.375 -15.126 5.0 3.07 MW MGO
1999 04 01 2239 120.917 -15.984 5.0 3.28 MW MGO
1999 04 09 0728 129.812 -25.189 5.0 3.14 MW MGO
1999 04 10 2227 124.752 -19.621 5.0 3.36 MW MGO
1999 04 18 2143 122.766 -13.679 5.0 3.36 MW MGO
1999 05 02 1559 116.300 -20.820 5.0 3.36 MW MGO
1999 05 19 2331 127.880 -13.730 5.0 3.21 MW MGO
1999 05 20 1405 116.340 -21.730 5.0 3.00 MW MGO
1999 05 24 1920 127.780 -15.470 5.0 3.00 MW MGO
1999 06 20 1143 122.680 -16.950 5.0 3.07 MW MGO
1999 06 25 0036 113.910 -22.850 5.0 3.98 MW MGO
1999 07 14 1254 122.080 -14.920 5.0 3.07 MW MGO
1999 07 27 0548 127.860 -13.710 5.0 3.21 MW MGO
1999 08 10 2118 126.610 -22.040 5.0 3.07 MW MGO
1999 08 14 1245 131.044 -26.170 10.0 3.66 MW ADE
1999 08 21 0714 112.260 -23.660 5.0 3.07 MW MGO
1999 08 25 1223 112.570 -24.340 5.0 3.21 MW MGO
1999 09 29 1959 115.660 -22.210 5.0 3.00 MW MGO
1999 10 12 0043 118.230 -18.530 5.0 3.00 MW MGO
1999 10 15 1720 122.480 -12.380 5.0 3.00 MW MGO
1999 10 17 1328 121.350 -13.900 5.0 3.21 MW MGO
1999 10 29 0615 113.780 -22.170 18.0 3.36 MW MGO
1999 11 01 1438 117.490 -24.220 1.0 3.00 MW MGO
1999 11 04 1836 127.480 -15.970 5.0 3.21 MW MGO
1999 11 09 0505 121.390 -28.820 5.0 3.66 MW MGO
1999 11 11 1606 115.570 -22.330 5.0 3.07 MW MGO
1999 11 30 1512 119.770 -21.240 5.0 3.36 MW MGO
1999 12 01 0511 123.220 -17.970 5.0 3.00 MW MGO
1999 12 01 1525 126.590 -27.180 5.0 3.36 MW MGO
1999 12 09 1928 119.517 -20.470 5.0 3.36 MW ISC
1999 12 15 2236 119.730 -32.140 2.0 3.00 MW MGO
1999 12 16 1236 125.880 -16.840 5.0 3.21 MW MGO
1999 12 27 0050 121.490 -12.850 5.0 3.21 MW MGO
1999 12 31 0459 119.780 -32.110 1.0 3.21 MW MGO
2000 01 07 0302 121.430 -18.100 5.0 3.21 MW MGO
2000 01 10 2057 124.082 -28.554 10.0 3.21 MW ISC
2000 01 13 0224 123.806 -16.478 5.0 3.98 MW ISC
2000 01 20 1501 114.050 -24.130 5.0 3.51 MW MGO
2000 02 06 1251 121.705 -17.121 5.0 3.36 MW ISC
2000 02 08 0426 128.814 -23.911 5.0 3.28 MW ISC
2000 02 08 1337 122.277 -13.529 33.0 3.38 MW ISC
2000 02 15 1744 127.654 -14.118 0.0 3.51 MW AGSO
2000 02 17 1558 131.438 -25.729 0.0 3.00 MW AGSO
2000 02 21 1615 126.430 -16.740 5.0 3.07 MW MGO
2000 02 28 0421 134.588 -27.158 0.0 3.07 MW AGSO
2000 02 28 1843 120.950 -21.580 5.0 3.00 MW MGO
2000 02 29 0327 120.110 -23.530 5.0 3.00 MW MGO
2000 02 29 1124 120.960 -17.500 5.0 3.07 MW MGO
2000 03 01 0611 123.466 -12.610 5.0 3.36 MW MGO
2000 03 01 2211 119.290 -18.100 5.0 3.21 MW MGO
2000 03 19 2307 113.190 -24.100 11.0 3.21 MW AGSO
2000 03 30 1555 128.560 -16.640 5.0 3.07 MW MGO
2000 04 01 1329 111.629 -25.186 0.0 4.23 MW AGSO
2000 04 03 1109 134.790 -35.087 14.1 3.21 MW ADE
2000 04 13 0314 128.635 -16.421 15.0 3.82 MW AGSO
2000 04 21 1152 134.389 -35.382 7.9 3.21 MW ADE
2000 05 14 1239 112.960 -23.282 10.0 3.75 MW ISC
2000 05 22 1425 116.945 -25.326 5.0 3.21 MW AGSO
2000 05 25 0425 114.792 -20.722 5.0 3.28 MW AGSO
2000 06 12 2041 132.732 -19.911 0.0 3.07 MW AGSO
2000 06 19 1804 131.404 -22.832 5.0 3.59 MW ISC
2000 06 19 2124 131.351 -23.464 0.0 3.00 MW AGSO
2000 06 20 1412 124.121 -11.736 2.0 3.43 MW AGSO
2000 06 26 1947 120.953 -20.694 0.0 3.00 MW AGSO
2000 07 22 1328 132.520 -20.570 0.0 3.21 MW AUST
2000 07 25 0333 113.630 -24.190 5.0 3.82 MW AUST
2000 07 25 2056 126.286 -22.291 10.0 3.14 MW ISC
2000 07 29 0245 123.749 -29.933 10.0 3.36 MW ISC
2000 07 30 1850 122.760 -17.720 10.0 3.14 MW AUST
2000 08 01 1123 131.749 -26.787 0.0 3.43 MW AUST
2000 08 11 0401 121.788 -34.639 0.0 3.07 MW AGSO
2000 09 07 0107 131.205 -23.264 10.0 3.28 MW ISC
2000 09 09 1731 124.086 -16.678 10.0 3.82 MW ISC
2000 09 16 0429 113.055 -22.612 27.0 3.21 MW AGSO
2000 09 24 0907 114.791 -22.090 10.0 3.43 MW ISC
2000 10 02 1133 113.143 -22.696 13.0 3.66 MW AUST
2000 10 11 1927 112.839 -20.027 19.5 5.10 MW EHB
2000 10 15 0827 128.902 -12.370 28.0 4.23 MW ISC
2000 10 21 1052 129.288 -13.802 19.0 3.43 MW AGSO
2000 10 28 1333 119.345 -26.808 10.0 3.07 MW AGSO
2000 11 11 2200 126.172 -27.637 2.0 3.43 MW ISC
2000 11 15 0848 126.540 -22.039 11.0 3.43 MW AGSO
2000 12 13 0549 119.877 -18.175 0.0 3.07 MW AGSO
2000 12 28 0528 130.763 -12.544 0.0 3.66 MW AGSO
2001 01 04 2123 123.887 -28.940 10.0 3.59 MW ISC
2001 01 10 1003 126.635 -27.890 0.0 3.14 MW ISC
2001 01 19 0700 122.425 -28.258 11.0 3.07 MW AGSO
2001 01 25 1406 126.450 -18.350 0.0 3.43 MW AGSO
2001 02 02 0322 122.410 -20.915 20.0 3.28 MW AGSO
2001 02 17 1300 129.194 -13.077 0.0 3.66 MW IDC
2001 02 19 1805 129.240 -14.010 0.0 3.14 MW AUST
2001 03 08 1049 120.326 -31.457 10.0 4.06 MW ISC
2001 03 11 2123 129.571 -11.349 0.0 3.82 MW IDC
2001 03 27 0458 122.408 -32.029 10.0 3.43 MW ISC
2001 03 29 0008 132.807 -10.417 10.0 3.07 MW AGSO
2001 03 29 1928 115.838 -22.340 0.0 3.07 MW AGSO
2001 04 01 0842 113.480 -20.350 10.0 3.98 MW USGS
2001 04 12 1822 137.370 -25.673 10.0 3.51 MW USGS
2001 04 12 2237 137.692 -25.843 10.0 3.59 MW USGS
2001 04 21 0856 127.611 -20.013 10.0 3.51 MW USGS
2001 04 25 2337 124.280 -30.910 5.0 3.43 MW AGSO
2001 04 27 1423 121.779 -32.580 10.0 3.00 MW AGSO
2001 04 29 1954 114.042 -27.651 9.0 3.50 MW ISC
2001 04 30 2338 113.070 -24.500 18.0 3.51 MW AGSO
2001 05 11 0811 127.460 -14.490 0.0 3.82 MW IDC
2001 05 21 1119 119.780 -31.984 0.0 3.14 MW AGSO
2001 05 24 0951 122.638 -12.149 10.0 3.36 MW AGSO
2001 05 28 0743 131.680 -26.500 10.0 3.21 MW AGSO
2001 06 23 2202 112.860 -21.980 20.0 3.82 MW AGSO
2001 06 24 1017 119.740 -31.995 0.0 3.00 MW AUST
2001 06 26 2256 119.490 -20.170 10.0 3.21 MW AGSO
2001 07 03 0513 121.790 -28.760 7.0 3.07 MW AGSO
2001 07 12 0526 131.084 -26.297 7.0 3.00 MW AUST
2001 07 19 1107 129.475 -11.984 0.0 3.43 MW IDC
2001 07 27 0423 124.366 -18.384 0.0 3.51 MW AGSO
2001 07 28 1949 126.662 -22.137 10.0 3.74 MW ISC
2001 08 06 1421 128.803 -10.044 90.0 3.36 MW IDC
2001 08 10 1014 131.231 -12.487 5.0 3.21 MW AGSO
2001 08 14 0803 127.580 -22.940 0.0 3.82 MW AGSO
2001 08 18 0205 122.555 -33.416 10.0 3.21 MW USGS
2001 08 25 0338 120.940 -18.870 5.0 3.51 MW AGSO
2001 09 04 1656 115.192 -27.288 5.0 3.51 MW ISC
2001 09 08 1031 133.529 -34.272 7.2 3.21 MW ADE
2001 09 11 0356 114.990 -24.820 2.0 3.43 MW AUST
2001 10 06 1631 120.046 -17.656 0.0 3.59 MW AUST
2001 10 07 1354 139.767 -24.934 0.0 3.21 MW AUST
2001 10 13 0507 129.014 -30.501 12.6 3.07 MW AUST
2001 10 19 0418 129.547 -23.601 1.0 3.98 MW AUST
2001 10 19 1743 120.628 -33.712 10.0 5.02 MW ISC
2001 10 23 0617 124.381 -28.200 10.0 3.14 MW ISC
2001 10 29 0859 117.395 -24.947 15.0 3.00 MW ISC
2001 11 02 0238 123.428 -12.695 33.0 3.14 MW ISC
2001 11 23 1407 126.311 -12.499 33.0 3.14 MW ISC
2001 12 01 2209 122.592 -12.967 23.0 3.51 MW AUST
2001 12 07 2138 123.695 -35.240 10.0 3.14 MW AUST
2002 02 05 1751 122.320 -17.457 0.0 3.59 MW AUST
2002 02 06 0448 120.413 -22.785 10.0 3.74 MW AUST
2002 03 17 0109 125.388 -27.539 5.0 3.43 MW AUST
2002 03 24 1156 131.680 -26.691 2.0 3.59 MW ADE
2002 04 05 1910 112.388 -25.181 10.0 4.06 MW ISC
2002 04 06 1135 114.450 -26.355 5.0 3.07 MW AUST
2002 04 13 0037 137.714 -26.480 12.0 3.21 MW AUST
2002 04 14 0444 128.429 -17.010 0.0 3.07 MW IDC
2002 04 15 2244 130.040 -23.151 3.0 3.51 MW AUST
2002 04 16 1601 129.965 -23.024 2.0 3.51 MW AUST
2002 04 19 2312 123.583 -30.671 5.0 3.00 MW AUST
2002 05 02 0405 119.599 -17.742 2.0 3.51 MW AUST
2002 05 11 1350 113.192 -25.023 6.0 3.14 MW AUST
2002 06 13 1846 114.230 -19.691 15.0 4.31 MW ISC
2002 06 13 2036 113.900 -20.841 10.0 4.11 MW ISC
2002 06 28 1257 130.090 -23.291 5.0 3.36 MW AUST
2002 07 18 0423 119.872 -32.195 10.0 3.98 MW MEL
2002 07 24 2048 121.243 -30.382 10.0 3.36 MW AUST
2002 08 02 1343 121.207 -30.917 3.0 3.82 MW AUST
2002 08 16 2225 114.461 -22.814 10.0 3.90 MW ISC
2002 09 09 0657 126.709 -31.527 6.0 3.90 MW AUST
2002 10 06 1457 129.274 -22.186 1.0 3.74 MW AUST
2002 10 08 1554 115.498 -25.263 5.0 4.40 MW AUST
2002 10 15 0359 118.581 -19.717 10.0 3.98 MW ISC
2002 10 25 0425 126.813 -32.415 5.0 3.59 MW AUST
2002 10 25 0646 123.114 -15.743 8.0 3.43 MW AUST
2002 10 31 2251 123.752 -16.814 0.0 3.14 MW AUST
2002 11 01 0855 129.904 -11.931 10.0 4.15 MW ISC
2002 11 05 0912 135.239 -22.479 10.0 3.28 MW AUST
2002 11 05 1225 123.320 -16.362 0.0 4.15 MW IDC
2002 11 17 1105 114.187 -19.851 10.0 3.43 MW AUST
2003 01 23 1048 129.944 -22.801 5.0 3.00 MW AUST
2003 02 04 0753 116.974 -20.752 5.0 3.59 MW AUST
2003 03 06 0357 126.675 -22.162 10.0 3.43 MW ISC
2003 03 18 1906 123.629 -17.086 5.0 3.82 MW ISC
2003 03 27 1440 133.274 -33.780 24.1 3.59 MW ADE
2003 04 08 0313 121.917 -14.642 33.0 3.66 MW AUST
2003 04 30 0255 111.072 -25.086 22.0 3.43 MW AUST
2003 05 16 0514 136.320 -11.500 5.0 3.21 MW AUST
2003 05 19 1705 129.679 -10.713 76.0 3.14 MW ISC
2003 05 20 1232 128.431 -16.846 5.0 3.07 MW AUST
2003 05 25 2228 118.601 -20.310 0.0 3.07 MW AUST
2003 05 31 0316 115.589 -26.122 10.0 3.74 MW AUST
2003 06 01 0255 114.108 -21.933 1.7 3.00 MW AUST
2003 06 06 1140 126.524 -22.073 0.0 3.36 MW AUST
2003 06 19 0726 113.192 -25.481 1.0 3.21 MW AUST
2003 06 21 1551 132.673 -21.097 0.0 3.36 MW AUST
2003 07 03 0536 120.149 -25.795 21.8 3.66 MW AUST
2003 07 18 1319 119.609 -34.372 5.0 3.14 MW AUST
2003 07 27 2257 125.142 -19.012 10.0 3.28 MW AUST
2003 08 07 0510 129.882 -23.343 0.0 3.36 MW AUST
2003 08 15 0541 122.647 -28.608 0.0 3.28 MW IDC
2003 09 16 1616 130.389 -22.676 0.0 3.36 MW AUST
2003 10 04 0145 122.465 -13.731 5.0 3.28 MW AUST
2003 10 19 0842 112.143 -24.983 116.0 3.51 MW AUST
2003 10 31 1214 138.146 -13.874 10.0 3.28 MW ISC
2003 11 12 2057 122.797 -13.237 105.0 3.14 MW ISC
2003 12 05 2226 126.844 -18.387 10.0 3.87 MW ISC
2004 01 14 0109 122.789 -12.864 75.0 3.74 MW USGS
2004 01 17 1608 122.396 -18.783 10.0 3.98 MW AUST
2004 01 23 0928 132.786 -22.297 10.0 3.36 MW AUST
2004 01 23 1531 123.549 -31.672 14.9 4.23 MW AUST
2004 01 23 1820 123.700 -12.020 107.0 3.26 MW ISC
2004 01 26 2039 131.849 -26.181 10.0 3.36 MW AUST
2004 02 11 1935 121.132 -31.129 0.0 3.14 MW AUST
2004 02 23 1723 125.571 -20.832 5.0 3.82 MW AUST
2004 03 01 2233 123.171 -32.423 1.7 3.28 MW AUST
2004 03 05 0011 127.084 -32.346 10.0 4.31 MW ISC
2004 03 24 0627 124.144 -29.849 10.0 3.28 MW AUST
2004 03 31 1322 128.200 -10.007 33.0 3.04 MW ISC
2004 04 02 2222 128.185 -11.851 0.0 3.74 MW IDC
2004 04 03 0729 128.715 -16.756 10.0 3.28 MW AUST
2004 04 08 1024 124.198 -12.349 98.0 3.75 MW ISC
2004 04 10 0555 130.093 -25.064 10.0 3.28 MW ISC
2004 04 11 0347 140.659 -20.035 0.0 3.07 MW IDC
2004 05 05 1008 131.071 -26.042 10.0 3.59 MW ISC
2004 05 10 1839 113.004 -24.516 20.0 3.51 MW AUST
2004 05 12 1125 116.924 -19.780 36.0 3.43 MW AUST
2004 05 31 2232 121.760 -31.326 0.0 3.74 MW AUST
2004 06 07 1340 125.483 -27.695 6.8 3.82 MW AUST
2004 07 01 1158 127.590 -22.940 0.0 3.21 MW AUST
2004 07 18 1417 116.900 -20.800 0.0 3.21 MW GG
2004 08 14 1537 130.950 -26.090 0.8 3.59 MW AUST
2004 08 30 1540 122.421 -12.155 67.0 3.45 MW ISC
2004 09 02 1056 131.885 -26.548 0.0 3.07 MW AUST
2004 09 15 1623 125.035 -29.645 12.0 3.07 MW AUST
2004 09 25 1510 129.152 -16.776 10.0 3.98 MW AUST
2004 09 26 0903 113.761 -22.813 27.0 3.07 MW AUST
2004 10 18 2227 127.437 -16.527 9.0 3.07 MW AUST
2004 11 01 1315 124.844 -19.111 8.9 3.90 MW AUST
2004 11 23 1050 127.153 -16.937 10.0 3.98 MW AUST
2004 12 02 2128 117.635 -18.650 20.0 3.21 MW AUST
2004 12 13 2334 113.895 -21.936 0.0 3.07 MW AUST
2004 12 16 0955 125.120 -17.597 11.8 3.66 MW AUST
2004 12 23 0427 124.414 -15.048 0.0 3.90 MW IDC
2005 01 09 1711 120.740 -20.613 0.0 3.66 MW IDC
2005 01 12 1917 127.876 -23.004 0.9 3.07 MW AUST
2005 01 24 0943 122.587 -17.530 10.0 3.82 MW AUST
2005 01 27 1717 119.236 -31.416 5.4 3.59 MW AUST
2005 01 27 1729 122.381 -32.467 10.0 3.43 MW AUST
2005 02 18 1757 121.085 -32.827 0.0 3.43 MW AUST
2005 02 23 1935 122.095 -14.636 10.0 4.35 MW USGS
2005 03 07 1452 112.565 -24.309 10.0 3.43 MW AUST
2005 03 08 0454 122.014 -14.738 10.0 3.87 MW USGS
2005 03 13 0209 131.694 -26.205 5.0 4.49 MW ISC
2005 03 19 0729 130.868 -26.091 10.0 4.06 MW AUST
2005 03 19 2138 115.764 -20.800 10.0 3.74 MW ISC
2005 03 22 1951 119.610 -21.004 10.0 4.31 MW AUST
2005 03 29 1615 126.605 -22.144 5.0 3.59 MW AUST
2005 04 02 0914 127.241 -16.645 0.0 3.14 MW AUST
2005 04 07 2018 130.149 -10.380 0.0 3.14 MW IDC
2005 05 04 1845 117.319 -25.932 9.0 3.36 MW AUST
2005 05 18 2339 119.374 -20.108 26.0 4.49 MW AUST
2005 06 09 1644 115.068 -23.093 14.5 3.59 MW AUST
2005 08 13 1516 127.740 -22.860 10.0 3.00 MW AUST
2005 09 10 1141 143.931 -16.878 10.0 3.00 MW RC
2005 11 08 0922 143.969 -16.804 7.8 3.43 MW RC
2005 11 15 1450 128.666 -16.486 2.0 3.21 MW AUST
2005 12 26 0750 128.746 -16.133 0.0 3.21 MW AUST
2005 12 26 2040 122.762 -13.834 10.0 4.35 MW ISC
2005 12 27 0932 112.757 -24.860 0.0 3.59 MW AUST
2006 01 29 0940 113.446 -21.676 22.0 3.51 MW AUST
2006 04 01 0109 130.972 -26.046 10.0 3.99 MW ISC
2006 04 02 0839 119.081 -22.368 10.0 3.98 MW ISC
2006 04 03 2158 132.175 -26.034 0.0 3.00 MW IDC
2006 05 02 0247 137.341 -25.877 10.0 3.66 MW ISC
2006 05 08 0122 127.859 -17.673 0.0 3.00 MW AUST
2006 05 14 0927 127.311 -18.327 0.0 3.00 MW AUST
2006 05 24 2134 129.984 -23.204 10.0 3.90 MW ISC
2006 05 24 2200 127.138 -16.534 2.3 3.14 MW AUST
2006 05 26 0738 128.691 -16.664 0.0 3.14 MW AUST
2006 06 03 1626 121.808 -16.813 10.0 3.36 MW ISC
2006 06 06 1534 117.838 -25.119 10.0 4.40 MW ISC
2006 06 15 1520 131.777 -23.003 0.0 3.07 MW AUST
2006 06 17 2041 132.479 -21.248 0.0 3.07 MW AUST
2006 06 22 1839 136.351 -12.663 0.0 3.00 MW AUST
2006 07 04 1608 121.526 -30.779 7.0 3.36 MW AUST
2006 09 02 1547 116.609 -24.482 2.0 3.59 MW ISC
2006 09 13 0547 126.611 -22.141 10.0 3.36 MW ISC
2006 10 06 1206 113.904 -22.269 26.0 3.21 MW AUST
2006 11 28 2151 123.951 -28.561 9.0 3.28 MW AUST
2006 12 07 1058 117.411 -25.188 14.0 3.43 MW AUST
2006 12 10 1634 117.473 -25.085 10.0 3.00 MW AUST
2006 12 21 1210 121.456 -30.731 0.0 3.14 MW AUST
2007 02 05 1717 125.413 -19.294 5.0 3.21 MW AUST
2007 02 09 1634 123.613 -17.818 15.0 3.36 MW AUST
2007 02 15 1538 113.383 -25.918 10.0 5.10 MW ISC
2007 02 17 1344 126.617 -17.903 0.0 3.43 MW AUST
2007 02 28 2022 123.232 -18.723 16.0 3.59 MW AUST
2007 03 02 1019 136.708 -23.580 6.9 3.66 MW ISC
2007 03 06 0407 124.341 -29.933 1.0 3.90 MW AUST
2007 04 05 0942 132.208 -24.721 0.0 3.07 MW IDC
2007 04 20 0719 132.900 -26.572 0.0 3.28 MW IDC
2007 04 25 2027 127.151 -18.119 0.0 3.21 MW AUST
2007 04 28 2219 124.759 -12.018 21.0 3.99 MW ISC
2007 06 19 0525 116.482 -20.042 14.0 3.07 MW AUST
2007 06 28 1602 112.923 -28.741 15.0 3.36 MW AUST
2007 07 01 1356 128.633 -23.003 10.0 3.90 MW ISC
2007 08 03 0838 120.571 -23.394 0.0 3.14 MW IDC
2007 08 24 0609 128.672 -16.657 0.0 3.07 MW AUST
2007 08 26 0034 115.369 -22.145 6.0 3.36 MW AUST
2007 09 10 0320 130.369 -15.344 9.0 3.14 MW AUST
2007 09 18 1704 139.626 -15.156 9.4 3.07 MW AUST
2007 09 28 0840 120.660 -23.150 0.0 3.28 MW IDC
2007 11 05 0641 129.666 -22.390 0.0 3.51 MW AUST
2007 11 07 1910 114.933 -23.833 0.0 4.31 MW AUST
2007 11 12 1326 121.519 -30.699 4.0 3.07 MW AUST
2007 11 19 2001 143.735 -12.336 24.0 4.66 MW AUST
2007 11 26 1005 123.719 -30.127 2.0 3.43 MW AUST
2007 11 27 0248 115.047 -23.219 10.0 3.74 MW AUST
2007 12 01 2058 129.657 -22.291 10.0 3.51 MW AUST
2007 12 13 0529 122.823 -12.537 15.0 3.82 MW AUST
2008 01 13 1616 117.069 -26.650 2.5 3.14 MW AUST
2008 01 19 1224 122.127 -33.016 0.0 3.36 MW AUST
2008 01 28 1537 113.872 -22.683 7.2 3.28 MW AUST
2008 02 06 0646 129.644 -13.402 6.7 4.15 MW AUST
2008 02 18 1918 112.770 -26.693 10.0 3.07 MW AUST
2008 02 22 0258 123.526 -19.097 2.1 3.28 MW AUST
2008 03 17 0656 137.427 -25.975 10.0 3.74 MW AUST
2008 03 19 0717 134.047 -19.654 15.0 3.74 MW AUST
2008 03 20 0515 126.017 -23.696 0.0 3.21 MW AUST
2008 03 31 0827 112.332 -27.666 18.0 4.31 MW AUST
2008 04 02 0814 117.070 -16.982 8.3 3.59 MW AUST
2008 04 17 1822 122.519 -18.709 10.0 3.36 MW AUST
2008 04 19 1624 125.698 -20.470 10.0 3.00 MW AUST
2008 05 01 1352 124.316 -28.028 8.0 3.07 MW AUST
2008 05 20 0825 129.609 -23.363 0.0 3.66 MW AUST
2008 05 28 0430 122.323 -18.596 0.0 4.57 MW AUST
2008 05 28 0935 118.920 -18.430 5.0 3.66 MW AUST
2008 06 01 1214 113.506 -24.208 10.0 3.28 MW AUST
2008 06 23 1317 127.722 -18.176 0.0 3.07 MW AUST
2008 07 02 0240 121.473 -30.739 0.0 3.43 MW AUST
2008 07 04 1525 125.965 -31.700 0.6 3.00 MW AUST
2008 07 09 2345 125.223 -26.034 1.4 4.62 MW AUST
2008 07 27 0644 127.744 -18.144 0.0 3.07 MW AUST
2008 07 29 1109 122.110 -14.550 0.0 4.40 MW AUST
2008 11 14 2115 129.800 -12.600 0.0 3.07 MW AUST
2008 12 05 1530 127.550 -22.203 3.0 3.21 MW AUST
2009 01 14 2257 133.172 -29.228 12.5 3.05 MW ADE
2009 03 06 0135 121.240 -16.271 10.0 4.93 MW ISC
2009 04 04 1240 133.943 -33.593 8.7 3.90 MW ADE
2009 04 05 2210 119.480 -16.940 10.0 4.47 MW BKK
2009 04 07 2126 121.461 -30.785 0.0 3.28 MW AUST
2009 04 17 2312 112.843 -19.197 59.0 3.51 MW AUST
2009 04 28 1906 121.553 -30.644 3.0 3.28 MW AUST
2009 05 26 2025 128.477 -10.066 0.0 3.07 MW IDC
2009 06 06 1826 113.267 -28.278 0.0 3.51 MW AUST
2009 06 21 0608 124.631 -30.308 10.0 3.28 MW AUST
2009 10 02 0506 137.780 -11.790 0.0 3.74 MW IDC
2009 10 16 0224 133.119 -34.419 32.3 4.15 MW ADE
2009 10 24 1626 120.659 -33.468 10.0 4.16 MW AUST
2009 11 03 0654 125.792 -27.579 9.5 3.51 MW AUST
2009 11 08 0541 138.819 -10.450 30.0 3.98 MW MEL
2009 12 05 1540 114.013 -22.036 21.0 3.21 MW AUST
2009 12 20 0856 128.380 -10.100 0.0 3.21 MW IDC
2010 01 05 0555 128.600 -17.009 10.0 3.36 MW ISC
2010 01 26 1825 115.510 -26.080 3.7 3.80 MW AUST
2010 02 14 1014 122.307 -32.506 0.0 3.14 MW AUST
2010 03 11 1257 132.472 -22.413 0.0 3.07 MW AUST
2010 03 20 1056 126.785 -18.718 1.0 3.14 MW AUST
2010 03 23 0340 128.712 -15.797 3.0 3.21 MW AUST
2010 03 28 1637 121.558 -30.832 10.0 3.00 MW AUST
2010 04 11 1202 132.830 -16.924 20.0 3.53 MW AUST
2010 04 20 0017 121.770 -30.745 10.0 4.16 MW ISC
2010 04 22 1122 121.520 -32.838 0.0 3.07 MW AUST
2010 05 19 2008 111.125 -24.985 50.0 3.69 MW AUST
2010 06 08 2007 113.534 -21.935 34.0 3.86 MW AUST
2010 06 09 1541 123.256 -22.166 0.0 3.43 MW AUST
2010 06 21 0404 129.752 -21.524 5.0 3.63 MW AUST
2010 07 04 0348 113.667 -22.370 13.0 3.28 MW AUST
2010 07 05 1229 131.061 -25.940 0.0 3.36 MW IDC
2010 07 16 1635 119.068 -18.000 0.0 3.76 MW AUST
2010 07 26 1838 121.343 -30.911 0.0 3.14 MW AUST
2010 07 27 0635 128.845 -23.113 0.0 3.51 MW IDC
2010 08 18 2054 117.219 -25.345 1.0 3.21 MW AUST
2010 08 26 1108 121.148 -21.221 0.0 3.21 MW AUST
2010 08 30 0417 127.636 -22.936 0.0 3.21 MW IDC
2010 08 30 1349 134.033 -20.633 10.0 3.59 MW ISC
2010 09 02 0725 129.351 -14.310 0.0 3.28 MW AUST
2010 09 03 1505 123.232 -20.281 10.0 3.21 MW AUST
2010 09 18 1253 114.650 -22.045 0.0 3.14 MW AUST
2010 10 14 1100 135.707 -23.319 0.0 3.28 MW AUST
2010 10 15 1306 117.435 -19.603 10.0 3.62 MW AUST
2010 10 24 1017 124.228 -30.582 31.0 3.14 MW AUST
2010 10 24 1811 116.939 -25.367 5.6 3.00 MW AUST
2010 10 27 0825 135.708 -25.995 0.0 3.66 MW IDC
2010 11 08 1941 119.162 -31.113 10.0 3.00 MW AUST
2010 11 10 0104 136.649 -23.320 10.0 3.28 MW AUST
2010 11 24 1744 121.321 -17.094 10.0 3.28 MW AUST
2010 12 02 1224 130.429 -11.930 0.0 3.00 MW AUST
2010 12 05 1325 128.900 -14.885 30.0 3.64 MW AUST
2010 12 09 1653 127.410 -17.223 5.0 3.00 MW AUST
2010 12 10 2210 129.110 -14.842 10.0 3.00 MW AUST
2010 12 15 0616 140.985 -25.345 0.0 3.05 MW IDC
2010 12 21 1500 127.327 -13.115 10.0 3.61 MW AUST
2010 12 25 1201 129.721 -22.197 15.0 3.36 MW AUST
2011 01 08 1257 128.795 -14.771 10.0 3.00 MW AUST
2011 01 11 0311 124.491 -27.997 0.0 3.61 MW AUST
2011 01 16 0626 120.609 -21.872 10.0 3.28 MW AUST
2011 02 21 2159 135.420 -20.903 0.6 3.97 MW AUST
2011 02 24 0226 120.084 -26.564 10.0 3.21 MW AUST
2011 02 28 1631 116.333 -20.564 6.0 3.51 MW AUST
2011 04 01 0817 134.067 -18.870 0.0 3.59 MW IDC
2011 04 02 0607 117.345 -25.055 0.0 3.77 MW AUST
2011 04 04 1203 127.984 -17.452 0.0 3.00 MW AUST
2011 04 10 1612 131.513 -13.296 0.0 3.07 MW AUST
2011 04 14 0118 123.730 -18.197 20.0 3.63 MW AUST
2011 04 17 1841 113.730 -19.921 10.0 5.19 MW USGS
2011 05 07 0523 123.021 -17.833 10.0 3.95 MW ISC
2011 05 09 0818 112.972 -27.250 10.0 3.56 MW AUST
2011 05 11 1215 133.096 -26.709 0.0 3.14 MW IDC
2011 05 12 1836 122.068 -32.463 19.0 3.28 MW AUST
2011 05 20 2003 119.504 -23.567 10.0 4.54 MW ISC
2011 06 21 2003 113.481 -25.292 0.0 3.28 MW AUST
2011 06 27 2218 115.643 -25.283 0.0 3.58 MW AUST
2011 07 02 0048 123.958 -18.366 0.0 3.98 MW IDC
2011 07 07 0001 121.473 -30.832 0.0 3.07 MW AUST
2011 07 08 1458 137.309 -25.899 0.0 3.00 MW IDC
2011 07 11 1939 116.135 -20.051 33.0 3.58 MW AUST
2011 07 14 0551 120.356 -20.865 12.0 4.27 MW AUST
2011 07 24 1316 114.557 -23.533 10.0 3.36 MW AUST
2011 07 27 0402 121.529 -30.573 0.0 3.45 MW AUST
2011 08 17 1109 128.677 -16.919 0.0 3.38 MW IDC
2011 08 18 0942 116.250 -21.177 0.0 3.28 MW AUST
2011 08 30 0242 137.405 -25.967 20.0 3.53 MW ADE
2011 09 01 0156 123.300 -18.845 10.0 3.83 MW AUST
2011 09 07 2228 136.132 -36.602 14.9 3.56 MW ADE
2011 09 09 2224 136.522 -26.987 31.3 3.62 MW ADE
2011 09 24 0233 116.885 -25.486 10.0 3.21 MW AUST
2011 10 21 0745 115.418 -24.538 10.0 3.07 MW AUST
2011 10 27 0705 126.529 -22.061 10.0 3.28 MW AUST
2011 11 11 1943 127.337 -21.368 15.0 3.07 MW AUST
2011 11 23 1100 122.593 -12.527 0.0 3.21 MW IDC
2011 11 24 1757 121.390 -30.846 19.0 3.00 MW AUST
2011 11 26 1530 138.567 -25.631 10.0 3.80 MW AUST
2011 11 26 2059 138.351 -26.012 28.2 3.60 MW ADE
2011 11 27 0340 138.492 -25.823 0.0 3.00 MW IDC
2011 12 05 1910 114.777 -21.809 10.0 5.28 MW ISC
2011 12 14 0549 123.152 -32.513 15.0 3.53 MW AUST
2011 12 27 1410 120.296 -26.741 10.0 3.00 MW AUST
2012 01 13 1902 121.554 -30.681 4.0 3.00 MW AUST
2012 02 04 0841 133.119 -34.889 15.2 3.60 MW ADE
2012 02 18 0402 113.603 -24.096 10.0 3.14 MW AUST
2012 03 01 0418 120.644 -16.505 33.0 3.82 MW AUST
2012 03 13 1848 116.347 -28.795 0.0 3.00 MW AUST
2012 03 16 1304 113.952 -27.009 5.0 3.21 MW AUST
2012 03 23 0925 131.971 -26.178 10.0 5.18 MW GG
2012 04 08 1845 139.939 -28.822 22.1 3.33 MW ADE
2012 04 19 2103 132.976 -26.050 20.3 3.69 MW ADE
2012 05 08 0255 116.099 -28.634 10.0 3.00 MW AUST
2012 05 10 2228 115.850 -23.903 10.0 3.07 MW AUST
2012 05 11 1827 128.104 -10.582 116.0 4.23 MW USGS
2012 06 03 0920 129.173 -17.083 15.0 3.07 MW AUST
2012 06 23 1540 121.557 -30.672 10.0 3.07 MW AUST
2012 06 23 1555 121.554 -30.649 1.0 3.07 MW AUST
2012 06 29 1228 136.882 -23.931 10.0 3.36 MW AUST
2012 07 09 0655 133.780 -33.562 18.3 3.10 MW ADE
2012 07 20 1702 113.708 -27.303 8.0 3.14 MW AUST
2012 09 03 1006 115.990 -28.654 9.0 3.07 MW AUST
2012 09 10 0316 113.395 -24.438 0.0 3.07 MW AUST
2012 09 14 1710 129.475 -20.951 5.0 3.36 MW AUST
2012 09 26 0522 132.163 -26.054 13.0 3.56 MW AUST
2012 09 26 1737 121.072 -30.996 10.0 3.21 MW AUST
2012 10 07 0320 120.630 -27.768 0.0 3.36 MW AUST
2012 10 12 1927 127.681 -22.881 10.0 3.60 MW AUST
2012 10 31 2154 120.807 -33.362 0.0 3.00 MW AUST
2012 11 05 1931 129.045 -11.546 39.0 4.22 MW AUST
2012 11 08 0356 127.209 -29.907 32.5 3.63 MW ADE
2012 11 13 0747 139.784 -28.308 10.0 3.13 MW ADE
2012 11 21 0621 128.603 -22.974 10.0 3.41 MW AUST
2012 11 28 2235 125.943 -27.757 0.0 3.89 MW AUST
2012 11 30 1624 122.560 -32.374 14.0 3.28 MW AUST
2012 12 01 1719 127.661 -16.195 10.0 3.53 MW AUST
2012 12 19 2350 112.497 -24.921 0.0 3.21 MW AUST
2012 12 22 0929 122.512 -32.529 10.0 3.07 MW AUST
2012 12 28 1204 112.396 -24.344 3.0 3.77 MW AUST
2012 12 29 1743 113.024 -24.529 10.0 3.21 MW AUST
2013 01 05 0232 120.611 -27.808 0.0 3.21 MW AUST
2013 01 06 1702 120.383 -28.075 10.0 3.00 MW AUST
2013 01 07 0814 116.004 -25.380 13.0 3.28 MW AUST
2013 01 15 0711 112.861 -25.040 0.0 3.53 MW AUST
2013 01 18 1535 118.563 -18.486 5.0 3.73 MW AUST
2013 02 13 1649 136.589 -12.796 10.0 3.63 MW AUST
2013 03 03 2136 119.276 -32.375 1.0 3.50 MW AUST
2013 03 08 2159 122.228 -21.738 10.0 3.50 MW AUST
2013 03 15 0440 127.693 -22.755 10.0 3.63 MW AUST
2013 03 20 2314 123.373 -17.630 10.0 3.28 MW AUST
2013 03 21 0408 127.736 -25.581 10.0 3.14 MW AUST
2013 03 26 1807 120.887 -33.017 15.0 3.21 MW AUST
2013 04 12 0949 120.471 -21.302 20.0 3.46 MW AUST
2013 04 30 0823 120.609 -27.795 8.0 3.00 MW AUST
2013 05 03 1710 120.710 -33.768 12.0 3.07 MW AUST
2013 05 05 0631 120.521 -27.864 0.0 3.00 MW AUST
2013 05 07 2148 132.113 -26.185 4.0 3.40 MW AUST
2013 05 13 2044 122.826 -31.691 0.0 3.07 MW AUST
2013 06 05 1317 121.548 -20.263 0.0 3.70 MW AUST
2013 06 06 0944 121.471 -30.696 0.0 3.07 MW AUST
2013 06 09 1422 132.230 -25.953 33.4 5.38 MW ADE
2013 06 12 1330 127.743 -22.752 0.0 3.70 MW AUST
2013 06 23 1248 114.766 -25.094 0.0 3.36 MW AUST
2013 07 14 0339 119.636 -22.577 0.0 3.14 MW AUST
2013 07 22 0509 120.954 -21.490 10.0 3.14 MW AUST
2013 07 29 0521 131.669 -22.675 0.0 3.36 MW AUST
2013 08 02 1746 121.413 -26.146 10.0 3.21 MW AUST
2013 08 13 0704 119.586 -22.340 10.0 3.07 MW AUST
2013 08 17 2144 121.210 -28.123 10.0 3.21 MW AUST
2013 08 19 1214 114.120 -23.772 10.0 3.14 MW AUST
2013 08 24 0639 123.662 -30.872 0.0 3.00 MW AUST
2013 09 13 1158 120.930 -20.993 2.0 3.75 MW AUST
2013 09 28 0400 129.119 -15.610 0.0 3.53 MW AUST
2013 09 30 2114 121.498 -31.898 12.0 3.73 MW AUST
2013 10 04 1335 113.311 -23.878 10.0 3.14 MW AUST
2013 10 14 1554 130.825 -24.050 0.0 3.54 MW AUST
2013 10 20 0752 123.697 -35.195 10.0 3.28 MW AUST
2013 10 23 1952 120.234 -17.087 30.0 3.21 MW AUST
2013 10 30 2225 120.746 -27.786 0.0 3.75 MW AUST
2013 11 18 1743 128.660 -16.606 0.0 3.21 MW AUST
2013 11 25 1539 124.529 -19.312 10.0 3.45 MW AUST
2013 11 30 0549 139.480 -28.545 21.5 3.73 MW ADE
2013 12 02 1154 121.690 -31.400 15.0 3.07 MW AUST
2013 12 06 1045 121.179 -35.832 10.0 3.28 MW AUST
2013 12 06 1207 112.649 -25.349 10.0 3.36 MW AUST
2013 12 07 2024 125.528 -31.506 10.0 3.28 MW AUST
2013 12 15 0732 125.637 -31.637 10.0 3.07 MW AUST
2013 12 16 1838 125.154 -21.811 15.0 3.36 MW AUST
2013 12 30 0907 128.700 -16.604 0.0 3.28 MW AUST
2014 01 16 2054 129.678 -15.073 10.0 3.14 MW AUST
2014 01 17 0449 119.495 -22.377 0.0 3.00 MW AUST
2014 02 01 0526 119.627 -34.614 10.0 3.00 MW AUST
2014 02 03 0106 114.251 -24.941 10.0 3.14 MW AUST
2014 02 06 1341 129.565 -15.058 10.0 3.45 MW AUST
2014 02 07 0118 126.183 -32.285 0.0 3.36 MW AUST
2014 02 15 0458 125.979 -31.640 0.0 3.21 MW AUST
2014 02 22 1705 141.257 -24.615 0.0 3.21 MW AUST
2014 02 26 0000 121.187 -30.679 0.0 4.32 MW AUST
2014 03 01 1414 122.304 -17.698 10.0 3.36 MW AUST
2014 03 05 1825 114.719 -21.871 0.0 3.14 MW AUST
2014 03 16 0324 124.438 -17.414 10.0 3.99 MW AUST
2014 04 14 1254 121.433 -30.743 10.0 3.00 MW AUST
2014 04 21 0942 114.918 -24.753 10.0 3.00 MW AUST
2014 05 01 0817 126.419 -18.205 5.0 3.28 MW AUST
2014 05 04 2237 128.589 -23.005 10.0 3.91 MW AUST
2014 05 08 1808 116.590 -20.400 30.0 3.49 MW AUST
2014 05 13 1351 122.339 -28.327 9.0 3.21 MW AUST
2014 06 02 1012 126.236 -32.693 10.0 3.40 MW AUST
2014 06 15 0738 121.783 -15.314 10.0 3.59 MW AUST
2014 06 17 0343 120.657 -21.819 10.0 3.21 MW AUST
2014 06 20 1233 121.552 -30.660 0.0 3.07 MW AUST
2014 07 09 1555 127.320 -23.122 10.0 3.58 MW AUST
2014 07 16 0035 128.382 -25.718 10.0 3.56 MW AUST
2014 07 18 0747 116.999 -25.288 13.0 3.00 MW AUST
2014 07 19 0540 119.432 -22.887 15.0 3.00 MW AUST
2014 07 19 2152 117.917 -19.503 23.0 3.58 MW AUST
2014 07 20 1421 120.667 -29.611 10.0 3.00 MW AUST
2014 07 29 0439 118.765 -18.315 40.0 3.86 MW AUST
2014 07 29 0650 123.863 -26.105 10.0 3.56 MW AUST
2014 08 14 1708 114.219 -24.595 10.0 3.00 MW AUST
2014 08 17 0228 119.335 -23.055 0.0 3.07 MW AUST
2014 08 21 1332 116.071 -28.213 10.0 3.07 MW AUST
2014 08 22 0725 114.610 -23.505 10.0 3.83 MW AUST
2014 09 01 1418 139.617 -26.190 23.1 3.43 MW ADE
2014 09 05 1407 143.895 -16.949 0.0 3.14 MW AUST
2014 09 06 1354 124.413 -30.018 13.0 3.36 MW AUST
2014 09 13 2209 113.285 -24.903 15.0 3.36 MW AUST
2014 09 18 0321 126.970 -31.646 15.0 3.40 MW AUST
2014 09 26 1538 119.534 -20.100 10.0 4.02 MW AUST
2014 09 29 1927 120.989 -18.972 10.0 3.28 MW AUST
2014 10 09 1545 127.132 -18.137 9.0 3.14 MW AUST
2014 10 10 0423 113.734 -27.269 10.0 3.57 MW AUST
2014 10 22 0240 114.583 -22.501 10.0 3.07 MW AUST
2014 10 24 1821 129.685 -23.579 0.0 3.14 MW AUST
2014 10 31 1915 121.232 -30.815 10.0 3.88 MW AUST
2014 11 03 1337 112.773 -26.559 0.0 3.07 MW AUST
2014 11 04 1555 121.133 -30.920 9.0 3.14 MW AUST
2014 11 12 0200 125.666 -18.287 18.0 3.84 MW AUST
2014 11 28 0301 112.569 -26.054 15.0 3.98 MW AUST
2014 12 01 1025 131.300 -21.716 10.0 3.77 MW AUST
2014 12 05 2316 123.450 -19.017 10.0 3.14 MW AUST
2014 12 06 0609 127.388 -17.616 10.0 3.46 MW AUST
2015 01 06 1241 133.071 -26.862 4.0 3.48 MW AUST
2015 01 06 1311 133.074 -27.030 16.3 3.51 MW SRC
2015 01 14 1212 114.522 -23.460 10.0 3.36 MW AUST
2015 01 17 1741 119.300 -23.306 0.0 3.07 MW AUST
2015 01 23 0556 121.488 -31.424 4.0 3.07 MW AUST
2015 02 13 2215 121.532 -30.627 13.0 3.42 MW AUST
2015 03 04 0301 119.213 -18.134 105.0 3.65 MW AUST
2015 03 15 1134 121.489 -33.545 10.0 3.28 MW AUST
2015 03 18 0549 131.356 -17.946 15.0 3.28 MW AUST
2015 03 28 1214 128.154 -27.009 0.0 3.21 MW AUST
2015 03 29 1717 113.178 -19.833 77.0 3.43 MW AUST
2015 04 02 0013 115.070 -26.926 10.0 3.28 MW AUST
2015 04 13 0225 122.621 -17.544 10.0 3.36 MW AUST
2015 04 22 2049 118.845 -20.199 10.0 3.28 MW AUST
2015 04 23 0405 116.328 -25.542 16.0 3.21 MW AUST
2015 04 26 2242 121.234 -30.760 15.0 3.28 MW AUST
2015 04 28 1816 124.700 -18.383 10.0 3.59 MW AUST
2015 05 01 1321 129.244 -13.924 20.0 3.14 MW AUST
2015 05 02 2131 132.111 -25.916 23.0 3.42 MW AUST
2015 05 07 1719 116.452 -20.439 10.0 3.21 MW AUST
2015 05 11 1331 127.779 -18.152 10.0 3.00 MW AUST
2015 05 16 1450 127.875 -17.295 10.0 3.14 MW AUST
2015 05 23 2107 128.744 -16.873 10.0 3.46 MW AUST
2015 05 28 1831 123.598 -18.074 15.0 3.42 MW AUST
2015 06 03 2115 121.301 -30.856 0.0 3.07 MW AUST
2015 06 22 1258 119.190 -33.209 0.0 3.07 MW AUST
2015 07 06 2254 113.626 -27.700 10.0 3.21 MW SRC
2015 07 20 2218 119.875 -18.557 15.0 3.89 MW AUST
2015 07 24 1137 123.050 -30.517 10.0 3.28 MW AUST
2015 08 16 0013 133.254 -29.278 17.3 3.21 MW ADE
2015 08 28 0354 115.869 -24.360 15.0 3.00 MW AUST
2015 10 07 2030 121.874 -17.229 14.0 4.36 MW USGS
2015 10 13 0654 120.751 -22.569 13.0 4.08 MW AUST
2015 10 13 2219 121.356 -30.771 10.0 3.21 MW SRC
2015 10 27 0632 126.526 -20.267 10.0 3.77 MW AUST
2015 10 27 0638 115.570 -20.507 10.0 3.58 MW AUST
2015 11 11 2012 130.546 -12.181 20.0 3.21 MW AUST
2015 11 28 1952 128.752 -16.593 6.0 3.14 MW AUST
2015 12 05 1548 120.862 -21.295 10.0 3.68 MW AUST
2015 12 10 0208 117.858 -25.611 10.0 3.07 MW AUST
2015 12 18 0200 132.059 -16.293 8.0 3.40 MW AUST
2015 12 19 1213 113.267 -25.144 10.0 3.40 MW AUST
2016 01 01 1946 129.230 -13.891 15.0 3.36 MW AUST
2016 01 13 1225 116.789 -19.397 10.0 3.47 MW AUST
2016 01 20 1006 116.673 -25.500 10.0 3.00 MW AUST
2016 03 11 0148 121.576 -26.102 10.0 3.21 MW AUST
2016 03 16 0738 120.836 -21.307 15.0 3.61 MW AUST
2016 03 24 0453 120.530 -21.512 20.0 3.42 MW AUST
2016 03 26 1454 111.834 -24.981 15.0 3.21 MW AUST
2016 04 25 2030 121.233 -30.650 10.0 3.28 MW AUST
2016 04 27 2043 121.628 -31.180 2.0 3.00 MW AUST
2016 04 30 1945 123.858 -19.061 10.0 3.59 MW AUST
2016 05 10 0944 118.690 -16.397 0.0 5.19 MW AUST
2016 05 16 2013 128.602 -22.904 10.0 4.15 MW AUST
2016 05 19 1346 119.029 -22.390 3.0 3.21 MW AUST
2016 05 20 1814 129.832 -25.579 0.0 6.09 MW AUST
2016 05 27 1602 111.510 -24.717 32.0 3.36 MW AUST
2016 06 06 0711 114.015 -18.920 10.0 3.66 MW AUST
2016 06 09 1018 124.392 -30.880 10.0 3.66 MW AUST
2016 06 10 0149 126.347 -28.009 0.0 3.51 MW AUST
2016 06 23 1609 121.375 -30.771 0.0 3.14 MW AUST
2016 07 01 0314 139.316 -25.364 10.0 3.28 MW AUST
2016 07 08 0940 122.346 -32.541 10.0 4.97 MW USGS
2016 07 15 0547 116.570 -25.067 10.0 3.21 MW AUST
2016 07 16 0319 123.960 -17.064 10.0 3.44 MW AUST
2016 07 16 0345 119.789 -28.715 10.0 3.07 MW AUST
2016 07 31 1345 112.121 -19.124 10.0 4.15 MW AUST
2016 08 25 0405 124.792 -19.502 10.0 3.28 MW AUST
2016 09 04 0624 121.409 -30.807 0.0 3.14 MW AUST
2016 09 05 0946 123.566 -16.567 0.0 3.46 MW AUST
2016 09 10 1534 127.115 -23.514 0.0 3.36 MW AUST
2016 09 11 1622 126.303 -16.798 9.0 3.14 MW AUST
2016 09 19 0705 119.611 -18.734 10.0 3.76 MW AUST
2016 09 20 0108 132.526 -26.517 9.0 3.43 MW AUST
2016 09 29 0149 119.181 -31.452 10.0 3.14 MW AUST
2016 10 10 0429 119.320 -23.042 18.0 3.07 MW AUST
2016 10 10 2314 121.437 -30.785 0.0 3.00 MW AUST
2016 10 20 1605 139.450 -27.375 10.0 3.00 MW AUST
2016 10 24 1302 112.911 -19.778 20.0 3.59 MW AUST
2016 11 03 1124 112.513 -19.413 10.0 3.43 MW AUST
2016 11 06 0954 128.002 -19.102 10.0 4.48 MW USGS
2016 11 11 0621 115.325 -24.784 15.0 3.28 MW AUST
2016 12 12 1733 113.115 -27.652 10.0 3.21 MW AUST
2016 12 26 1259 137.217 -27.210 10.0 3.40 MW AUST
2016 12 29 1656 121.491 -30.654 10.0 3.00 MW AUST
2017 01 13 2336 121.784 -31.430 10.0 3.07 MW AUST
2017 01 15 0716 115.145 -23.670 10.0 3.59 MW AUST
2017 01 21 1354 119.287 -17.733 10.0 3.45 MW AUST
2017 01 24 0502 123.500 -35.172 10.0 3.36 MW AUST
2017 02 12 0919 131.951 -26.097 10.0 3.14 MW AUST
2017 02 26 1741 112.877 -24.785 10.0 3.36 MW AUST
2017 03 05 0458 123.876 -15.489 10.0 3.58 MW AUST
2017 03 05 1914 116.244 -21.677 10.0 3.14 MW AUST
2017 03 15 1252 120.120 -33.326 10.0 3.07 MW AUST
2017 03 21 0815 121.140 -33.044 10.0 3.21 MW AUST
2017 03 22 0036 137.442 -25.870 10.0 3.07 MW AUST
2017 03 22 1449 125.259 -17.323 10.0 3.21 MW AUST
2017 03 26 2000 122.891 -31.616 10.0 3.73 MW AUST
2017 03 28 1655 120.070 -33.174 10.0 3.00 MW AUST
2017 03 31 1604 121.124 -33.085 10.0 3.36 MW AUST
2017 04 04 0355 128.939 -25.903 10.0 3.96 MW AUST
2017 04 08 0347 119.863 -28.684 10.0 3.07 MW AUST
2017 04 22 1929 131.217 -29.953 10.0 3.00 MW AUST
2017 04 26 0725 116.329 -20.293 10.0 3.28 MW AUST
2017 04 27 0153 111.506 -24.840 10.0 3.48 MW AUST
2017 05 03 1733 117.883 -20.249 10.0 3.48 MW AUST
2017 05 03 1756 127.936 -22.607 10.0 3.28 MW AUST
2017 05 13 0927 119.272 -33.204 10.0 3.28 MW AUST
2017 05 15 1912 123.588 -27.167 10.0 3.90 MW AUST
2017 07 15 2127 131.897 -26.122 0.0 3.36 MW AUST
