1857 04 27 1420 138.180 -35.833 7.0 2.9 MW ADE
1887 07 28 0655 147.000 -31.300 10.0 3.5 MW BRS
1905 08 21 1600 141.500 -36.500 15.0 4.9 MW GG
1880 07 31 0700 148.400 -31.000 10.0 2.8 MW BRS
1896 05 04 0555 139.850 -36.830 10.0 3.6 MW ADE
1961 05 16 0652 147.270 -30.850 0.0 4.0 MW BMR
1897 06 29 1830 139.850 -36.830 10.0 3.8 MW ADE
1882 10 24 0000 139.850 -36.830 10.0 2.7 MW ADE
1898 11 18 2120 139.850 -36.830 10.0 3.3 MW ADE
1907 05 29 2258 140.750 -36.970 10.0 3.6 MW ADE
1887 07 29 0000 149.000 -31.000 10.0 2.0 MW BRS
1961 01 29 0554 147.500 -33.000 0.0 3.5 MW CAN
1896 05 17 2000 141.600 -37.200 nan 2.6 MW McArdle
1909 05 31 1600 141.400 -37.600 10.0 3.4 MW MELOBS
1897 06 03 1400 141.500 -37.100 10.0 2.6 MW RobUnd
1962 01 10 1936 139.800 -36.350 0.0 3.8 MW ADE
1961 12 28 0734 141.570 -28.120 10.0 3.1 MW BRS
1899 04 12 0025 142.800 -37.100 10.0 2.6 MW RobUnd
1899 08 13 1142 139.850 -36.830 10.0 2.9 MW ADE
1967 01 14 1132 145.950 -29.190 47.0 3.1 MW ISC
1900 05 09 0000 146.800 -19.300 10.0 2.0 MW BRS
1902 08 14 0000 143.100 -36.300 10.0 2.7 MW RobUnd
1969 01 04 0623 148.250 -32.700 0.0 3.1 MW CAN
1969 01 26 1648 140.887 -32.271 16.3 3.1 MW ADE
1903 03 09 2330 139.850 -36.830 10.0 2.7 MW ADE
1969 10 09 0845 139.608 -31.757 10.0 3.4 MW ADE
1970 07 27 0513 139.508 -31.726 10.4 3.3 MW ADE
1907 04 04 2225 142.800 -37.100 10.0 2.7 MW MELOBS
1907 05 04 0000 142.300 -37.100 10.0 2.6 MW MELOBS
1907 05 05 0245 142.800 -37.300 10.0 1.9 MW MELOBS
1971 10 06 1324 139.675 -31.885 11.9 3.0 MW ADE
1971 11 05 1611 139.778 -30.314 7.2 3.4 MW ADE
1974 10 16 1638 142.280 -31.440 0.0 3.0 MW BMR
1908 04 13 0200 142.100 -37.200 10.0 2.7 MW MELOBS
1974 12 22 1123 142.545 -30.577 33.0 3.2 MW ISC
1911 08 26 0915 141.800 -37.300 10.0 2.6 MW MELOBS
1974 12 22 1124 142.397 -30.637 10.0 3.2 MW SA
1975 03 15 1620 139.692 -33.055 0.0 3.1 MW ADE
1912 12 06 1700 151.200 -23.900 10.0 1.5 MW Qld Met
1913 03 08 2045 140.750 -36.970 10.0 2.8 MW ADE
1913 12 01 1530 139.850 -36.830 10.0 2.9 MW ADE
1977 02 11 2334 141.310 -32.473 13.8 3.3 MW ADE
1916 08 19 0000 139.850 -36.830 10.0 2.0 MW ADE
1932 08 05 0000 142.000 -37.600 10.0 2.7 MW MELOBS
1957 11 26 0505 145.600 -18.600 0.0 2.5 MW BRS
1958 11 05 0516 145.500 -18.700 nan 2.5 MW BRS
1958 11 11 0612 145.600 -18.600 0.0 2.5 MW BRS
1963 03 30 1240 140.900 -27.200 0.0 2.3 MW ADE
1963 03 31 0025 140.900 -27.200 0.0 2.3 MW ADE
1964 01 21 2150 140.226 -32.071 5.8 2.1 MW ADE
1964 08 16 0311 137.200 -35.900 1.0 1.8 MW ADE
1964 08 16 1559 139.100 -29.600 1.0 1.9 MW ADE
1964 09 03 0249 139.423 -31.107 27.4 2.1 MW ADE
1964 10 21 2348 137.254 -36.503 15.0 2.4 MW ADE
1966 01 07 1138 139.300 -30.950 2.0 2.2 MW ADE
1966 02 15 1041 137.479 -36.239 4.5 2.2 MW ADE
1966 03 01 1242 139.725 -33.619 0.0 2.2 MW ADE
1966 07 20 0955 147.250 -32.880 0.0 1.8 MW CAN
1966 09 14 1725 141.643 -31.895 12.2 2.9 MW ADE
1966 11 11 1004 139.516 -33.150 24.5 1.7 MW ADE
1966 11 18 2337 140.104 -32.001 4.4 2.4 MW ADE
1967 01 06 0107 139.584 -31.701 14.8 2.1 MW ADE
1967 03 18 2039 148.400 -19.000 10.0 2.2 MW BRS
1967 07 25 0410 138.100 -30.000 5.0 2.3 MW ADE
1967 11 21 0002 137.892 -36.838 6.3 2.6 MW ADE
1968 02 28 1501 139.657 -32.063 12.3 2.5 MW ADE
1968 05 05 0937 139.480 -31.699 12.5 2.5 MW ADE
1968 12 30 1641 139.605 -31.950 0.7 2.5 MW ADE
1969 01 29 2339 139.629 -31.829 5.4 1.8 MW ADE
1969 07 20 1747 139.342 -30.606 38.1 2.1 MW ADE
1969 09 19 1154 140.022 -32.076 1.4 2.2 MW ADE
1969 09 30 1519 139.557 -32.851 0.1 1.8 MW ADE
1969 10 02 1432 139.767 -31.911 0.0 2.2 MW ADE
1969 10 04 1335 139.811 -31.883 0.0 2.0 MW ADE
1969 10 09 0709 139.788 -31.865 23.5 2.6 MW ADE
1969 10 11 1749 139.851 -32.638 8.3 1.8 MW ADE
1969 10 16 2352 139.707 -31.915 6.4 2.2 MW ADE
1969 10 31 2156 139.770 -31.909 20.0 1.7 MW ADE
1969 11 04 1634 139.741 -31.908 3.1 2.4 MW ADE
1969 11 28 0337 139.353 -31.720 0.0 2.4 MW ADE
1970 02 13 0142 139.416 -31.783 0.0 2.2 MW ADE
1970 04 26 1738 139.536 -34.523 3.9 1.9 MW ADE
1970 05 23 1049 139.421 -31.780 1.2 2.3 MW ADE
1970 08 11 0014 139.598 -31.869 2.6 2.0 MW ADE
1970 11 13 1840 139.627 -31.822 4.0 2.0 MW ADE
1970 11 14 0234 141.031 -30.923 0.0 2.2 MW SA
1970 11 14 0234 141.031 -30.923 0.0 2.2 MW ADE
1970 12 19 1400 139.400 -31.842 1.9 1.7 MW ADE
1970 12 20 1512 139.467 -31.838 2.8 1.7 MW ADE
1971 04 05 0809 139.622 -31.823 3.8 2.0 MW ADE
1971 05 03 0056 139.337 -31.369 6.3 1.6 MW ADE
1971 05 30 0217 138.470 -36.300 4.0 2.0 MW ADE
1971 10 03 0733 139.564 -31.673 5.9 2.3 MW ADE
1971 10 05 0701 139.617 -31.794 8.8 2.5 MW ADE
1971 10 06 2015 139.596 -31.688 4.3 1.8 MW ADE
1971 10 08 1547 139.485 -32.545 10.4 2.1 MW ADE
1971 10 10 1533 139.795 -31.947 7.2 1.5 MW ADE
1971 10 10 2143 139.524 -31.783 0.0 1.5 MW ADE
1971 10 21 1728 139.499 -31.716 1.5 2.6 MW ADE
1971 10 25 1148 139.738 -31.907 3.4 2.2 MW ADE
1971 11 01 2114 139.461 -31.838 7.9 1.7 MW ADE
1971 11 02 1326 139.602 -31.831 6.3 1.6 MW ADE
1972 01 17 0108 139.770 -31.862 5.2 1.7 MW ADE
1972 03 26 1158 139.537 -29.860 8.9 1.7 MW ADE
1972 04 09 0358 139.792 -32.035 5.0 2.3 MW ADE
1972 05 05 1332 146.500 -19.000 nan 2.8 MW BRS
1972 05 05 1707 137.733 -28.984 8.9 1.9 MW ADE
1972 05 06 1211 139.549 -31.824 8.1 2.6 MW ADE
1972 06 07 0249 139.488 -31.821 5.6 2.6 MW ADE
1972 07 14 0555 139.687 -31.891 2.6 1.8 MW ADE
1972 07 14 1423 139.844 -31.970 1.9 1.9 MW ADE
1972 12 22 1850 138.260 -36.737 7.1 2.3 MW ADE
1973 07 17 1554 139.639 -32.929 15.7 1.6 MW ADE
1973 08 08 2009 140.591 -32.592 1.3 2.2 MW ADE
1973 08 30 1456 139.534 -31.548 7.9 1.8 MW ADE
1973 10 18 0145 139.492 -33.917 13.9 2.5 MW ADE
1974 04 09 1817 139.670 -31.897 0.0 1.5 MW ADE
1974 05 05 1909 140.510 -36.930 20.0 2.1 MW ADE
1974 05 23 0446 139.434 -31.844 1.3 2.1 MW ADE
1974 06 22 1645 139.414 -31.760 7.8 2.3 MW ADE
1974 12 22 1123 147.700 -30.400 10.0 2.9 MW AUST
1975 03 03 1010 139.620 -32.250 10.0 2.1 MW ADE
1975 04 05 1413 145.750 -19.800 10.0 1.9 MW BRS
1975 04 05 1433 145.750 -19.800 10.0 1.9 MW UQ
1975 05 08 0742 140.800 -36.700 10.0 2.5 MW BMR
1975 08 11 2323 139.524 -33.694 7.0 2.4 MW ADE
1975 08 29 0923 139.401 -30.647 38.1 1.9 MW ADE
1975 09 15 1834 147.300 -30.200 32.0 2.8 MW BMR
1976 01 08 1806 142.064 -37.294 3.8 2.0 MW MEL
1976 01 18 0447 142.111 -37.349 3.8 2.3 MW MEL
1976 02 27 1144 144.600 -33.500 nan 2.8 MW BMR
1976 03 07 1454 141.068 -36.518 5.9 2.4 MW MEL
1976 05 13 1902 141.600 -24.590 10.0 2.6 MW ADE
1976 08 23 0620 143.366 -37.721 6.7 1.8 MW MEL
1977 08 16 1128 142.498 -36.522 17.2 2.9 MW MEL
1977 08 27 1606 142.545 -37.446 6.5 1.7 MW MEL
1977 09 23 1530 146.000 -20.400 10.0 2.1 MW BRS
1977 11 17 1251 139.370 -31.239 6.9 2.1 MW ADE
1978 03 07 1926 139.588 -33.050 32.5 1.6 MW ADE
1978 04 20 2204 146.793 -30.234 33.0 2.3 MW ISC
1978 07 01 1613 142.497 -37.169 17.2 1.3 MW MEL
1978 07 28 0908 139.779 -33.439 1.5 1.7 MW ADE
1978 08 14 0510 138.299 -30.071 34.9 1.6 MW ADE
1978 08 16 1606 139.348 -30.825 31.4 1.4 MW ADE
1978 08 25 1512 136.659 -35.943 0.8 2.7 MW ADE
1978 10 11 1715 139.415 -31.073 20.2 1.5 MW ADE
1978 12 01 1243 138.527 -36.038 8.7 2.0 MW ADE
1978 12 10 1936 140.067 -33.582 27.0 1.4 MW ADE
1978 12 19 2212 141.943 -30.544 0.0 2.3 MW ADE
1979 02 07 0906 139.916 -33.018 10.3 1.6 MW ADE
1979 02 22 0925 139.479 -30.365 16.5 2.2 MW ADE
1979 04 24 0039 139.341 -31.232 2.3 1.5 MW ADE
1979 04 29 1728 141.096 -32.287 8.5 2.3 MW ADE
1979 05 04 0938 139.480 -30.949 9.1 1.9 MW ADE
1979 05 05 0615 138.358 -29.431 26.3 2.1 MW ADE
1979 05 06 2302 139.491 -30.931 7.6 1.8 MW ADE
1979 05 07 2329 139.315 -30.895 11.2 1.6 MW ADE
1979 06 03 1414 139.360 -30.875 6.7 1.6 MW ADE
1979 06 06 1330 141.517 -31.890 13.0 1.7 MW ADE
1979 06 10 0033 140.265 -28.306 15.3 2.8 MW ADE
1979 07 01 0043 138.132 -29.554 18.4 2.2 MW ADE
1979 07 23 1530 139.560 -33.135 6.7 1.8 MW ADE
1979 07 23 1950 142.432 -36.305 15.3 2.4 MW MEL
1979 08 09 2020 139.423 -32.303 0.0 1.9 MW ADE
1979 10 23 1633 140.308 -34.310 16.8 2.1 MW ADE
1979 11 06 0845 139.546 -33.427 0.0 1.4 MW ADE
1979 11 06 1747 138.132 -29.949 8.1 1.8 MW ADE
1979 11 16 0943 139.370 -31.782 3.5 2.5 MW ADE
1979 12 30 0719 139.454 -31.170 12.7 1.4 MW ADE
1979 12 31 1335 139.425 -31.170 16.7 1.5 MW ADE
1980 03 03 2159 139.438 -32.242 16.3 1.9 MW ADE
1980 03 04 0657 138.005 -36.316 22.9 2.3 MW ADE
1980 04 13 1810 139.308 -29.208 21.5 2.4 MW ADE
1980 05 01 1816 141.489 -29.589 17.1 2.5 MW ADE
1980 05 16 0804 139.652 -32.898 16.8 1.4 MW ADE
1980 06 26 2319 139.555 -33.506 28.8 1.3 MW ADE
1980 08 15 2108 142.973 -36.740 10.0 1.6 MW MEL
1980 09 17 0827 141.316 -32.196 7.1 2.3 MW ADE
1980 09 23 0701 141.131 -37.114 32.5 2.2 MW ADE
1980 10 05 2011 141.929 -37.069 12.1 2.5 MW MEL
1980 10 06 1812 139.387 -31.726 19.3 2.0 MW ADE
1980 10 08 0415 139.619 -31.473 7.7 1.4 MW ADE
1980 11 07 2316 139.411 -31.784 3.5 1.8 MW ADE
1980 12 17 2339 140.632 -32.451 0.8 2.1 MW ADE
1980 12 20 1753 138.129 -30.073 1.5 2.5 MW ADE
1980 12 22 0424 139.363 -31.787 9.3 2.6 MW ADE
1981 01 04 2017 139.376 -31.704 6.9 1.8 MW ADE
1981 01 07 2046 140.151 -32.823 12.0 2.4 MW ADE
1981 01 15 0629 139.459 -31.777 5.9 2.7 MW ADE
1981 01 25 2234 138.146 -35.849 8.4 2.2 MW ADE
1981 03 11 0716 147.484 -19.018 9.1 1.5 MW GSQ
1981 03 19 2332 139.638 -32.963 18.6 2.0 MW ADE
1981 04 09 1645 141.945 -37.021 0.1 1.9 MW ADE
1981 04 15 0703 139.317 -30.821 11.0 2.5 MW ADE
1981 04 15 0753 139.317 -30.821 10.8 2.5 MW ADE
1981 06 14 0559 138.814 -36.265 14.0 2.1 MW ADE
1981 07 14 0101 139.364 -31.806 6.6 1.9 MW ADE
1981 08 20 0215 142.400 -30.574 32.2 2.5 MW ADE
1981 09 10 1748 139.391 -30.773 5.2 2.2 MW ADE
1981 09 20 1528 139.634 -34.722 10.7 1.7 MW ADE
1981 10 19 1628 142.957 -36.731 8.8 1.7 MW MEL
1981 11 17 2213 146.001 -24.143 0.0 1.7 MW GSQ
1981 11 20 2156 138.253 -35.816 15.2 1.9 MW ADE
1982 02 07 0321 139.440 -29.123 0.0 2.1 MW ADE
1982 02 13 0440 143.092 -36.069 2.6 1.6 MW MEL
1982 02 14 1804 138.346 -29.940 5.5 1.8 MW ADE
1982 04 28 1141 139.314 -30.458 0.0 1.7 MW ADE
1982 05 16 1634 143.112 -36.391 4.2 2.0 MW MEL
1982 06 16 1430 139.773 -32.656 4.8 1.4 MW ADE
1982 08 12 0054 139.370 -31.684 0.9 2.0 MW ADE
1982 08 15 0304 146.584 -18.949 5.0 0.9 MW QDM
1982 10 02 0617 139.546 -32.809 10.9 1.5 MW ADE
1982 10 11 0639 142.070 -37.519 13.1 2.3 MW MEL
1982 10 27 1336 141.536 -31.921 2.9 2.2 MW ADE
1982 10 27 1425 142.076 -37.507 10.0 1.6 MW MEL
1982 10 28 2029 138.713 -29.626 30.3 2.1 MW ADE
1982 10 30 0718 142.190 -37.451 14.6 2.0 MW MEL
1982 12 22 1645 139.566 -30.050 0.0 1.7 MW ADE
1983 01 17 0613 141.516 -37.228 24.4 1.6 MW ADE
1983 01 18 0938 139.494 -29.157 16.3 2.3 MW ADE
1983 02 23 1529 141.642 -31.931 14.8 2.2 MW ADE
1983 03 01 1546 141.595 -32.107 12.7 2.0 MW ADE
1983 03 08 0643 142.001 -29.982 5.7 2.8 MW ADE
1983 03 23 1041 141.557 -30.126 15.0 2.2 MW ADE
1983 03 23 1417 139.329 -31.035 0.5 1.7 MW ADE
1983 03 27 0549 140.291 -32.770 10.1 1.7 MW ADE
1983 04 22 0545 141.812 -31.850 5.8 2.0 MW ADE
1983 04 26 0905 146.800 -33.060 0.0 2.9 MW CAN
1983 05 17 1554 144.097 -19.661 5.0 1.7 MW GSQ
1983 05 29 2315 138.104 -30.098 16.8 1.9 MW ADE
1983 06 15 2314 139.266 -30.066 11.2 2.2 MW ADE
1983 07 14 2201 139.523 -32.888 26.4 1.6 MW ADE
1983 09 29 1338 138.078 -30.099 6.1 1.7 MW ADE
1983 10 03 0754 139.512 -34.114 24.1 2.5 MW ADE
1983 10 31 0843 139.434 -32.617 16.6 1.5 MW ADE
1983 12 29 2356 139.316 -30.863 4.2 1.7 MW ADE
1984 01 11 1048 138.715 -26.758 30.3 2.9 MW ADE
1984 01 24 1113 142.997 -36.606 7.9 1.5 MW MEL
1984 02 16 2059 139.431 -31.774 11.9 1.7 MW ADE
1984 03 25 1042 139.376 -31.765 4.4 2.3 MW ADE
1984 05 16 1740 139.452 -31.729 4.8 1.7 MW ADE
1984 05 21 1222 141.541 -31.906 0.0 2.1 MW ADE
1984 05 25 1254 143.305 -37.607 0.0 1.4 MW MEL
1984 06 10 2152 141.577 -30.698 27.7 2.0 MW ADE
1984 06 12 1055 147.005 -18.794 9.0 1.8 MW GSQ
1984 08 21 1513 139.317 -30.847 5.6 2.0 MW ADE
1984 09 22 0052 139.250 -30.153 1.1 2.5 MW ADE
1984 12 16 0501 139.802 -30.749 30.9 1.5 MW ADE
1985 01 11 1824 142.493 -37.482 17.1 2.0 MW MEL
1985 01 30 2041 140.940 -26.583 0.0 2.4 MW BMR
1985 03 17 1401 139.497 -33.870 5.1 2.2 MW ADE
1985 03 26 1027 147.304 -18.724 0.0 1.8 MW QDM
1985 04 11 1823 139.497 -34.741 15.7 2.7 MW ADE
1985 04 18 0209 142.485 -37.014 10.0 1.5 MW MEL
1985 05 17 0759 147.070 -19.235 14.0 1.6 MW GSQ
1985 05 17 0800 146.807 -19.365 14.5 1.5 MW GSQ
1985 05 19 1626 145.965 -20.682 19.0 2.0 MW GSQ
1985 05 24 0312 142.099 -37.297 8.2 1.9 MW MEL
1985 05 31 0749 139.474 -31.963 7.4 1.8 MW ADE
1985 06 07 1755 148.812 -27.714 0.0 2.6 MW GSQ
1985 06 25 1457 145.838 -20.629 3.0 1.0 MW QDM
1985 07 01 1830 143.249 -34.879 15.4 2.3 MW MEL
1985 08 09 0437 139.433 -31.820 6.9 2.1 MW ADE
1985 08 26 2259 141.932 -30.644 38.0 2.8 MW ADE
1985 09 14 2000 139.435 -31.829 16.0 1.9 MW ADE
1985 09 27 1256 138.217 -29.990 10.9 1.4 MW ADE
1985 10 06 1328 146.740 -33.070 nan 2.4 MW CAN
1985 10 09 1829 146.740 -33.070 nan 2.5 MW CAN
1985 10 27 0429 146.740 -33.070 nan 2.3 MW CAN
1985 11 03 2119 146.820 -33.100 nan 2.2 MW CAN
1985 11 29 1307 143.169 -36.207 3.6 1.9 MW MEL
1985 12 01 1727 139.431 -31.819 8.8 1.5 MW ADE
1986 03 15 1304 141.807 -37.046 11.8 2.1 MW MEL
1986 05 05 0711 139.679 -34.112 24.0 1.5 MW ADE
1986 05 12 0622 149.465 -27.487 2.8 2.4 MW GSQ
1986 06 27 0013 140.195 -25.515 5.0 2.6 MW SA
1986 06 27 0130 140.195 -25.515 4.8 2.6 MW ADE
1986 08 18 1202 142.508 -37.496 11.4 1.9 MW MEL
1986 09 25 1422 143.858 -22.626 0.2 2.6 MW GSQ
1986 10 08 0936 141.304 -29.951 0.4 2.3 MW ADE
1986 10 11 0328 139.494 -33.108 23.4 1.5 MW ADE
1986 10 15 0330 139.624 -30.821 11.1 1.7 MW ADE
1986 10 16 1053 147.370 -33.000 0.0 2.6 MW CAN
1986 11 16 0449 137.987 -30.051 19.5 2.1 MW ADE
1986 11 28 0109 142.006 -37.584 16.7 2.0 MW MEL
1986 11 28 0441 140.837 -32.865 5.4 2.0 MW ADE
1986 12 16 0712 139.221 -30.101 0.0 2.0 MW ADE
1986 12 20 0324 142.522 -37.618 14.9 2.0 MW MEL
1987 01 02 1122 143.974 -34.473 12.0 2.3 MW MEL
1987 01 28 1800 138.056 -30.204 32.2 1.6 MW ADE
1987 02 01 2209 139.553 -30.115 33.3 1.7 MW ADE
1987 02 22 0340 139.485 -30.927 27.2 2.0 MW ADE
1987 02 28 0853 139.474 -32.861 34.5 1.5 MW ADE
1987 03 02 1308 141.722 -35.202 38.0 2.3 MW ADE
1987 03 12 1653 147.750 -32.780 0.0 2.3 MW CAN
1987 03 26 2307 149.792 -24.691 0.0 2.9 MW BRS
1987 04 07 0735 139.846 -31.149 17.0 1.4 MW ADE
1987 05 11 0333 139.604 -35.284 0.0 2.1 MW ADE
1987 07 12 0119 139.284 -30.248 4.7 2.0 MW ADE
1987 07 16 0628 139.158 -30.176 28.7 2.0 MW ADE
1987 07 24 0403 145.527 -19.218 0.0 2.3 MW GSQ
1987 09 01 0449 139.459 -34.257 6.6 1.8 MW ADE
1987 09 20 1107 138.152 -29.926 35.3 1.5 MW ADE
1987 11 04 0259 139.667 -31.849 16.5 1.5 MW ADE
1987 11 04 2337 139.794 -34.673 4.3 1.4 MW ADE
1987 12 12 1926 139.752 -33.220 30.0 1.6 MW ADE
1988 02 07 1336 141.516 -31.877 16.7 1.8 MW ADE
1988 02 10 2000 139.423 -30.239 0.2 1.8 MW ADE
1988 02 28 0916 139.494 -31.727 38.0 1.5 MW ADE
1988 03 18 0420 139.310 -30.493 10.4 1.6 MW ADE
1988 03 31 1757 142.083 -29.080 4.0 2.3 MW BMR
1988 04 09 2316 138.846 -29.678 3.2 1.9 MW ADE
1988 05 07 1150 139.078 -29.320 2.0 1.7 MW ADE
1988 05 21 0223 151.741 -23.870 0.0 2.9 MW QDM
1988 06 06 0804 140.229 -32.181 19.3 1.5 MW ADE
1988 06 12 1757 139.401 -31.780 13.5 1.8 MW ADE
1988 06 22 0631 140.128 -26.514 0.0 2.5 MW BMR
1988 08 03 0739 138.921 -29.832 12.9 2.6 MW ADE
1988 08 04 1144 147.062 -33.013 5.0 2.2 MW BMR
1988 08 22 0054 141.751 -29.964 4.6 2.6 MW ADE
1988 08 22 1901 139.369 -31.819 11.2 1.5 MW ADE
1988 09 04 1346 139.797 -32.000 10.0 1.3 MW ADE
1988 09 30 1040 142.746 -37.327 10.1 2.1 MW MEL
1988 10 19 0511 138.886 -29.644 16.8 1.5 MW ADE
1988 10 24 1743 138.981 -36.723 23.9 2.3 MW ADE
1988 10 27 0423 138.146 -30.137 7.2 1.8 MW ADE
1988 11 06 1136 142.913 -36.499 3.6 2.7 MW MEL
1988 11 07 2355 142.703 -36.855 26.1 1.6 MW MEL
1988 11 13 0011 141.998 -37.555 10.8 2.3 MW MEL
1989 01 06 1305 139.629 -30.197 2.0 2.1 MW ADE
1989 03 29 0824 145.546 -20.011 2.0 2.1 MW GSQ
1989 03 30 1745 145.611 -19.861 5.8 2.3 MW GSQ
1989 04 23 2111 139.915 -30.952 19.0 1.9 MW ADE
1989 05 13 0217 147.000 -30.362 15.0 2.8 MW BMR
1989 06 01 2353 139.678 -33.849 12.9 2.6 MW ADE
1989 06 03 1238 142.958 -35.165 3.7 2.1 MW MEL
1989 06 15 1649 139.007 -30.162 10.6 1.9 MW ADE
1989 06 18 0909 138.726 -29.834 10.0 1.6 MW ADE
1989 06 19 1814 138.196 -29.861 16.0 2.5 MW ADE
1989 07 14 0448 140.309 -34.581 14.8 1.8 MW ADE
1989 07 26 2349 139.711 -29.376 23.3 2.9 MW ADE
1989 08 08 0654 141.152 -27.923 6.7 2.7 MW ADE
1989 09 05 1001 139.835 -31.889 26.1 1.4 MW ADE
1989 12 04 0711 139.536 -31.125 6.5 1.2 MW ADE
1989 12 05 1920 139.384 -30.798 10.9 1.7 MW ADE
1989 12 12 0337 139.817 -30.879 10.3 1.9 MW ADE
1990 01 25 1405 139.587 -32.802 16.5 1.5 MW ADE
1990 02 11 0912 142.664 -31.214 6.2 2.5 MW ADE
1990 02 11 0937 139.472 -30.282 6.7 2.2 MW ADE
1990 02 16 0316 142.668 -37.320 16.2 2.5 MW MEL
1990 02 19 1300 139.715 -31.371 11.9 1.4 MW ADE
1990 03 05 2330 142.598 -37.283 16.4 1.9 MW MEL
1990 03 07 2341 139.586 -31.706 13.7 1.3 MW ADE
1990 04 01 0704 138.799 -35.772 16.5 1.2 MW ADE
1990 04 01 0707 138.680 -36.401 10.7 1.4 MW ADE
1990 04 01 2330 138.759 -36.090 11.1 2.0 MW ADE
1990 04 09 1846 138.718 -30.029 17.0 2.3 MW ADE
1990 04 10 0627 138.130 -29.300 9.3 2.5 MW ADE
1990 04 11 1300 138.808 -29.854 10.0 2.2 MW ADE
1990 04 27 1602 147.247 -27.499 10.0 2.8 MW GSQ
1990 05 05 0959 141.460 -37.827 6.0 2.2 MW MEL
1990 05 19 1519 142.599 -37.533 18.7 1.9 MW MEL
1990 07 13 2008 139.933 -33.093 11.5 1.4 MW ADE
1990 07 19 0550 139.046 -30.245 4.3 1.9 MW ADE
1990 07 27 1016 139.025 -30.017 11.7 1.6 MW ADE
1990 08 29 0225 139.544 -33.789 9.4 2.1 MW ADE
1990 09 15 1016 145.537 -18.570 3.6 1.5 MW GSQ
1990 11 04 0043 139.479 -31.849 1.0 1.7 MW ADE
1990 11 12 0416 139.392 -31.756 17.1 1.7 MW ADE
1990 11 21 1358 139.636 -35.447 24.0 1.6 MW ADE
1990 12 11 1610 150.619 -23.610 6.1 2.2 MW GSQ
1991 02 02 1815 140.846 -31.416 6.3 2.0 MW ADE
1991 02 05 2335 140.286 -33.088 15.7 1.8 MW ADE
1991 02 26 1033 150.700 -23.500 0.0 1.4 MW QDM
1991 03 01 0430 141.530 -31.738 0.5 1.9 MW ADE
1991 05 11 0904 140.053 -36.427 9.9 2.8 MW ADE
1991 05 17 1742 137.473 -35.977 6.9 1.8 MW ADE
1991 05 23 2237 139.719 -31.528 8.0 1.6 MW ADE
1991 05 26 0632 150.667 -23.613 10.0 1.7 MW BRS
1991 06 02 1053 141.862 -30.231 11.6 2.4 MW ADE
1991 06 10 1200 150.658 -23.609 0.5 2.7 MW GSQ
1991 06 10 1300 150.644 -23.607 10.0 2.7 MW GSQ
1991 06 21 2256 140.165 -28.798 12.0 2.3 MW ADE
1991 07 04 1646 150.632 -23.596 9.0 1.1 MW QDM
1991 08 13 0051 137.993 -36.668 9.7 2.5 MW ADE
1991 08 22 1705 141.594 -35.018 9.2 2.5 MW MEL
1991 09 24 0901 148.331 -27.710 8.0 2.5 MW GSQ
1991 10 07 2310 140.557 -32.541 10.4 2.6 MW ADE
1991 10 08 0139 140.757 -32.623 10.0 1.9 MW ADE
1991 10 12 1708 142.321 -36.745 2.5 1.7 MW MEL
1991 10 15 2127 141.356 -31.853 2.2 2.2 MW ADE
1991 11 02 2056 142.493 -37.608 1.2 2.4 MW MEL
1991 11 05 0235 140.606 -32.690 6.1 2.0 MW ADE
1992 01 09 0713 150.491 -23.435 8.0 1.3 MW BRS
1992 01 22 0753 140.029 -32.592 11.3 2.2 MW ADE
1992 02 16 1909 139.456 -31.006 3.4 2.1 MW ADE
1992 04 15 1509 142.771 -35.438 10.0 1.9 MW MEL
1992 04 24 0844 138.024 -30.142 11.8 1.7 MW ADE
1992 05 08 2158 139.386 -31.496 7.3 2.1 MW ADE
1992 06 14 0016 139.796 -32.410 5.7 1.7 MW ADE
1992 06 23 0810 139.634 -30.597 1.3 1.7 MW ADE
1992 09 08 0710 138.365 -36.786 10.0 2.5 MW ADE
1992 09 11 2311 138.080 -30.146 1.2 1.7 MW ADE
1992 11 08 1545 140.137 -34.731 14.2 2.0 MW ADE
1992 11 08 2239 139.444 -35.020 12.0 2.1 MW ADE
1992 11 09 1530 141.012 -37.183 4.6 2.7 MW ADE
1992 11 10 0142 140.831 -37.175 0.8 2.7 MW ADE
1993 01 08 2159 149.697 -24.648 9.0 1.7 MW BRS
1993 01 09 1122 142.796 -35.153 15.7 1.9 MW MEL
1993 01 10 1017 142.044 -30.476 8.9 2.0 MW ADE
1993 01 15 0524 142.512 -36.626 5.5 1.6 MW MEL
1993 01 15 1050 142.587 -36.939 8.9 1.4 MW MEL
1993 01 22 2026 141.627 -31.972 11.9 2.1 MW ADE
1993 01 29 0546 138.420 -29.383 2.0 2.1 MW ADE
1993 02 10 1953 141.937 -37.682 12.6 2.1 MW MEL
1993 02 23 1607 139.790 -31.170 3.7 1.7 MW ADE
1993 03 31 0424 139.575 -31.060 4.7 1.4 MW ADE
1993 03 31 0500 139.772 -31.097 0.1 1.4 MW ADE
1993 05 05 0003 143.747 -29.276 5.0 2.0 MW AUST
1993 05 19 1412 141.484 -32.095 10.5 2.1 MW ADE
1993 05 26 1923 141.831 -30.503 5.0 2.0 MW AUST
1993 06 24 1302 139.461 -30.127 11.5 1.7 MW ADE
1993 07 15 0443 142.532 -37.021 7.0 1.3 MW MEL
1993 07 20 1219 139.411 -31.035 7.5 1.6 MW ADE
1993 07 22 1619 138.062 -29.962 6.3 2.1 MW ADE
1993 08 15 2310 139.372 -30.102 8.8 1.5 MW ADE
1993 09 18 0842 139.831 -30.976 5.6 1.6 MW ADE
1993 09 29 1749 140.448 -26.115 5.0 2.5 MW AUST
1993 11 07 1430 139.025 -35.552 16.7 1.7 MW ADE
1993 11 20 1234 138.838 -30.155 11.4 1.7 MW ADE
1993 11 30 0648 141.580 -31.848 10.0 2.3 MW ADE
1994 02 08 1123 150.176 -25.328 0.1 2.4 MW BRS
1994 02 20 1250 139.580 -32.227 15.5 2.0 MW ADE
1994 03 27 0130 149.587 -24.524 8.0 2.6 MW BRS
1994 04 20 1302 140.790 -36.590 7.9 2.3 MW ADE
1994 05 02 0644 139.457 -35.073 9.4 1.9 MW ADE
1994 05 22 1935 139.609 -30.431 12.1 1.6 MW ADE
1994 05 23 1022 137.438 -35.901 3.5 2.3 MW ADE
1994 06 09 1408 141.986 -32.131 12.3 2.7 MW ADE
1994 06 24 1653 139.572 -28.280 12.5 2.5 MW ADE
1994 07 15 0632 139.603 -33.189 16.0 1.4 MW ADE
1994 08 10 1145 149.392 -26.656 8.0 1.7 MW BRS
1994 08 31 0259 139.711 -31.097 8.3 1.5 MW ADE
1994 09 28 2146 139.478 -34.201 9.2 2.4 MW ADE
1994 10 06 0403 138.989 -30.054 7.5 2.1 MW ADE
1994 10 13 2208 141.689 -31.886 4.8 2.1 MW ADE
1994 12 09 0635 138.011 -30.228 9.1 2.0 MW ADE
1995 01 12 1232 139.771 -31.285 0.2 1.3 MW ADE
1995 01 14 0311 138.056 -30.240 6.7 1.7 MW ADE
1995 01 24 2354 140.913 -33.109 12.5 1.9 MW ADE
1995 01 25 0421 139.383 -31.642 7.0 1.8 MW ADE
1995 02 12 0112 150.000 -24.600 0.0 2.8 MW BRS
1995 03 02 2125 139.821 -31.297 13.4 1.3 MW ADE
1995 03 27 0117 150.000 -24.600 0.0 2.6 MW BRS
1995 05 11 0008 139.293 -30.676 4.7 2.3 MW ADE
1995 06 25 0412 143.184 -37.706 8.5 1.6 MW MEL
1995 06 25 1049 143.134 -37.739 3.6 1.6 MW MEL
1995 07 14 1948 137.020 -36.319 5.5 2.5 MW ADE
1995 07 31 1428 136.840 -36.211 10.6 2.0 MW ADE
1995 09 07 0334 150.869 -23.959 10.0 1.1 MW UQ
1995 09 19 1722 139.752 -31.325 14.8 1.7 MW ADE
1995 10 06 2129 140.608 -32.533 9.7 1.4 MW ADE
1995 10 09 2039 151.388 -23.796 7.0 1.3 MW UQ
1995 10 13 0502 151.400 -23.748 10.0 1.1 MW UQ
1995 10 29 1341 139.481 -28.895 10.0 2.1 MW ADE
1995 11 09 0511 139.438 -31.443 9.5 1.6 MW ADE
1995 11 15 0824 139.844 -31.691 12.3 2.0 MW ADE
1996 01 06 0208 140.282 -25.688 0.0 2.7 MW ISC
1996 01 15 1747 139.451 -31.220 10.0 1.7 MW ADE
1996 02 04 2344 138.087 -35.864 12.5 2.0 MW ADE
1996 02 09 1303 148.040 -18.887 10.0 2.5 MW UQ
1996 02 25 1103 139.919 -33.124 10.9 1.4 MW ADE
1996 03 21 2104 138.082 -30.219 12.1 1.7 MW ADE
1996 06 11 0209 142.492 -36.656 3.6 1.9 MW MEL
1996 08 15 1720 149.952 -26.909 1.0 2.0 MW BRS
1996 08 22 0906 140.552 -32.409 8.4 1.7 MW ADE
1996 08 28 2351 137.192 -36.795 25.0 1.9 MW ADE
1996 09 07 1105 141.742 -37.394 11.2 2.8 MW MEL
1996 09 10 1835 141.998 -37.575 17.2 2.6 MW MEL
1996 09 13 0306 141.745 -37.359 9.3 2.2 MW MEL
1996 09 29 0029 138.790 -30.110 0.0 2.4 MW EIDC
1996 10 04 0630 143.528 -30.093 6.2 1.1 MW MEL
1996 10 05 0341 151.547 -23.177 10.0 2.6 MW BRS
1996 11 09 1126 139.140 -30.130 0.0 2.6 MW EIDC
1996 11 25 1650 139.313 -31.207 7.6 2.2 MW ADE
1996 11 26 0732 143.868 -29.611 5.0 2.5 MW AUST
1996 12 03 1734 137.973 -29.396 8.1 2.5 MW ADE
1997 03 27 1509 139.717 -31.282 7.0 1.9 MW ADE
1997 03 29 2057 143.628 -30.713 0.0 2.7 MW AUST
1997 05 17 1624 143.478 -30.120 10.0 2.3 MW ADE
1997 06 29 1352 139.647 -35.215 7.9 1.9 MW ADE
1997 07 26 0633 141.430 -31.990 0.0 2.9 MW AUST
1997 08 17 0452 139.483 -34.628 22.4 2.4 MW ADE
1997 11 24 2120 140.297 -32.415 10.0 1.4 MW ADE
1998 01 02 2100 138.418 -36.273 14.7 1.6 MW ADE
1998 01 30 1336 140.351 -35.272 7.5 2.7 MW ADE
1998 05 02 2133 139.897 -30.956 9.8 2.2 MW ADE
1998 05 13 0217 147.000 -30.360 15.0 2.8 MW AUST
1998 05 17 0030 144.000 -28.750 10.0 2.7 MW UQ
1998 06 06 1219 141.873 -37.319 11.8 1.4 MW MEL
1998 07 16 2143 139.778 -35.103 10.5 2.9 MW ADE
1998 07 25 2233 142.617 -37.226 10.0 1.8 MW MEL
1998 08 17 0058 144.420 -32.090 0.0 2.8 MW AGSO
1998 09 28 1823 139.347 -31.256 7.7 1.9 MW ADE
1998 09 29 1348 141.356 -31.700 11.0 2.6 MW ADE
1998 10 13 1009 139.441 -30.218 12.4 2.0 MW ADE
1998 11 14 1747 139.316 -31.213 12.7 2.4 MW ADE
1999 01 01 0309 140.019 -35.518 9.7 1.8 MW ADE
1999 02 27 0540 151.200 -23.744 10.0 2.5 MW SRC
1999 05 31 1915 140.140 -25.850 10.0 2.9 MW AGSO
1999 06 03 1553 140.800 -27.130 0.0 2.5 MW AGSO
1999 06 16 1345 142.540 -37.447 18.5 2.2 MW MEL
1999 07 11 0348 139.368 -31.777 10.0 1.4 MW ADE
1999 09 22 0911 141.059 -31.633 10.0 2.0 MW ADE
1999 09 26 0530 144.140 -27.990 0.0 2.5 MW AGSO
1999 11 25 0737 142.884 -30.829 0.0 2.1 MW AUST
2000 01 31 1358 148.086 -19.036 10.0 2.0 MW RC
2000 03 10 1838 144.300 -29.300 0.0 2.0 MW AGSO
2000 07 01 0049 141.653 -31.747 9.2 2.3 MW ADE
2000 07 05 0645 141.400 -31.900 0.0 1.6 MW AUST
2000 07 24 0337 139.320 -29.445 16.2 2.5 MW ADE
2000 09 27 1628 142.617 -36.079 10.0 2.3 MW MEL
2001 01 17 0451 142.010 -37.691 10.2 2.3 MW MEL
2001 03 14 2128 142.390 -29.140 0.0 2.4 MW AGSO
2001 03 29 0600 138.757 -29.607 33.0 2.6 MW ISC
2001 04 23 1012 143.210 -28.230 8.0 2.3 MW AGSO
2001 05 11 1232 150.208 -26.511 30.7 2.1 MW AUST
2001 05 11 1232 150.208 -26.511 30.0 2.1 MW AUST
2001 05 20 1147 146.500 -32.190 10.0 2.7 MW AGSO
2001 05 25 1127 138.057 -30.028 8.4 1.7 MW ADE
2001 07 14 1517 150.059 -25.059 10.0 2.3 MW RC
2001 08 07 2050 147.805 -27.866 0.0 2.3 MW AUST
2001 10 24 0855 146.250 -32.740 5.0 2.3 MW AUST
2001 10 27 1856 146.409 -32.425 2.7 2.5 MW AUST
2001 11 27 1529 146.620 -32.540 3.0 2.6 MW AUST
2001 12 12 1317 142.200 -31.790 1.7 2.1 MW ADE
2001 12 23 0423 142.411 -29.845 10.0 2.2 MW AUST
2002 01 19 0159 137.202 -36.651 11.5 2.0 MW ADE
2002 01 26 0201 138.093 -36.999 13.0 1.9 MW ADE
2002 03 01 2041 139.671 -32.162 12.5 1.6 MW ADE
2002 03 19 0307 138.105 -37.142 14.0 2.8 MW ADE
2002 04 02 1524 143.113 -36.197 10.0 1.9 MW MEL
2002 04 19 0002 143.103 -36.179 6.4 2.7 MW MEL
2002 06 13 0658 139.965 -33.652 3.0 2.2 MW AUST
2002 06 16 1631 140.979 -37.637 10.0 1.7 MW ADE
2002 07 23 1838 145.586 -31.633 5.0 2.5 MW AUST
2002 09 07 1214 138.973 -30.219 14.5 1.9 MW ADE
2002 09 25 0251 139.266 -29.579 3.5 2.1 MW ADE
2002 10 03 1700 147.383 -29.106 5.0 2.4 MW ISC
2002 10 11 0709 140.762 -27.960 13.6 2.7 MW ADE
2002 10 24 2203 142.250 -35.666 10.0 2.9 MW MEL
2002 11 09 2003 139.621 -33.933 7.6 1.7 MW ADE
2002 11 15 1759 138.535 -29.671 16.6 2.0 MW ADE
2003 01 16 0639 139.792 -31.488 11.8 1.9 MW ADE
2003 02 09 1753 147.998 -30.608 12.0 2.3 MW AUST
2003 03 05 1931 139.296 -35.642 8.0 1.8 MW ADE
2003 03 06 0529 139.271 -35.629 2.1 1.8 MW ADE
2003 04 09 0042 140.181 -36.122 11.0 1.9 MW ADE
2003 04 25 0146 140.726 -32.357 11.3 2.1 MW ADE
2003 08 11 1712 141.913 -36.358 13.3 1.6 MW MEL
2003 08 18 2141 138.157 -36.853 11.5 2.1 MW ADE
2003 09 10 0003 143.610 -34.487 10.0 2.9 MW MEL
2003 09 16 0234 140.992 -36.110 10.0 2.1 MW ADE
2003 10 30 2257 142.083 -37.416 10.0 1.2 MW MEL
2003 11 13 1403 140.682 -27.906 10.0 2.8 MW ISC
2003 11 27 2345 142.504 -37.489 10.0 1.3 MW MEL
2003 12 20 1334 141.456 -37.639 8.7 2.5 MW ADE
2003 12 21 2115 140.804 -27.862 6.0 2.7 MW AUST
2003 12 24 0049 146.998 -18.928 2.0 2.5 MW RC
2003 12 27 0155 139.310 -30.396 4.3 1.7 MW ADE
2004 01 15 1153 142.399 -37.567 10.0 1.3 MW MEL
2004 01 19 0754 139.434 -30.223 9.5 1.6 MW ADE
2004 01 22 1938 138.888 -30.092 8.0 1.7 MW ADE
2004 01 31 0123 142.798 -36.771 10.0 1.6 MW MEL
2004 02 08 1050 138.374 -35.822 1.4 1.8 MW ADE
2004 03 25 1633 141.084 -37.561 14.0 1.4 MW ADE
2004 04 06 0048 139.995 -32.923 14.9 1.7 MW ADE
2004 04 18 0559 138.807 -30.127 10.0 2.2 MW ISC
2004 05 23 1654 138.365 -35.933 2.7 1.8 MW ADE
2004 06 04 0432 142.631 -37.592 8.9 2.4 MW MEL
2004 06 08 1946 141.351 -38.094 7.5 1.6 MW MEL
2004 06 19 0917 138.694 -30.044 13.1 1.7 MW ADE
2004 07 20 1242 141.101 -37.466 30.8 1.9 MW ADE
2004 07 21 1555 141.489 -31.721 14.8 2.5 MW ADE
2004 07 28 1408 141.407 -29.928 0.0 2.7 MW AUST
2004 08 10 2013 136.622 -35.951 10.0 2.1 MW ADE
2004 08 17 0906 137.978 -30.136 13.6 2.6 MW ADE
2004 08 21 1348 138.010 -30.120 15.3 2.0 MW ADE
2004 09 21 0550 139.356 -30.591 8.7 1.5 MW ADE
2004 09 21 2002 142.877 -36.616 10.0 1.6 MW MEL
2004 10 08 0116 148.333 -25.372 0.0 2.5 MW MEL
2004 10 10 0658 142.603 -36.367 0.0 2.7 MW MEL
2004 10 13 1617 147.718 -32.815 1.0 2.2 MW MEL
2004 10 28 1935 147.955 -32.931 5.0 2.1 MW MEL
2004 11 11 1844 141.955 -37.514 10.0 1.3 MW MEL
2005 01 27 2356 145.974 -20.613 0.0 1.7 MW RC
2005 02 26 2229 139.995 -32.913 8.3 2.3 MW ADE
2005 03 04 0038 139.712 -30.788 7.3 2.9 MW ADE
2005 03 07 1135 141.626 -31.903 13.9 2.3 MW ADE
2005 03 22 0124 145.842 -19.642 9.0 2.1 MW RC
2005 03 25 0910 145.834 -20.353 26.0 2.5 MW RC
2005 04 07 1305 140.895 -35.963 12.2 1.5 MW ADE
2005 04 20 0038 139.488 -33.905 8.3 2.1 MW ADE
2005 05 14 2331 139.368 -30.971 10.0 2.1 MW ADE
2005 05 16 0414 139.635 -34.549 18.0 1.7 MW ADE
2005 05 24 0231 148.070 -28.800 10.0 1.6 MW MEL
2005 07 11 2019 144.777 -31.253 9.0 2.8 MW AUST
2005 09 08 0347 139.583 -32.514 4.6 1.8 MW ADE
2005 09 09 0631 139.527 -32.578 15.4 1.6 MW ADE
2005 09 12 1604 140.558 -27.737 2.0 2.8 MW AUST
2005 09 13 0321 140.760 -27.853 2.5 2.7 MW AUST
2005 09 21 2008 137.912 -30.195 10.0 1.7 MW ADE
2005 10 28 0105 139.067 -30.046 9.8 2.3 MW ADE
2005 12 08 2019 141.123 -32.004 1.5 1.9 MW ADE
2005 12 18 0215 150.108 -24.519 0.0 2.5 MW MEL
2005 12 29 0011 147.080 -27.511 10.0 2.1 MW MEL
2005 12 30 0129 139.431 -29.933 4.2 1.5 MW ADE
2006 03 29 1416 138.383 -36.675 5.7 2.1 MW ADE
2006 05 02 1504 141.908 -37.394 20.8 2.2 MW MEL
2006 05 05 0846 140.995 -36.242 8.9 2.5 MW ADE
2006 06 15 1801 146.982 -27.904 10.0 2.8 MW RC
2006 07 12 0809 139.204 -29.515 22.1 1.7 MW ADE
2006 07 17 1148 139.579 -35.127 11.1 2.5 MW ADE
2006 09 10 0913 138.355 -35.999 16.1 1.8 MW ADE
2006 10 09 1930 143.060 -36.903 10.0 1.9 MW MEL
2006 10 22 0428 138.097 -36.845 11.0 2.1 MW ADE
2007 01 06 1258 139.762 -34.625 1.4 2.1 MW ADE
2007 01 09 0927 142.082 -37.634 10.0 1.4 MW MEL
2007 02 02 1826 139.910 -36.088 15.7 1.5 MW ADE
2007 04 27 1328 142.741 -36.286 10.0 2.6 MW MEL
2007 05 08 0501 137.557 -36.362 10.2 1.5 MW ADE
2007 05 19 1528 139.350 -31.366 15.7 1.9 MW ADE
2007 07 13 0757 139.367 -31.778 11.4 2.1 MW ADE
2007 08 12 1524 144.649 -32.448 10.0 2.3 MW MEL
2007 08 23 0827 139.655 -35.992 12.8 1.5 MW ADE
2007 09 23 1923 141.926 -35.275 21.0 2.1 MW GG
2007 09 29 0041 151.400 -23.230 10.0 1.3 MW CQU
2007 10 22 1652 141.773 -32.031 10.0 2.2 MW ADE
2007 11 10 1348 141.949 -37.715 10.0 2.0 MW MEL
2007 11 19 0347 139.318 -31.278 5.4 2.0 MW ADE
2007 12 12 0018 139.998 -36.089 21.1 2.4 MW ADE
2007 12 26 2222 147.053 -27.961 4.0 2.4 MW AUST
2007 12 29 0901 139.708 -34.630 16.0 2.0 MW ADE
2008 02 05 1856 142.159 -37.298 10.0 1.3 MW MEL
2008 05 07 1456 141.682 -32.226 12.0 2.1 MW AUST
2008 05 07 1458 141.989 -32.139 21.4 2.2 MW ADE
2008 07 06 0501 136.697 -35.829 7.4 1.6 MW ADE
2008 07 12 1132 146.662 -32.262 10.0 2.5 MW MEL
2008 07 25 1126 138.110 -30.199 11.6 2.9 MW ADE
2008 09 20 0151 136.763 -35.868 6.1 1.6 MW ADE
2008 10 21 0255 137.184 -36.621 9.3 1.9 MW ADE
2008 11 10 0517 151.713 -23.802 2.0 1.7 MW MEL
2008 11 11 1904 137.470 -36.637 16.0 2.4 MW ADE
2008 11 27 2146 140.818 -32.556 2.4 2.1 MW ADE
2008 12 19 1342 151.869 -23.395 9.4 1.8 MW MEL
2009 01 12 0232 142.206 -37.244 10.0 1.4 MW MEL
2009 01 30 0336 139.368 -31.309 8.6 1.7 MW ADE
2009 01 31 2054 140.831 -32.515 11.1 2.0 MW ADE
2009 03 19 0626 150.968 -23.853 4.0 1.5 MW MEL
2009 03 22 0118 139.594 -33.418 2.9 1.7 MW ADE
2009 05 08 1113 138.229 -37.060 7.2 2.7 MW ADE
2009 05 11 2226 142.049 -37.314 10.0 1.9 MW MEL
2009 06 18 2047 137.695 -35.832 4.8 1.3 MW ADE
2009 06 23 1036 141.528 -32.934 19.5 2.1 MW ADE
2009 07 18 0547 151.475 -23.878 5.0 1.0 MW SRC
2009 07 31 1459 141.946 -29.601 0.0 2.5 MW AUST
2009 07 31 1459 141.946 -29.601 0.0 2.5 MW AUST
2009 10 17 0632 138.338 -36.729 12.9 2.1 MW ADE
2009 11 03 2249 139.332 -30.582 21.8 1.7 MW ADE
2009 11 18 0915 140.060 -34.576 21.2 1.5 MW ADE
2009 12 13 1236 137.157 -36.677 12.0 2.1 MW ADE
2009 12 31 0450 151.115 -23.713 10.0 1.6 MW MEL
2010 01 28 0444 142.736 -37.529 10.0 1.3 MW MEL
2010 01 29 0032 139.586 -34.669 13.7 1.3 MW ADE
2010 02 11 1605 151.694 -23.899 4.0 1.5 MW MEL
2010 03 11 0758 138.354 -37.066 nan 2.8 MW ADE
2010 05 27 1108 139.600 -34.005 10.0 2.5 MW AUST
2010 06 07 1230 140.791 -28.007 0.0 2.9 MW AUST
