1966 12 07 0249 138.913 -33.339 18.6 3.2 MW ADE
1969 01 29 1503 139.115 -31.797 20.3 3.8 MW ADE
1970 09 16 1740 138.577 -33.209 0.0 3.3 MW ADE
1971 10 08 1542 138.977 -32.501 6.4 3.2 MW ADE
1974 01 19 1954 138.796 -32.177 3.6 3.3 MW ADE
1975 04 29 2207 138.943 -32.164 0.0 3.5 MW ADE
1975 06 23 0027 138.987 -32.790 14.8 3.0 MW ADE
1976 11 04 0130 138.803 -32.383 10.6 3.2 MW ADE
1978 03 26 2236 138.923 -32.389 16.4 3.7 MW ADE
1979 03 15 2004 138.645 -32.414 6.3 3.1 MW ADE
1979 08 03 0019 138.631 -33.163 6.2 3.1 MW ADE
1980 01 06 1803 139.211 -33.209 1.3 2.5 MW ADE
1980 04 22 0124 138.722 -32.027 12.1 3.4 MW ADE
1980 11 08 0317 138.595 -32.176 18.4 2.8 MW ADE
1980 11 12 0747 138.705 -33.171 0.0 2.5 MW ADE
1981 10 02 1755 138.878 -32.476 6.8 3.6 MW ADE
1981 12 26 1351 139.009 -32.284 0.0 2.9 MW ADE
1982 01 13 0657 138.972 -32.331 3.1 2.5 MW ADE
1982 02 08 0138 139.082 -32.069 22.3 2.6 MW ADE
1982 04 19 1558 138.610 -32.354 13.2 3.2 MW ADE
1982 07 08 1432 138.628 -32.809 3.9 3.0 MW ADE
1983 08 30 1638 138.652 -32.230 5.4 2.5 MW ADE
1984 03 17 0423 139.158 -33.287 10.0 3.2 MW ADE
1984 07 10 1413 138.918 -32.331 4.4 2.5 MW ADE
1985 11 10 2208 138.386 -32.740 20.4 3.4 MW ADE
1985 11 19 0439 139.062 -32.703 6.0 2.7 MW ADE
1985 11 21 0735 138.648 -33.169 4.6 2.5 MW ADE
1986 05 20 1358 138.555 -32.610 9.4 2.7 MW ADE
1987 10 01 0013 139.196 -33.457 15.8 2.8 MW ADE
1989 01 11 0551 138.985 -33.281 11.8 2.5 MW ADE
1989 05 03 0432 138.398 -32.720 20.8 2.5 MW ADE
1989 10 15 1135 138.668 -32.272 15.0 2.8 MW ADE
1990 03 05 0655 139.047 -33.047 6.6 2.8 MW ADE
1990 03 31 2018 138.927 -32.223 2.0 2.5 MW ADE
1990 08 21 1049 138.691 -32.016 6.1 2.5 MW ADE
1990 12 13 0628 138.987 -33.017 6.0 2.7 MW ADE
1991 05 16 1443 139.005 -32.342 10.0 2.5 MW ADE
1991 09 02 2213 138.998 -32.724 2.8 3.4 MW ADE
1991 11 03 1155 138.712 -33.169 13.0 2.6 MW ADE
1992 05 27 1017 138.487 -33.076 2.2 2.7 MW ADE
1992 12 17 1803 138.996 -33.030 6.5 3.3 MW ADE
1993 04 20 1446 138.909 -33.035 8.4 3.1 MW ADE
1993 08 13 0036 139.025 -33.073 2.9 2.6 MW ADE
1994 04 17 1258 138.973 -33.035 8.3 2.8 MW ADE
1994 09 12 2123 138.969 -33.032 5.0 2.5 MW ADE
1995 10 10 0414 138.510 -32.601 5.0 2.5 MW ADE
1995 11 01 0601 138.490 -32.573 5.0 2.8 MW ADE
1995 11 13 0400 138.466 -32.584 7.8 3.4 MW ADE
1996 12 16 2302 138.983 -33.530 11.1 2.6 MW ADE
1997 09 08 1528 138.544 -32.906 10.3 2.5 MW ADE
1997 12 13 2310 138.793 -32.380 8.7 2.5 MW ADE
1998 01 28 0845 138.598 -32.885 4.6 3.1 MW ADE
1999 03 29 1041 138.849 -32.623 3.2 2.6 MW ADE
1999 04 20 0146 138.766 -33.128 9.2 2.7 MW ADE
1999 10 31 1236 138.572 -32.407 5.2 3.1 MW ADE
2000 07 12 2121 138.534 -32.596 13.8 2.7 MW ADE
2001 04 04 1417 138.949 -33.149 7.6 2.6 MW ADE
2002 08 01 1858 138.730 -32.289 11.8 2.7 MW ADE
2002 12 30 1801 138.613 -33.101 8.7 2.5 MW ADE
2003 02 08 2231 138.417 -32.571 14.6 2.5 MW ADE
2003 05 17 0452 139.037 -32.982 1.4 2.5 MW ADE
2004 04 15 0554 138.756 -31.980 16.0 3.1 MW ADE
2004 11 08 0732 138.933 -32.412 14.0 2.5 MW ADE
2004 12 13 1848 138.718 -32.361 9.4 2.9 MW ADE
2005 01 12 2253 138.574 -33.097 7.4 2.5 MW ADE
2005 08 24 0337 138.738 -32.322 8.4 3.0 MW ADE
2005 09 18 1036 138.593 -32.739 10.3 2.8 MW ADE
2006 02 18 1716 138.573 -32.804 16.5 2.5 MW ADE
2006 05 14 0434 139.241 -33.565 14.0 2.7 MW ADE
2006 06 15 0801 139.173 -32.121 11.0 3.4 MW ADE
2006 07 15 1448 138.763 -32.988 4.3 2.5 MW ADE
2008 01 23 1936 138.672 -33.139 9.6 2.5 MW ADE
2008 05 29 0535 138.814 -31.814 11.8 2.7 MW ADE
2008 07 01 0650 138.691 -33.079 5.3 2.9 MW ADE
2008 10 07 1238 138.634 -32.078 11.2 2.8 MW ADE
2008 10 18 0202 138.781 -32.933 8.3 2.9 MW ADE
2009 01 02 1251 138.921 -33.030 5.7 2.9 MW ADE
2009 01 19 0435 138.933 -31.960 16.7 2.5 MW ADE
2009 01 26 0029 138.988 -32.763 8.3 4.2 MW ADE
2009 10 26 2241 139.070 -32.719 1.8 3.3 MW ADE
