1886 11 29 1700 148.800 -34.750 10.0 4.9 MW BMR
1888 07 05 2015 149.100 -34.800 10.0 4.7 MW KMcC
1930 10 27 0203 149.000 -34.500 10.0 4.6 MW BurkeG
1907 02 20 1730 149.200 -34.800 5.0 3.5 MW KMcC
1933 01 11 2010 149.500 -34.800 10.0 4.4 MW BurkeG
1924 03 06 2345 149.000 -34.900 10.0 3.8 MW Cotton
1934 01 30 2027 149.500 -34.800 10.0 4.3 MW BurkeG
1934 11 18 2158 149.200 -34.800 10.0 5.3 MW KMcC
1947 05 05 0443 149.500 -35.000 33.0 4.2 MW BurkeG
1947 09 25 1056 148.600 -34.000 33.0 4.2 MW BurkeG
1949 03 10 2230 149.200 -34.740 0.0 5.1 MW BMR
1952 11 19 0159 149.250 -34.800 10.0 4.5 MW Joklik
1962 03 30 0312 148.370 -34.440 12.0 3.5 MW CAN
1959 05 13 1131 148.860 -34.620 3.0 3.0 MW CAN
1958 10 03 1944 149.370 -34.670 0.0 2.8 MW CAN
1959 05 29 1118 149.350 -34.840 2.0 3.4 MW CAN
1958 10 03 2135 149.150 -34.850 2.0 2.6 MW CAN
1963 05 15 1822 149.190 -34.860 0.0 3.5 MW CAN
1959 06 21 1207 148.780 -34.100 0.0 3.1 MW CAN
1958 12 23 2105 149.200 -34.760 23.0 2.5 MW CAN
1964 01 08 2330 148.370 -34.040 4.0 3.7 MW CAN
1959 01 14 1748 149.220 -34.590 0.0 2.5 MW CAN
1964 03 13 0807 148.140 -33.900 0.0 3.7 MW CAN
1959 11 24 0339 148.570 -34.750 0.0 3.4 MW CAN
1960 06 22 1018 148.270 -34.400 0.0 3.1 MW CAN
1964 03 21 0218 149.240 -34.210 7.0 3.7 MW CAN
1960 08 14 1309 149.190 -34.760 0.0 3.1 MW CAN
1959 05 14 0247 149.710 -35.050 6.0 2.7 MW CAN
1964 05 29 0946 149.170 -34.760 3.0 3.5 MW CAN
1964 12 19 1644 148.250 -33.750 0.0 3.7 MW CAN
1960 10 23 0250 149.180 -34.760 0.0 3.0 MW CAN
1966 04 22 0326 148.200 -34.200 0.0 3.7 MW CAN
1959 06 16 1313 149.550 -35.020 0.0 2.8 MW CAN
1960 11 08 2001 148.250 -34.560 5.0 3.1 MW CAN
1967 01 24 2325 149.420 -34.940 3.0 3.7 MW CAN
1960 11 18 0713 149.110 -34.630 0.0 3.0 MW CAN
1959 08 23 0049 148.740 -34.540 1.0 2.8 MW CAN
1968 01 10 0049 148.750 -34.650 6.0 3.5 MW CAN
1961 01 02 0514 148.330 -34.550 5.0 3.0 MW CAN
1961 02 21 1955 148.420 -34.380 0.0 3.1 MW CAN
1959 08 31 0745 149.670 -35.140 51.0 2.5 MW CAN
1959 09 23 1321 149.300 -34.810 13.0 2.5 MW CAN
1961 03 31 0200 148.790 -34.090 0.0 3.3 MW CAN
1968 07 11 1931 149.150 -34.200 7.0 3.5 MW CAN
1970 11 13 2354 149.160 -34.770 7.0 3.5 MW CAN
1961 07 26 0806 149.230 -34.800 27.0 3.2 MW CAN
1959 10 09 0922 148.870 -34.590 0.0 2.8 MW CAN
1971 06 23 0818 148.770 -34.020 5.0 3.5 MW CAN
1961 08 21 1627 149.260 -34.770 7.0 3.2 MW CAN
1959 12 22 0428 149.300 -34.600 2.0 2.8 MW CAN
1961 09 09 1004 149.500 -35.000 0.0 3.1 MW CAN
1971 10 06 2328 149.260 -34.530 8.0 3.5 MW CAN
1961 09 27 1132 149.120 -34.720 12.0 3.1 MW CAN
1960 01 05 1042 148.800 -34.140 0.0 2.8 MW CAN
1961 09 27 1154 149.160 -34.740 6.0 3.1 MW CAN
1971 12 22 0932 149.180 -34.790 7.0 3.5 MW CAN
1960 01 18 1301 149.190 -34.530 0.0 2.7 MW CAN
1960 01 22 0832 149.250 -34.660 4.0 2.7 MW CAN
1961 09 27 1225 149.200 -34.700 0.0 3.0 MW CAN
1972 01 26 0042 149.180 -34.810 7.0 3.7 MW CAN
1972 08 14 2234 149.210 -34.790 6.0 3.6 MW CAN
1961 09 28 0616 148.200 -34.500 0.0 3.2 MW CAN
1960 01 27 1807 148.840 -34.610 6.0 2.4 MW CAN
1974 04 16 0044 148.850 -34.890 0.0 3.6 MW BMR
1961 10 18 0306 149.370 -34.870 10.0 3.0 MW CAN
1960 02 04 0141 149.350 -34.950 6.0 2.7 MW CAN
1960 02 10 0256 149.210 -34.610 0.0 2.7 MW CAN
1974 05 06 1946 149.021 -35.033 5.0 3.7 MW BMR
1961 10 29 1126 149.200 -34.750 4.0 3.1 MW CAN
1960 03 23 1350 149.560 -35.080 3.0 2.7 MW CAN
1974 08 16 2033 149.450 -34.880 0.0 3.5 MW CAN
1962 01 26 0902 148.440 -34.430 8.0 3.0 MW CAN
1976 10 27 0443 148.330 -34.300 15.0 3.7 MW CAN
1962 03 18 2155 148.350 -34.420 10.0 3.2 MW CAN
1960 05 21 0858 149.140 -34.770 1.0 2.8 MW CAN
1960 05 25 0612 149.190 -34.710 0.0 2.8 MW CAN
1962 04 03 0541 149.110 -34.690 0.0 3.1 MW CAN
1979 07 12 0406 149.171 -34.779 4.3 3.5 MW MEL
1960 06 01 1621 149.120 -34.740 0.0 2.7 MW CAN
1979 07 12 0611 149.180 -34.780 0.0 3.5 MW CAN
1960 06 02 0909 149.300 -34.720 28.0 2.7 MW CAN
1962 04 23 1947 149.090 -34.530 1.0 3.0 MW CAN
1962 06 22 0403 149.200 -34.800 0.0 3.0 MW CAN
1962 08 26 1145 149.400 -34.830 0.0 3.1 MW CAN
1960 07 02 1403 148.790 -34.930 0.0 2.6 MW CAN
1962 08 28 1934 149.180 -34.550 4.0 3.2 MW CAN
1960 07 24 1558 149.250 -34.770 0.0 2.7 MW CAN
1960 08 01 0600 148.960 -34.620 0.0 2.8 MW CAN
1963 01 18 0605 149.380 -34.610 7.0 3.4 MW CAN
1963 01 31 1613 148.340 -33.950 9.0 3.1 MW CAN
1960 08 06 2211 149.080 -34.710 0.0 2.8 MW CAN
1963 03 01 2213 148.830 -34.890 2.0 3.2 MW CAN
1963 03 31 0227 149.030 -35.000 9.0 3.4 MW CAN
1960 09 03 1006 149.300 -34.900 0.0 2.7 MW CAN
1960 09 04 0234 149.070 -34.730 7.0 2.6 MW CAN
1963 07 02 0201 149.000 -34.900 0.0 3.1 MW CAN
1960 09 07 1759 149.250 -34.650 0.0 2.7 MW CAN
1963 07 30 0158 148.400 -34.400 0.0 3.4 MW CAN
1960 09 27 2317 148.950 -35.010 0.0 2.5 MW CAN
1960 09 29 1256 149.100 -34.730 0.0 2.8 MW CAN
1963 09 03 0351 148.440 -34.410 9.0 3.4 MW CAN
1963 11 30 2335 148.910 -34.660 9.0 3.2 MW CAN
1960 10 16 0311 149.200 -34.820 0.0 2.7 MW CAN
1964 01 02 0001 149.240 -34.790 4.0 3.0 MW CAN
1960 10 26 0154 148.820 -33.970 0.0 2.8 MW CAN
1964 01 15 0156 149.300 -34.840 3.0 3.2 MW CAN
1960 12 10 0643 149.170 -35.100 0.0 2.4 MW CAN
1964 04 18 0045 149.110 -34.750 2.0 3.4 MW CAN
1961 01 02 0836 149.140 -34.780 0.0 2.5 MW CAN
1964 05 11 1945 148.220 -34.030 0.0 3.2 MW CAN
1964 05 14 0234 149.110 -34.710 0.0 3.0 MW CAN
1961 01 06 1344 148.090 -34.540 0.0 2.8 MW CAN
1961 01 08 2107 149.190 -34.770 0.0 2.9 MW CAN
1964 08 05 1315 148.280 -34.570 0.0 3.0 MW CAN
1961 01 15 0739 149.380 -34.930 2.0 2.8 MW CAN
1964 08 06 2330 149.070 -34.970 9.0 3.1 MW CAN
1961 01 20 0355 149.060 -35.070 2.0 2.8 MW CAN
1964 08 25 0014 148.310 -34.700 6.0 3.1 MW CAN
1964 11 09 1401 149.330 -34.530 35.0 3.1 MW CAN
1961 03 02 2227 148.940 -34.630 0.0 2.8 MW CAN
1964 12 06 1319 148.940 -34.720 0.0 3.1 MW CAN
1961 03 11 0527 148.850 -34.030 0.0 2.7 MW CAN
1965 01 20 0042 149.610 -35.120 0.0 3.0 MW CAN
1961 04 12 1258 148.870 -34.260 0.0 2.8 MW CAN
1965 02 11 0831 149.260 -34.840 6.0 3.0 MW CAN
1961 04 12 2216 149.280 -34.670 12.0 2.8 MW CAN
1965 05 09 0606 148.270 -34.650 5.0 3.1 MW CAN
1961 04 21 0431 149.370 -34.740 0.0 2.5 MW CAN
1965 05 30 2110 149.200 -34.730 5.0 3.3 MW CAN
1961 04 28 1341 148.520 -34.440 0.0 2.8 MW CAN
1961 05 06 2052 149.300 -34.920 0.0 2.8 MW CAN
1965 06 13 1601 149.100 -34.720 0.0 3.0 MW CAN
1961 05 15 1043 149.260 -34.780 0.0 2.9 MW CAN
1965 06 21 1138 148.340 -34.340 32.0 3.1 MW CAN
1965 07 18 0440 149.090 -34.130 0.0 3.0 MW CAN
1961 05 27 0918 149.300 -34.860 7.0 2.7 MW CAN
1965 08 03 1914 148.800 -34.470 0.0 3.2 MW CAN
1961 06 29 0822 149.340 -34.350 0.0 2.9 MW CAN
1965 09 04 1705 149.360 -34.700 4.0 3.2 MW CAN
1961 07 10 2306 149.310 -34.870 7.0 2.9 MW CAN
1961 07 25 1342 149.300 -35.000 0.0 2.7 MW CAN
1965 09 07 2002 148.570 -34.640 2.0 3.1 MW CAN
1965 09 07 2358 149.210 -34.730 2.0 3.2 MW CAN
1965 09 08 0008 149.170 -34.720 0.0 3.2 MW CAN
1961 08 27 0823 148.270 -34.480 0.0 2.5 MW CAN
1965 09 30 2031 149.270 -34.710 7.0 3.0 MW CAN
1961 08 27 1909 149.000 -34.100 0.0 2.6 MW CAN
1965 10 18 1111 149.170 -34.830 5.0 3.1 MW CAN
1966 02 19 1112 149.250 -34.820 13.0 3.2 MW CAN
1961 09 15 2240 149.000 -34.200 0.0 2.7 MW CAN
1966 03 09 0131 148.580 -34.150 0.0 3.1 MW CAN
1966 03 27 0018 149.260 -34.810 7.0 3.2 MW CAN
1961 09 27 1342 149.300 -34.970 13.0 2.9 MW CAN
1967 04 06 0347 149.200 -34.400 3.0 3.0 MW CAN
1967 06 07 2055 149.210 -34.860 2.0 3.1 MW CAN
1967 10 19 1355 148.830 -34.620 5.0 3.0 MW CAN
1961 10 08 1947 149.240 -34.760 6.0 2.8 MW CAN
1967 11 21 1004 148.180 -34.300 0.0 3.1 MW CAN
1961 10 11 0257 149.290 -34.830 16.0 2.9 MW CAN
1967 12 14 0106 148.860 -34.660 5.0 3.2 MW CAN
1968 03 01 0647 148.800 -34.040 7.0 3.2 MW CAN
1961 11 26 2253 149.340 -34.820 6.0 2.9 MW CAN
1961 12 02 0335 149.100 -34.800 0.0 2.5 MW CAN
1968 04 20 1006 148.780 -34.040 9.0 3.4 MW CAN
1961 12 05 0326 149.520 -34.990 1.0 2.7 MW CAN
1961 12 09 0011 149.200 -34.760 2.0 2.8 MW CAN
1968 05 03 1759 148.790 -34.040 7.0 3.4 MW CAN
1961 12 09 0421 149.350 -34.860 3.0 2.7 MW CAN
1968 06 03 0828 149.170 -34.860 5.0 3.1 MW CAN
1961 12 18 1644 149.300 -34.800 0.0 2.9 MW CAN
1968 10 28 1633 149.170 -34.170 3.0 3.2 MW CAN
1961 12 22 2238 149.050 -34.510 4.0 2.7 MW CAN
1961 12 31 1249 149.500 -34.600 0.0 2.7 MW CAN
1968 11 11 0842 149.350 -34.870 0.0 3.2 MW CAN
1968 12 31 0311 149.160 -34.240 2.0 3.0 MW CAN
1962 01 04 2224 149.100 -34.800 0.0 2.5 MW CAN
1968 12 31 1759 148.970 -34.760 11.0 3.2 MW CAN
1962 01 06 1431 149.510 -34.690 0.0 2.7 MW CAN
1969 01 11 0132 149.200 -34.770 8.0 3.0 MW CAN
1962 01 07 0141 149.170 -34.730 0.0 2.7 MW CAN
1962 01 12 0636 149.340 -34.680 3.0 2.7 MW CAN
1969 01 12 0140 149.020 -34.740 0.0 3.0 MW CAN
1969 01 23 2137 148.720 -34.020 0.0 3.0 MW CAN
1962 01 17 1954 149.100 -34.700 0.0 2.9 MW CAN
1962 01 24 2057 148.890 -33.970 0.0 2.4 MW CAN
1969 02 14 1552 149.110 -34.160 3.0 3.4 MW CAN
1969 03 19 1623 148.270 -34.640 5.0 3.1 MW CAN
1969 07 28 0623 149.170 -34.140 0.0 3.1 MW CAN
1962 01 29 1619 148.780 -34.690 5.0 2.7 MW CAN
1962 02 06 1829 149.390 -34.960 6.0 2.5 MW CAN
1969 10 15 1551 149.230 -34.560 5.0 3.0 MW CAN
1962 03 11 1255 148.280 -34.370 5.0 2.9 MW CAN
1970 08 02 1232 149.050 -34.200 2.0 3.3 MW CAN
1970 09 06 1940 149.320 -34.680 7.0 3.0 MW CAN
1962 03 13 0209 149.310 -34.900 18.0 2.7 MW CAN
1970 10 21 1121 149.190 -34.790 7.0 3.2 MW CAN
1962 03 23 1411 149.200 -34.790 2.0 2.9 MW CAN
1962 03 27 2048 149.150 -34.740 4.0 2.9 MW CAN
1970 12 15 0853 148.760 -34.010 0.0 3.0 MW CAN
1971 02 21 0632 149.260 -34.870 5.0 3.0 MW CAN
1971 08 10 0618 148.890 -33.960 35.0 3.0 MW CAN
1962 04 03 1002 148.660 -34.390 5.0 2.6 MW CAN
1962 04 10 2218 148.400 -34.200 0.0 2.9 MW CAN
1971 08 24 0755 149.180 -34.750 6.0 3.1 MW CAN
1962 04 11 2121 148.560 -34.280 4.0 2.9 MW CAN
1971 09 21 0015 149.080 -34.590 10.0 3.1 MW CAN
1962 05 11 1434 149.030 -34.170 0.0 2.8 MW CAN
1962 05 30 0535 148.300 -34.350 0.0 2.7 MW CAN
1962 05 31 0424 148.700 -34.850 0.0 2.5 MW CAN
1972 01 01 0245 149.050 -34.950 9.0 3.1 MW CAN
1962 07 19 1827 149.200 -34.800 0.0 2.5 MW CAN
1972 02 19 1107 149.360 -34.900 8.0 3.0 MW CAN
1962 07 24 2035 149.100 -34.300 0.0 2.6 MW CAN
1972 05 14 0757 148.810 -34.890 4.0 3.0 MW CAN
1962 07 28 0857 149.200 -34.800 0.0 2.9 MW CAN
1972 09 09 1401 149.190 -34.770 10.0 3.1 MW CAN
1962 08 20 2206 149.060 -34.160 21.0 2.8 MW CAN
1972 09 12 1937 148.840 -33.980 4.0 3.2 MW CAN
1962 08 25 1652 148.800 -34.600 0.0 2.9 MW CAN
1972 10 14 1906 148.880 -34.000 0.0 3.1 MW CAN
1972 11 14 0827 149.210 -34.670 2.0 3.1 MW CAN
1972 12 14 1633 148.870 -34.330 0.0 3.0 MW CAN
1962 09 05 1010 148.230 -34.570 8.0 2.5 MW CAN
1973 02 16 2204 149.080 -34.170 2.0 3.0 MW CAN
1962 09 08 0504 149.210 -34.760 13.0 2.9 MW CAN
1973 08 03 0317 148.360 -34.370 11.0 3.0 MW CAN
1962 09 17 0915 148.860 -34.170 2.0 2.9 MW CAN
1973 08 14 0527 148.900 -34.300 0.0 3.1 MW CAN
1962 09 17 1839 149.300 -34.840 0.0 2.4 MW CAN
1973 12 27 1519 149.150 -34.630 0.0 3.0 MW CAN
1962 09 21 1822 149.380 -34.890 8.0 2.4 MW CAN
1962 09 22 1819 149.240 -34.600 10.0 2.5 MW CAN
1974 02 14 0045 149.020 -34.510 0.0 3.0 MW CAN
1974 03 05 0815 148.980 -34.950 0.0 3.2 MW BMR
1962 09 29 0721 149.200 -34.630 0.0 2.4 MW CAN
1962 10 05 0437 148.620 -34.390 0.0 2.8 MW CAN
1974 03 22 1737 149.190 -34.746 4.0 3.2 MW BMR
1974 03 31 0753 148.400 -34.080 10.0 3.2 MW CAN
1962 10 06 1947 148.680 -34.090 1.0 2.4 MW CAN
1962 10 06 1952 148.700 -34.080 9.0 2.4 MW CAN
1962 10 13 0417 149.150 -34.740 0.0 2.5 MW CAN
1962 10 25 2332 148.880 -34.950 0.0 2.7 MW CAN
1974 07 13 2348 149.040 -35.010 0.0 3.2 MW CAN
1974 07 20 2305 149.140 -34.760 6.0 3.3 MW CAN
1962 11 16 0736 149.140 -34.960 0.0 2.1 MW CAN
1962 12 18 1331 149.140 -34.760 0.0 2.5 MW CAN
1974 07 26 2219 149.000 -35.020 6.0 3.2 MW CAN
1975 05 29 0841 148.150 -34.350 3.0 3.0 MW CAN
1963 01 19 1700 149.140 -34.790 9.0 2.7 MW CAN
1975 08 02 1938 149.120 -34.200 7.0 3.0 MW CAN
1963 01 22 2248 149.110 -34.200 0.0 2.7 MW CAN
1975 08 04 1717 149.194 -34.784 1.0 3.2 MW BMR
1963 01 31 0026 149.320 -34.900 0.0 2.5 MW CAN
1975 12 18 0152 149.000 -35.010 68.0 3.1 MW CAN
1976 01 16 0437 149.000 -35.010 0.0 3.0 MW CAN
1963 02 09 0532 149.220 -34.840 0.0 2.4 MW CAN
1963 02 18 1745 149.200 -34.200 0.0 2.4 MW CAN
1976 06 01 0316 148.220 -34.370 8.0 3.1 MW CAN
1963 02 22 1553 149.300 -34.900 0.0 1.9 MW CAN
1976 06 04 2124 148.280 -34.390 8.0 3.1 MW CAN
1976 07 08 0804 149.209 -34.445 1.0 3.1 MW BMR
1976 09 03 2223 148.940 -34.290 13.0 3.1 MW CAN
1963 03 16 0957 149.200 -34.550 0.0 2.7 MW CAN
1976 10 16 1552 148.150 -33.980 10.0 3.2 MW CAN
1963 03 17 0526 149.200 -34.810 5.0 2.5 MW CAN
1963 03 21 1640 148.330 -34.360 0.0 2.5 MW CAN
1963 03 24 0457 149.170 -34.750 8.0 2.7 MW CAN
1976 11 18 1442 148.800 -34.620 14.0 3.0 MW CAN
1963 03 29 1829 149.230 -34.480 5.0 2.4 MW CAN
1976 11 23 0619 149.230 -34.780 0.0 3.2 MW CAN
1977 01 29 1041 148.810 -34.630 12.0 3.1 MW CAN
1963 04 23 1721 148.860 -34.060 0.0 2.5 MW CAN
1977 03 01 1345 148.770 -34.760 14.0 3.2 MW CAN
1977 04 05 1031 149.185 -34.743 1.0 3.3 MW BMR
1963 04 28 1210 149.280 -34.920 0.0 2.5 MW CAN
1963 05 02 0650 149.100 -34.700 0.0 2.2 MW CAN
1977 05 02 0400 149.190 -34.440 10.0 3.0 MW CAN
1977 05 29 1332 149.590 -34.590 10.0 3.1 MW CAN
1963 05 13 0301 148.870 -34.950 0.0 2.5 MW CAN
1963 05 22 1456 148.880 -34.980 0.0 2.4 MW CAN
1977 10 25 2354 148.340 -34.340 14.0 3.2 MW CAN
1977 12 06 0441 148.390 -34.180 23.0 3.3 MW CAN
1963 05 29 1641 149.270 -34.910 23.0 2.5 MW CAN
1978 01 15 2149 149.120 -34.210 0.0 3.0 MW CAN
1963 06 07 1405 149.230 -34.530 12.0 2.4 MW CAN 
1978 02 02 0206 149.540 -34.640 9.0 3.0 MW CAN
1963 06 09 0113 148.990 -34.960 0.0 2.1 MW CAN
1963 06 29 0538 149.250 -34.780 0.0 2.7 MW CAN
1978 02 08 1626 148.830 -34.120 13.0 3.0 MW CAN
1978 06 02 2233 148.870 -34.270 14.0 3.1 MW CAN
1979 01 05 2245 148.710 -34.840 0.0 3.0 MW CAN
1963 08 10 2248 148.780 -34.770 0.0 2.5 MW CAN
1979 01 18 0508 149.230 -34.740 14.0 3.2 MW CAN
1979 01 29 2245 148.900 -34.680 0.0 3.0 MW CAN
1963 08 16 1150 149.200 -34.120 0.0 2.4 MW CAN
1979 02 03 1633 149.170 -34.780 14.0 3.2 MW CAN
1963 08 19 2059 149.180 -34.630 15.0 2.5 MW CAN
1979 03 05 0316 148.720 -34.770 13.0 3.0 MW CAN
1963 08 21 0320 149.330 -34.470 0.0 2.5 MW CAN
1979 04 25 0926 148.890 -34.680 16.0 3.1 MW CAN
1963 09 02 1901 149.270 -34.870 4.0 2.9 MW CAN
1979 06 17 0853 148.850 -34.380 0.0 3.0 MW CAN
1963 09 16 0749 148.850 -33.960 0.0 2.9 MW CAN
1963 10 18 0414 149.200 -34.830 12.0 2.4 MW CAN
1963 10 18 1336 149.090 -34.200 10.0 2.5 MW CAN
1979 12 15 0951 148.690 -33.860 20.0 3.1 MW CAN
1980 01 03 1146 148.220 -34.010 20.0 3.0 MW CAN
1963 10 26 1800 149.150 -34.760 0.0 2.2 MW CAN
1963 10 30 1710 149.230 -34.770 0.0 2.4 MW CAN
1980 01 13 1838 148.370 -33.930 13.0 3.1 MW CAN
1963 10 31 1445 148.340 -34.460 7.0 2.5 MW CAN
1980 02 24 0552 149.200 -34.780 16.0 3.1 MW CAN
1963 11 09 2221 149.200 -34.130 0.0 2.7 MW CAN
1980 05 02 2225 149.240 -34.580 13.0 3.0 MW CAN
1963 11 10 0700 148.210 -34.330 0.0 2.2 MW CAN
1980 05 23 1746 149.130 -34.210 14.0 3.2 MW CAN
1963 11 11 2352 149.240 -34.840 0.0 2.7 MW CAN
1980 06 07 0700 149.190 -34.160 0.0 3.1 MW CAN
1963 12 29 0146 149.190 -34.500 10.0 2.2 MW CAN
1980 07 14 0518 148.230 -34.580 8.0 3.1 MW CAN
1963 12 30 1053 149.090 -35.040 12.0 2.9 MW CAN
1980 07 19 0051 148.810 -34.580 16.0 3.4 MW CAN
1980 08 27 0302 149.230 -34.580 15.0 3.0 MW CAN
1964 01 08 2043 148.120 -33.920 0.0 2.5 MW CAN
1980 08 31 0430 149.210 -34.580 13.0 3.0 MW CAN
1980 09 15 0017 149.150 -34.520 20.0 3.2 MW CAN
1980 09 15 1913 148.330 -34.350 16.0 3.1 MW CAN
1964 01 15 0859 149.100 -34.720 0.0 2.6 MW CAN
1980 12 23 0003 149.240 -34.590 8.0 3.2 MW CAN
1964 01 30 0459 149.190 -34.760 5.0 2.5 MW CAN
1981 01 11 1813 149.240 -34.590 16.0 3.2 MW CAN
1964 01 30 0622 148.850 -33.930 0.0 2.2 MW CAN
1981 01 21 0919 149.230 -34.580 14.0 3.2 MW CAN
1981 01 30 1119 149.230 -34.580 10.0 3.1 MW CAN
1964 01 30 0956 149.230 -34.820 0.0 2.5 MW CAN
1964 02 02 1606 148.380 -34.280 9.0 2.5 MW CAN
1981 07 09 0541 148.810 -34.590 13.0 3.0 MW CAN
1964 02 13 0559 149.350 -35.000 0.0 1.9 MW CAN
1981 07 26 1705 148.820 -34.590 15.0 3.2 MW CAN
1981 09 05 0700 148.980 -34.210 12.0 3.1 MW CAN
1981 11 08 1039 149.220 -34.600 11.0 3.0 MW CAN
1981 12 15 0548 149.010 -35.030 15.0 3.2 MW CAN
1964 03 21 1218 148.740 -34.520 9.0 2.9 MW CAN
1982 01 16 1524 148.720 -34.340 16.0 3.1 MW CAN
1964 03 24 1249 149.270 -34.880 7.0 2.7 MW CAN
1982 05 02 0956 148.250 -34.110 16.0 3.2 MW CAN
1964 04 01 1927 148.300 -34.380 0.0 2.7 MW CAN
1964 04 05 0139 149.190 -34.760 7.0 2.4 MW CAN
1982 05 16 0418 148.750 -34.160 11.0 3.1 MW CAN
1982 06 24 0314 149.180 -34.770 16.0 3.0 MW CAN
1982 09 29 1321 149.250 -34.570 16.0 3.2 MW CAN
1982 11 04 1837 148.900 -34.280 19.0 3.0 MW CAN
1964 05 24 0451 149.400 -34.900 0.0 2.5 MW CAN
1982 11 05 0133 148.963 -34.901 6.5 3.2 MW MEL
1982 11 05 1033 148.840 -34.950 8.0 3.2 MW CAN
1964 06 15 0408 149.200 -34.800 13.0 2.7 MW CAN
1964 07 01 0118 149.200 -34.760 8.0 2.9 MW CAN
1983 03 09 0751 148.810 -34.620 10.0 3.0 MW CAN
1964 07 08 1116 149.250 -34.850 0.0 2.6 MW CAN
1983 04 03 1631 148.876 -34.589 16.8 3.0 MW MEL
1964 07 15 1736 149.250 -34.250 0.0 2.4 MW CAN
1983 04 12 0656 148.890 -34.330 10.0 3.2 MW CAN
1964 07 18 1003 149.140 -34.760 15.0 2.6 MW CAN
1983 04 29 0755 149.190 -34.740 17.0 3.1 MW CAN
1983 05 30 1724 148.960 -34.550 0.0 3.0 MW CAN
1964 08 09 1107 149.190 -34.240 54.0 2.8 MW CAN
1983 06 17 1545 149.230 -34.600 15.0 3.3 MW CAN
1983 08 05 1627 148.220 -34.360 11.0 3.0 MW CAN
1983 08 06 0831 148.540 -34.550 16.0 3.2 MW CAN
1964 08 30 1050 149.210 -34.770 15.0 2.7 MW CAN
1964 10 18 1126 149.220 -34.780 13.0 2.7 MW CAN
1983 08 14 1043 148.930 -34.770 14.0 3.2 MW CAN
1983 09 27 0449 149.180 -34.770 0.0 3.0 MW CAN
1983 11 29 0949 149.240 -34.600 14.0 3.3 MW CAN
1964 11 15 0057 149.640 -35.020 0.0 2.7 MW CAN
1983 12 29 0453 149.150 -34.320 10.0 3.1 MW CAN
1965 01 01 2123 149.210 -34.810 1.0 2.9 MW CAN
1984 02 08 1956 149.290 -34.910 12.0 3.2 MW CAN
1965 01 07 2326 149.230 -34.810 0.0 2.7 MW CAN
1984 02 10 0303 148.310 -34.420 18.0 3.0 MW CAN
1984 03 14 0453 149.290 -34.690 14.0 3.2 MW CAN
1965 01 25 0312 149.230 -34.830 11.0 2.9 MW CAN
1965 01 25 0856 149.270 -34.860 6.0 2.9 MW CAN
1984 04 18 1907 149.280 -34.690 0.0 3.0 MW CAN
1984 06 04 1948 149.169 -34.798 8.1 3.4 MW MEL
1965 02 07 1246 149.080 -34.100 0.0 2.7 MW CAN
1984 06 22 1348 148.680 -34.350 16.0 3.1 MW CAN
1984 07 03 1950 148.870 -34.900 16.0 3.1 MW CAN
1965 02 22 0052 148.850 -34.950 0.0 2.5 MW CAN
1984 08 08 0619 149.250 -34.600 12.0 3.0 MW CAN
1965 03 08 0305 149.180 -34.810 0.0 2.7 MW CAN
1965 03 28 0524 149.190 -34.760 0.0 2.9 MW CAN
1965 04 03 1834 149.240 -34.240 7.0 2.7 MW CAN
1984 12 18 1513 149.240 -34.810 18.0 3.0 MW CAN
1965 05 06 0218 149.260 -34.870 16.0 2.6 MW CAN
1985 03 09 1214 149.170 -34.780 8.0 3.2 MW CAN
1965 05 09 1725 149.250 -34.790 0.0 2.7 MW CAN
1985 03 24 0316 149.190 -34.770 14.0 3.2 MW CAN
1985 04 05 0815 149.180 -34.770 14.0 3.3 MW CAN
1985 04 07 1015 149.160 -34.230 12.0 3.1 MW CAN
1965 06 05 1018 149.160 -34.160 0.0 2.7 MW CAN
1985 04 24 0112 148.350 -34.380 14.0 3.2 MW CAN
1965 06 15 0342 148.310 -34.310 0.0 2.9 MW CAN
1985 04 27 0415 148.910 -34.290 12.0 3.1 MW CAN
1985 05 12 0055 149.240 -34.860 16.0 3.1 MW CAN
1985 05 26 0458 149.350 -34.940 9.0 3.2 MW CAN
1965 07 17 2009 149.140 -34.410 67.0 2.9 MW CAN
1985 07 14 2353 149.840 -34.760 19.0 3.1 MW CAN
1965 07 23 0113 149.220 -34.810 0.0 2.2 MW CAN
1985 07 21 1517 149.230 -34.600 9.0 3.0 MW CAN
1985 08 18 0503 148.740 -34.250 17.0 3.2 MW CAN
1965 08 03 1649 149.110 -34.750 0.0 2.5 MW CAN
1985 08 21 1654 148.730 -34.370 16.0 3.0 MW CAN
1965 08 08 0420 149.140 -34.750 13.0 2.9 MW CAN
1985 08 25 0101 149.120 -34.800 18.0 3.0 MW CAN
1965 08 08 1148 149.170 -34.750 7.0 2.9 MW CAN
1985 10 27 2037 149.690 -34.620 15.0 3.0 MW CAN
1985 11 06 2138 149.220 -34.780 1.0 3.0 MW CAN
1965 08 14 0108 148.930 -34.540 0.0 2.4 MW CAN
1985 11 25 2210 149.080 -34.470 21.0 3.0 MW CAN
1965 08 27 1559 148.810 -34.050 19.0 2.5 MW CAN
1985 12 17 1359 149.140 -34.220 17.0 3.1 MW CAN
1965 09 05 1419 148.250 -34.400 7.0 2.7 MW CAN
1986 01 07 1006 149.190 -34.790 15.0 3.2 MW CAN
1965 09 07 1444 148.700 -34.370 0.0 2.7 MW CAN
1986 02 28 0935 148.790 -34.260 18.0 3.0 MW CAN
1986 04 16 0505 148.570 -34.420 14.0 3.1 MW CAN
1986 05 15 2354 148.830 -34.100 15.0 3.1 MW CAN
1986 11 16 2314 149.210 -34.840 1.0 3.1 MW CAN
1965 09 19 0750 149.450 -34.970 0.0 2.9 MW CAN
1986 12 12 1502 149.010 -34.350 7.0 3.1 MW CAN
1965 09 20 1000 149.300 -34.710 4.0 2.7 MW CAN
1987 06 26 2328 149.197 -34.755 4.0 3.2 MW BMR
1987 08 11 1045 149.210 -34.370 11.0 3.0 MW CAN
1965 09 20 1950 149.310 -34.700 3.0 2.7 MW CAN
1988 02 13 1038 148.780 -34.330 12.0 3.0 MW CAN
1965 10 02 1517 148.930 -34.270 0.0 2.5 MW CAN
1989 07 08 1201 148.890 -34.160 10.0 3.1 MW CAN
1989 11 14 0830 149.176 -34.750 5.0 3.3 MW BMR
1965 10 02 1639 149.030 -34.920 0.0 2.5 MW CAN
1965 10 02 1840 148.230 -34.470 8.0 2.5 MW CAN
1965 10 06 0644 149.260 -34.800 4.0 2.8 MW CAN
1965 10 12 2207 149.230 -34.740 2.0 2.9 MW CAN
1965 11 03 1047 148.870 -34.970 0.0 2.7 MW CAN
1965 11 10 0942 149.370 -34.430 0.0 2.5 MW CAN
1965 11 13 1647 148.230 -34.330 0.0 2.9 MW CAN
1965 11 14 1127 148.280 -34.220 0.0 2.9 MW CAN
1965 11 14 1432 149.290 -34.690 34.0 2.6 MW CAN
1965 11 25 0949 149.190 -34.760 32.0 2.5 MW CAN
1965 12 03 1517 149.280 -34.690 0.0 2.9 MW CAN
1965 12 30 2032 149.130 -34.800 24.0 2.9 MW CAN
1966 01 03 1626 149.380 -34.680 0.0 2.9 MW CAN
1966 02 04 1858 149.470 -34.540 6.0 2.9 MW CAN
1966 02 14 0957 149.020 -34.710 7.0 2.7 MW CAN
1966 03 09 1327 149.270 -34.820 11.0 2.7 MW CAN
1966 03 28 1719 149.540 -34.670 5.0 2.7 MW CAN
1966 04 29 1344 149.220 -34.650 5.0 2.9 MW CAN
1966 05 05 1455 149.330 -34.670 0.0 2.7 MW CAN
1966 05 08 0020 149.150 -34.250 20.0 2.7 MW CAN
1966 05 13 1955 149.130 -34.300 0.0 2.5 MW CAN
1966 05 15 1820 149.300 -34.740 9.0 2.5 MW CAN
1966 07 02 1752 149.170 -34.730 0.0 2.5 MW CAN
1966 07 16 1937 149.130 -34.630 0.0 2.5 MW CAN
1966 08 26 1315 149.270 -34.630 0.0 2.5 MW CAN
1966 09 13 0733 149.700 -34.670 19.0 2.5 MW CAN
1966 09 17 0840 149.190 -34.750 10.0 2.9 MW CAN
1966 09 28 2342 149.350 -34.760 10.0 2.9 MW CAN
1966 10 14 1943 149.130 -34.720 0.0 2.5 MW CAN
1966 10 19 0324 149.270 -34.780 17.0 2.7 MW CAN
1966 11 06 0849 149.250 -34.810 11.0 2.9 MW CAN
1966 12 14 2357 149.200 -34.870 0.0 2.5 MW CAN
1966 12 23 0138 149.080 -34.820 0.0 2.5 MW CAN
1967 01 10 1401 149.370 -34.750 3.0 2.7 MW CAN
1967 01 31 1803 148.780 -34.360 4.0 2.8 MW CAN
1967 03 15 1631 148.500 -34.780 0.0 2.4 MW CAN
1967 04 01 0427 149.100 -34.900 0.0 2.2 MW CAN
1967 04 03 1054 149.330 -34.850 0.0 2.7 MW CAN
1967 04 16 0839 149.330 -34.910 7.0 2.5 MW CAN
1967 04 28 1718 149.030 -34.300 14.0 2.9 MW CAN
1967 05 03 0934 149.320 -34.880 12.0 2.2 MW CAN
1967 05 14 1838 148.850 -34.280 0.0 2.7 MW CAN
1967 05 19 2315 149.340 -34.920 0.0 2.5 MW CAN
1967 05 21 0222 149.330 -34.920 0.0 2.5 MW CAN
1967 05 30 2051 149.200 -34.830 0.0 2.5 MW CAN
1967 07 04 0529 149.170 -34.750 17.0 2.9 MW CAN
1967 07 15 2253 149.300 -34.580 0.0 2.1 MW CAN
1967 07 22 1555 149.340 -34.820 2.0 2.5 MW CAN
1967 07 31 2016 148.400 -34.480 0.0 2.4 MW CAN
1967 08 10 0041 149.000 -34.870 0.0 2.8 MW CAN
1967 08 10 1615 149.260 -34.750 11.0 2.5 MW CAN
1967 08 25 0554 149.350 -34.870 0.0 2.2 MW CAN
1967 08 25 0952 149.200 -34.730 0.0 2.2 MW CAN
1967 09 27 0003 149.220 -34.850 10.0 2.9 MW CAN
1967 10 23 0042 149.180 -34.760 8.0 2.5 MW CAN
1967 12 08 0349 149.330 -34.930 0.0 2.5 MW CAN
1967 12 15 0116 149.340 -34.900 9.0 2.9 MW CAN
1968 02 25 1028 149.320 -34.700 1.0 2.9 MW CAN
1968 03 14 1202 148.590 -34.620 11.0 2.5 MW CAN
1968 03 19 1743 148.750 -34.560 5.0 2.5 MW CAN
1968 04 09 2049 149.220 -34.910 25.0 2.4 MW CAN
1968 04 19 1209 148.230 -34.300 0.0 2.2 MW CAN
1968 04 21 1202 149.270 -34.730 0.0 2.4 MW CAN
1968 04 21 2010 148.880 -34.940 2.0 2.9 MW CAN
1968 05 13 0618 149.170 -34.750 0.0 2.2 MW CAN
1968 05 20 0832 149.270 -34.870 0.0 2.1 MW CAN
1968 06 27 2356 148.230 -34.410 4.0 2.7 MW CAN
1968 07 17 0630 148.880 -33.950 0.0 2.5 MW CAN
1968 08 12 1128 149.250 -34.870 7.0 2.1 MW CAN
1968 08 29 0226 149.200 -34.710 0.0 2.4 MW CAN
1968 09 01 0128 149.330 -35.000 0.0 2.9 MW CAN
1968 09 11 1840 149.130 -34.160 2.0 2.7 MW CAN
1968 09 11 2205 148.820 -34.290 18.0 2.5 MW CAN
1968 09 22 1211 149.170 -34.570 4.0 2.2 MW CAN
1968 10 04 1309 148.220 -34.530 7.0 2.9 MW CAN
1968 10 14 1006 148.960 -34.940 6.0 2.4 MW CAN
1968 11 09 1832 148.560 -34.470 3.0 2.5 MW CAN
1968 11 22 0252 149.080 -34.260 12.0 2.5 MW CAN
1968 11 22 0319 149.270 -34.240 22.0 2.5 MW CAN
1968 11 25 0214 149.200 -34.820 0.0 2.4 MW CAN
1968 11 29 0150 149.140 -34.130 2.0 2.7 MW CAN
1968 11 30 1613 149.280 -34.680 0.0 2.2 MW CAN
1968 12 04 0537 149.500 -35.090 7.0 2.5 MW CAN
1968 12 13 0150 149.330 -34.880 0.0 2.4 MW CAN
1968 12 16 1616 149.360 -34.680 5.0 2.5 MW CAN
1969 01 01 0300 148.700 -34.170 0.0 2.7 MW CAN
1969 01 25 1856 149.200 -34.600 0.0 2.7 MW CAN
1969 01 30 0133 149.420 -34.860 15.0 2.7 MW CAN
1969 03 19 0349 148.410 -34.230 2.0 2.5 MW CAN
1969 03 29 1630 149.100 -34.200 0.0 2.5 MW CAN
1969 04 04 0239 149.280 -34.920 0.0 2.4 MW CAN
1969 04 23 0344 148.630 -34.150 0.0 2.9 MW CAN
1969 05 03 1545 149.320 -34.630 7.0 2.7 MW CAN
1969 05 12 2201 149.290 -34.570 3.0 2.9 MW CAN
1969 05 14 0431 149.260 -34.530 6.0 2.8 MW CAN
1969 05 22 1204 148.500 -34.350 0.0 2.2 MW CAN
1969 06 03 1840 149.000 -34.490 13.0 2.5 MW CAN
1969 06 09 2041 149.250 -34.800 0.0 2.2 MW CAN
1969 06 12 2056 149.290 -34.590 1.0 2.5 MW CAN
1969 07 08 0310 149.150 -34.700 0.0 2.4 MW CAN
1969 07 16 1912 149.140 -34.130 4.0 2.9 MW CAN
1969 08 16 1017 149.280 -34.610 5.0 2.1 MW CAN
1969 09 14 1534 149.330 -34.840 6.0 2.7 MW CAN
1969 09 16 0343 149.150 -34.530 8.0 2.5 MW CAN
1969 09 16 1521 149.150 -34.200 3.0 2.7 MW CAN
1969 09 25 0546 149.133 -34.733 0.0 2.9 MW CAN
1969 09 26 1426 148.370 -33.830 6.0 2.9 MW CAN
1969 10 14 1056 149.320 -34.870 0.0 2.5 MW CAN
1969 11 02 0221 149.150 -34.730 7.0 2.5 MW CAN
1969 11 08 1617 148.560 -34.700 0.0 2.4 MW CAN
1969 11 11 2137 149.140 -34.720 6.0 2.5 MW CAN
1969 11 16 1155 149.100 -34.130 0.0 2.5 MW CAN
1969 12 02 0815 148.900 -34.150 0.0 2.5 MW CAN
1969 12 05 1809 149.130 -34.530 4.0 2.5 MW CAN
1969 12 07 2332 149.340 -34.940 5.0 2.7 MW CAN
1970 01 27 0637 148.140 -34.360 0.0 2.7 MW CAN
1970 01 27 1713 148.280 -34.320 6.0 2.7 MW CAN
1970 02 15 2044 149.400 -34.920 0.0 2.7 MW CAN
1970 03 07 1116 149.170 -34.790 0.0 2.6 MW CAN
1970 03 17 0740 149.240 -34.680 0.0 2.6 MW CAN
1970 03 24 0455 149.630 -35.170 3.0 2.5 MW CAN
1970 04 07 1608 149.210 -34.740 6.0 2.5 MW CAN
1970 04 29 0457 148.680 -34.350 0.0 2.4 MW CAN
1970 05 02 0936 149.110 -34.790 0.0 2.6 MW CAN
1970 05 15 0313 149.140 -34.190 6.0 2.6 MW CAN
1970 05 18 0451 149.150 -34.830 6.0 2.8 MW CAN
1970 05 29 0331 149.170 -34.800 0.0 2.6 MW CAN
1970 06 06 1413 149.160 -34.740 4.0 2.6 MW CAN
1970 06 12 1750 149.150 -34.810 4.0 2.7 MW CAN
1970 06 12 2006 149.070 -34.760 3.0 2.7 MW CAN
1970 06 28 0642 149.180 -34.750 6.0 2.8 MW CAN
1970 06 30 0412 149.100 -34.190 8.0 2.8 MW CAN
1970 07 12 2309 149.220 -34.630 0.0 2.5 MW CAN
1970 08 08 0910 149.570 -35.220 0.0 2.5 MW CAN
1970 08 11 1218 149.060 -34.280 8.0 2.7 MW CAN
1970 08 15 2224 149.230 -34.840 8.0 2.4 MW CAN
1970 08 17 2200 149.230 -34.780 0.0 2.5 MW CAN
1970 08 23 1905 149.120 -34.140 13.0 2.8 MW CAN
1970 08 30 0040 149.010 -34.700 0.0 2.4 MW CAN
1970 08 30 1742 149.200 -34.690 2.0 2.1 MW CAN
1970 09 12 2019 149.090 -34.160 0.0 2.7 MW CAN
1970 09 13 1745 149.250 -34.900 0.0 2.4 MW CAN
1970 09 17 1415 149.040 -34.940 0.0 2.5 MW CAN
1970 09 22 1643 149.180 -34.830 10.0 2.5 MW CAN
1970 11 16 1450 149.100 -34.180 7.0 2.7 MW CAN
1970 11 23 1316 148.310 -34.330 7.0 2.8 MW CAN
1970 11 26 0944 148.640 -33.950 8.0 2.7 MW CAN
1970 12 26 1517 149.130 -34.780 7.0 2.1 MW CAN
1970 12 28 1428 149.170 -34.750 0.0 2.4 MW CAN
1970 12 29 1507 148.670 -34.410 0.0 2.5 MW CAN
1971 02 09 1542 149.170 -34.780 8.0 2.7 MW CAN
1971 03 01 0626 148.260 -34.360 6.0 2.8 MW CAN
1971 03 07 1006 149.170 -34.750 0.0 2.8 MW CAN
1971 03 16 1029 149.080 -34.110 0.0 2.9 MW CAN
1971 03 18 1554 148.170 -34.350 0.0 2.6 MW CAN
1971 03 25 0354 149.220 -34.720 0.0 2.4 MW CAN
1971 03 29 0423 149.180 -34.760 0.0 2.5 MW CAN
1971 04 02 1701 149.220 -34.520 9.0 2.3 MW CAN
1971 04 23 1700 148.070 -34.170 0.0 2.6 MW CAN
1971 05 04 0608 148.040 -34.220 23.0 2.9 MW CAN
1971 05 11 1132 148.980 -34.170 0.0 2.8 MW CAN
1971 05 23 0107 148.220 -34.330 34.0 2.5 MW CAN
1971 05 29 0718 148.700 -34.410 6.0 2.8 MW CAN
1971 06 01 1452 148.400 -34.500 0.0 2.4 MW CAN
1971 06 05 2307 149.120 -34.800 6.0 2.3 MW CAN
1971 06 08 1258 149.220 -34.650 0.0 2.2 MW CAN
1971 06 18 1058 149.210 -34.780 2.0 2.6 MW CAN
1971 07 05 1734 149.200 -34.120 7.0 2.8 MW CAN
1971 07 08 1151 149.080 -34.130 0.0 2.4 MW CAN
1971 08 01 1049 149.630 -34.620 5.0 2.5 MW CAN
1971 08 18 0213 148.630 -34.370 0.0 2.5 MW CAN
1971 08 28 1450 149.270 -34.890 7.0 2.8 MW CAN
1971 10 10 1105 149.150 -34.480 0.0 2.5 MW CAN
1971 10 25 0038 149.360 -34.730 7.0 2.7 MW CAN
1972 02 14 0954 149.470 -34.600 0.0 2.5 MW CAN
1972 02 19 1200 149.260 -34.780 8.0 2.6 MW CAN
1972 03 10 1854 149.100 -34.230 0.0 2.5 MW CAN
1972 04 11 1057 149.220 -34.800 0.0 2.2 MW CAN
1972 05 14 0918 148.330 -33.940 14.0 2.9 MW CAN
1972 05 24 0643 149.330 -34.900 0.0 2.0 MW CAN
1972 05 28 2233 149.370 -34.890 3.0 2.8 MW CAN
1972 06 07 0106 149.190 -34.780 0.0 2.9 MW CAN
1972 06 17 0500 149.380 -34.900 1.0 2.6 MW CAN
1972 06 25 1817 149.210 -34.840 0.0 2.7 MW CAN
1972 07 23 1345 149.180 -34.180 0.0 2.6 MW CAN
1972 08 13 1332 148.830 -34.020 0.0 2.7 MW CAN
1972 08 22 2004 149.110 -34.270 0.0 2.5 MW CAN
1972 09 07 1659 149.340 -34.870 0.0 2.4 MW CAN
1972 10 08 1638 149.230 -34.780 8.0 2.9 MW CAN
1972 10 22 0343 149.190 -34.800 4.0 2.7 MW CAN
1972 11 01 2345 148.340 -34.290 11.0 2.9 MW CAN
1972 11 07 0158 148.080 -34.300 0.0 2.7 MW CAN
1972 11 23 0106 149.210 -34.670 6.0 2.6 MW CAN
1972 12 14 0529 149.130 -34.780 0.0 1.9 MW CAN
1973 01 04 0334 148.110 -34.270 15.0 2.6 MW CAN
1973 01 08 1718 149.150 -34.750 3.0 2.8 MW CAN
1973 01 08 2247 149.336 -34.889 2.0 2.9 MW BMR
1973 01 18 0102 148.180 -34.270 19.0 2.5 MW CAN
1973 01 18 1254 149.230 -34.750 11.0 2.3 MW CAN
1973 01 30 0853 149.180 -34.750 0.0 2.5 MW CAN
1973 02 13 1305 149.150 -34.720 0.0 2.7 MW CAN
1973 02 28 0722 148.180 -34.680 17.0 2.5 MW CAN
1973 02 28 2211 149.300 -34.740 0.0 2.5 MW CAN
1973 03 02 0941 149.180 -34.790 0.0 2.2 MW CAN
1973 03 03 1428 148.650 -34.500 3.0 2.9 MW CAN
1973 03 04 0515 149.030 -34.970 12.0 2.8 MW CAN
1973 03 16 1345 148.960 -34.720 22.0 2.2 MW CAN
1973 03 30 0412 149.220 -34.670 21.0 2.7 MW CAN
1973 04 03 0144 148.070 -34.150 0.0 2.7 MW CAN
1973 04 07 0330 148.970 -34.920 0.0 2.3 MW CAN
1973 04 10 1524 148.870 -34.430 0.0 2.3 MW CAN
1973 04 11 0050 148.160 -34.210 0.0 2.7 MW CAN
1973 04 18 2106 148.900 -34.480 0.0 2.0 MW CAN
1973 05 08 0528 148.080 -34.250 0.0 2.6 MW CAN
1973 05 14 1423 148.960 -34.540 1.0 2.9 MW CAN
1973 05 23 0705 148.150 -34.620 0.0 2.5 MW CAN
1973 05 29 0311 148.820 -34.420 3.0 2.9 MW CAN
1973 06 04 0017 148.120 -34.120 0.0 2.7 MW CAN
1973 06 06 1139 149.100 -34.270 0.0 2.5 MW CAN
1973 06 08 0751 149.260 -34.860 0.0 2.0 MW CAN
1973 06 19 0624 148.130 -34.150 0.0 2.7 MW CAN
1973 06 21 0220 149.180 -34.780 0.0 2.9 MW CAN
1973 06 21 0334 149.180 -34.780 0.0 2.9 MW CAN
1973 06 21 0921 149.120 -34.520 0.0 2.3 MW CAN
1973 07 01 0644 149.320 -34.770 0.0 2.5 MW CAN
1973 07 04 0300 148.200 -34.120 12.0 2.7 MW CAN
1973 07 10 0657 148.070 -34.570 0.0 2.7 MW CAN
1973 07 12 0618 148.110 -34.210 11.0 2.9 MW CAN
1973 07 30 0526 148.070 -34.070 0.0 2.6 MW CAN
1973 08 07 0505 149.120 -34.700 2.0 2.9 MW CAN
1973 08 22 1204 149.250 -34.810 0.0 2.7 MW CAN
1973 09 06 0827 149.210 -34.760 0.0 2.9 MW CAN
1973 09 07 2347 149.040 -34.670 2.0 2.9 MW CAN
1973 09 17 1640 149.210 -34.750 5.0 2.7 MW CAN
1973 10 11 0555 149.230 -34.750 0.0 2.2 MW CAN
1973 10 23 1831 149.180 -34.750 33.0 2.6 MW CAN
1973 10 31 1101 149.180 -34.870 0.0 2.2 MW CAN
1973 11 03 0044 149.180 -34.750 0.0 2.5 MW CAN
1973 11 07 1410 149.230 -34.800 0.0 2.5 MW CAN
1973 12 12 0449 149.020 -34.570 2.0 2.5 MW CAN
1973 12 12 2020 149.170 -34.790 17.0 2.4 MW CAN
1973 12 23 0708 149.200 -34.750 0.0 2.5 MW CAN
1973 12 25 0849 149.300 -34.850 0.0 2.5 MW CAN
1974 01 13 1901 149.270 -34.800 0.0 2.6 MW CAN
1974 01 16 1603 148.500 -34.650 0.0 2.5 MW CAN
1974 01 20 0935 149.170 -34.250 0.0 2.5 MW CAN
1974 02 10 2052 149.430 -34.920 0.0 2.2 MW CAN
1974 03 08 2239 149.170 -34.920 0.0 2.5 MW CAN
1974 03 10 1734 149.150 -34.770 0.0 2.5 MW CAN
1974 03 29 1114 149.370 -34.350 0.0 2.6 MW CAN
1974 03 29 1144 149.270 -34.240 1.0 2.9 MW CAN
1974 03 29 2218 148.320 -34.230 0.0 2.3 MW CAN
1974 04 05 0528 149.180 -34.750 0.0 2.5 MW CAN
1974 04 22 0347 149.400 -35.220 0.0 2.3 MW CAN
1974 04 26 2309 148.450 -33.850 9.0 2.9 MW CAN
1974 05 01 1010 148.940 -34.600 0.0 1.9 MW CAN
1974 05 02 1135 149.180 -34.770 0.0 2.2 MW CAN
1974 05 06 0543 149.320 -34.720 0.0 1.9 MW CAN
1974 05 12 1404 149.230 -34.580 0.0 2.2 MW CAN
1974 05 16 0528 149.530 -35.220 0.0 2.2 MW CAN
1974 05 24 1202 148.220 -34.570 0.0 2.6 MW CAN
1974 05 28 0522 149.230 -34.130 9.0 2.5 MW CAN
1974 06 01 1140 149.170 -34.750 0.0 1.9 MW CAN
1974 06 11 2036 149.210 -34.730 5.0 2.9 MW CAN
1974 06 23 2203 149.180 -34.520 0.0 2.0 MW CAN
1974 06 26 2313 148.980 -34.220 0.0 2.3 MW CAN
1974 07 02 0518 148.370 -34.050 0.0 2.6 MW CAN
1974 07 07 0349 149.200 -34.730 0.0 2.2 MW CAN
1974 07 19 0500 149.160 -34.200 16.0 2.0 MW CAN
1974 07 27 0407 148.980 -34.570 0.0 1.9 MW CAN
1974 08 06 0552 148.070 -34.220 0.0 2.3 MW CAN
1974 08 18 0441 148.500 -33.870 0.0 2.6 MW CAN
1974 09 03 1939 149.230 -34.780 0.0 2.3 MW CAN
1974 09 14 1501 149.120 -34.160 3.0 2.9 MW CAN
1974 10 31 0829 148.650 -34.420 0.0 2.5 MW CAN
1974 11 15 1456 149.400 -34.870 0.0 2.3 MW CAN
1974 11 20 2206 149.680 -35.180 0.0 2.6 MW CAN
1974 11 22 1516 149.500 -35.030 0.0 2.5 MW CAN
1974 11 28 1819 148.430 -34.370 19.0 2.9 MW CAN
1974 12 07 1204 149.070 -34.200 5.0 2.6 MW CAN
1974 12 13 0420 149.120 -34.170 0.0 2.5 MW CAN
1974 12 16 1910 149.200 -34.750 0.0 2.3 MW CAN
1975 01 02 2007 149.170 -34.760 0.0 2.3 MW CAN
1975 01 08 1253 148.810 -34.740 15.0 2.0 MW CAN
1975 01 17 0256 149.230 -34.800 0.0 2.5 MW CAN
1975 01 27 2014 149.230 -34.790 3.0 2.9 MW CAN
1975 02 02 1442 149.840 -34.740 27.0 2.9 MW CAN
1975 02 15 2121 149.280 -34.830 0.0 1.9 MW CAN
1975 02 28 1907 149.250 -35.170 0.0 2.5 MW CAN
1975 03 03 1102 149.040 -35.030 10.0 2.6 MW CAN
1975 03 12 0149 149.130 -34.200 1.0 2.6 MW CAN
1975 03 13 2325 148.180 -33.930 0.0 2.8 MW CAN
1975 03 14 1734 149.200 -34.760 3.0 2.0 MW CAN
1975 03 19 1726 149.050 -35.040 6.0 2.2 MW CAN
1975 03 19 2226 148.230 -33.940 5.0 2.6 MW CAN
1975 03 26 0808 148.990 -35.020 0.0 2.3 MW CAN
1975 04 04 1749 148.830 -34.600 0.0 2.2 MW CAN
1975 04 19 2131 149.220 -34.620 0.0 1.9 MW CAN
1975 04 22 0308 149.280 -34.860 0.0 2.0 MW CAN
1975 04 22 1203 148.290 -33.940 3.0 2.5 MW CAN
1975 05 01 1940 149.180 -34.750 0.0 2.2 MW CAN
1975 05 02 1335 148.260 -33.960 3.0 2.5 MW CAN
1975 05 03 2011 149.230 -34.750 0.0 2.2 MW CAN
1975 05 17 0833 149.330 -34.880 0.0 2.6 MW CAN
1975 05 19 0859 149.300 -34.680 1.0 2.2 MW CAN
1975 05 21 1426 149.220 -34.760 3.0 2.9 MW CAN
1975 05 22 0056 149.220 -34.550 0.0 2.9 MW CAN
1975 05 27 1808 149.220 -34.750 0.0 2.2 MW CAN
1975 05 29 0405 148.950 -34.540 8.0 2.2 MW CAN
1975 06 03 1516 149.350 -34.880 0.0 2.2 MW CAN
1975 06 03 1708 149.220 -34.770 6.0 2.9 MW CAN
1975 06 06 1642 149.240 -34.770 7.0 2.8 MW CAN
1975 06 07 0622 149.080 -34.550 0.0 2.2 MW CAN
1975 06 11 0618 149.080 -34.700 0.0 2.2 MW CAN
1975 06 12 2214 149.210 -34.770 0.0 2.6 MW CAN
1975 06 14 0408 149.100 -34.680 0.0 2.2 MW CAN
1975 06 15 0355 149.110 -34.680 7.0 2.2 MW CAN
1975 06 17 0000 149.230 -34.750 0.0 2.8 MW CAN
1975 06 24 0043 149.830 -34.520 0.0 2.5 MW CAN
1975 06 27 0405 149.020 -35.020 0.0 2.9 MW CAN
1975 06 28 0440 149.220 -34.770 0.0 2.5 MW CAN
1975 07 05 0947 148.970 -34.570 0.0 2.0 MW CAN
1975 07 06 0140 149.230 -34.710 17.0 2.0 MW CAN
1975 07 30 1538 149.320 -34.370 0.0 2.5 MW CAN
1975 08 01 0341 148.750 -34.770 53.0 2.4 MW CAN
1975 08 06 0140 149.390 -34.780 1.0 2.2 MW CAN
1975 08 10 0047 149.380 -34.770 0.0 2.2 MW CAN
1975 08 15 0621 149.470 -34.770 0.0 2.0 MW CAN
1975 08 17 0254 149.030 -34.220 0.0 2.6 MW CAN
1975 08 22 0318 148.820 -34.700 11.0 2.2 MW CAN
1975 08 31 0359 149.590 -34.740 0.0 2.2 MW CAN
1975 09 06 0349 149.480 -34.750 0.0 2.9 MW CAN
1975 09 08 1930 149.240 -34.750 9.0 2.6 MW CAN
1975 09 30 0813 149.050 -35.030 0.0 2.5 MW CAN
1975 10 01 2235 149.030 -35.010 7.0 2.5 MW CAN
1975 10 03 0051 149.290 -34.470 0.0 2.5 MW CAN
1975 10 15 0134 149.820 -34.790 21.0 2.0 MW CAN
1975 10 16 2047 149.300 -34.830 0.0 2.3 MW CAN
1975 10 31 1916 148.740 -34.320 4.0 2.8 MW CAN
1975 11 08 2129 149.220 -34.730 6.0 2.7 MW CAN
1975 11 19 1710 149.190 -34.760 2.0 2.6 MW CAN
1975 12 14 1115 149.100 -34.200 19.0 2.3 MW CAN
1975 12 22 0814 149.200 -34.730 4.0 2.2 MW CAN
1975 12 28 1608 148.780 -34.020 5.0 2.5 MW CAN
1976 01 01 1559 149.260 -34.650 4.0 2.7 MW CAN
1976 02 01 0908 148.320 -34.180 0.0 2.8 MW CAN
1976 02 05 0955 148.240 -33.830 6.0 2.7 MW CAN
1976 02 06 1011 149.110 -34.230 18.0 2.5 MW CAN
1976 02 14 0157 148.260 -33.800 4.0 2.7 MW CAN
1976 02 19 1628 149.300 -34.830 0.0 2.5 MW CAN
1976 03 08 0745 148.800 -34.750 0.0 2.5 MW CAN
1976 03 13 0145 149.240 -34.680 0.0 2.2 MW CAN
1976 03 24 0730 148.780 -34.750 5.0 2.7 MW CAN
1976 03 25 0636 149.315 -34.748 4.0 2.8 MW BMR
1976 03 31 1112 149.050 -34.320 3.0 2.9 MW CAN
1976 04 14 0213 149.280 -34.690 0.0 2.1 MW CAN
1976 04 15 1433 149.180 -34.230 0.0 2.1 MW CAN
1976 04 22 1557 149.230 -34.780 0.0 2.0 MW CAN
1976 05 02 0226 149.050 -35.020 0.0 2.2 MW CAN
1976 05 06 1309 149.180 -34.750 0.0 1.9 MW CAN
1976 05 12 2206 149.170 -34.750 1.0 2.9 MW CAN
1976 05 14 1155 148.880 -34.020 0.0 2.3 MW CAN
1976 05 18 1000 148.780 -34.750 5.0 2.0 MW CAN
1976 05 18 2045 148.470 -34.520 0.0 2.7 MW CAN
1976 05 21 0734 148.320 -34.280 0.0 2.3 MW CAN
1976 05 25 0517 148.740 -34.730 0.0 2.4 MW CAN
1976 05 29 1210 149.210 -34.740 0.0 2.0 MW CAN
1976 06 07 1001 149.190 -34.750 29.0 2.8 MW CAN
1976 06 12 1213 149.350 -34.880 0.0 1.9 MW CAN
1976 06 17 0142 149.200 -34.730 0.0 2.2 MW CAN
1976 06 29 0609 148.240 -34.380 0.0 2.7 MW CAN
1976 07 02 0858 148.730 -34.050 14.0 2.4 MW CAN
1976 07 16 1139 149.250 -34.750 0.0 1.9 MW CAN
1976 07 16 1637 149.220 -34.770 0.0 1.9 MW CAN
1976 07 17 0006 149.063 -34.489 20.0 2.9 MW BMR
1976 07 17 1504 149.180 -34.750 0.0 2.0 MW CAN
1976 07 18 1145 148.740 -34.060 5.0 2.2 MW CAN
1976 07 24 2027 149.220 -34.300 0.0 2.5 MW CAN
1976 07 24 2030 149.190 -34.750 11.0 2.6 MW CAN
1976 07 28 1830 149.300 -34.670 0.0 2.2 MW CAN
1976 07 29 1846 148.770 -34.320 0.0 2.2 MW CAN
1976 08 10 0452 148.450 -34.210 10.0 2.5 MW CAN
1976 08 20 1748 149.170 -34.750 0.0 2.0 MW CAN
1976 08 22 1021 149.010 -35.020 0.0 2.6 MW CAN
1976 08 24 0601 149.160 -34.750 9.0 2.0 MW CAN
1976 08 29 1757 149.230 -34.580 3.0 2.6 MW CAN
1976 08 30 1139 149.230 -34.750 0.0 2.0 MW CAN
1976 08 31 1155 149.070 -34.630 10.0 2.8 MW CAN
1976 09 09 0428 149.160 -34.820 15.0 2.5 MW CAN
1976 09 13 0033 148.300 -34.300 0.0 2.7 MW CAN
1976 09 24 0049 149.190 -34.730 0.0 2.5 MW CAN
1976 09 25 0326 148.370 -34.320 14.0 2.5 MW CAN
1976 10 05 0921 149.200 -34.730 2.0 2.4 MW CAN
1976 10 09 1021 148.370 -33.830 0.0 2.6 MW CAN
1976 10 25 1748 149.100 -34.220 0.0 2.1 MW CAN
1976 11 02 1552 149.290 -34.500 14.0 2.7 MW CAN
1976 11 13 2106 149.200 -34.750 10.0 2.4 MW CAN
1976 11 20 1427 148.310 -34.320 0.0 2.1 MW CAN
1976 11 27 2119 149.270 -34.570 0.0 2.6 MW CAN
1976 12 05 1435 149.240 -34.590 11.0 2.8 MW CAN
1976 12 06 1521 149.180 -34.770 0.0 2.1 MW CAN
1976 12 20 0101 149.570 -34.650 0.0 2.5 MW CAN
1976 12 20 0511 149.230 -34.370 14.0 2.6 MW CAN
1976 12 22 0431 149.130 -34.500 0.0 2.5 MW CAN
1977 01 20 1753 148.840 -34.590 12.0 2.3 MW CAN
1977 01 30 1855 149.120 -34.180 13.0 2.6 MW CAN
1977 02 14 0504 148.250 -34.270 9.0 2.7 MW CAN
1977 02 25 2233 149.370 -34.930 0.0 2.2 MW CAN
1977 03 06 0518 149.000 -34.150 0.0 2.4 MW CAN
1977 03 26 1957 149.210 -34.770 8.0 2.3 MW CAN
1977 03 28 1721 148.750 -34.060 13.0 2.9 MW CAN
1977 03 30 0434 148.370 -34.260 16.0 2.7 MW CAN
1977 04 06 1540 149.450 -35.070 20.0 2.5 MW CAN
1977 04 19 0546 148.930 -34.210 11.0 2.5 MW CAN
1977 04 19 1425 149.210 -34.730 5.0 2.6 MW CAN
1977 04 25 0428 149.120 -34.180 0.0 2.4 MW CAN
1977 05 01 0036 148.760 -34.070 15.0 2.8 MW CAN
1977 06 01 1710 148.920 -34.170 16.0 2.6 MW CAN
1977 06 03 0940 148.770 -34.760 0.0 2.6 MW CAN
1977 06 06 0543 149.000 -34.180 0.0 2.4 MW CAN
1977 06 11 0804 148.180 -34.340 12.0 2.6 MW CAN
1977 06 11 0912 149.310 -34.600 12.0 2.5 MW CAN
1977 06 22 0353 148.750 -34.740 11.0 2.1 MW CAN
1977 06 22 0820 149.670 -34.350 0.0 2.5 MW CAN
1977 06 24 1659 148.750 -34.050 0.0 2.3 MW CAN
1977 07 02 0604 149.570 -34.600 8.0 2.2 MW CAN
1977 07 07 0938 149.190 -34.620 11.0 2.9 MW CAN
1977 07 09 2314 148.260 -34.400 13.0 2.7 MW CAN
1977 07 10 0123 149.190 -34.750 0.0 2.5 MW CAN
1977 08 01 1536 148.620 -34.670 0.0 2.3 MW CAN
1977 08 02 0857 149.000 -34.770 21.0 2.8 MW CAN
1977 08 06 1931 149.160 -34.160 13.0 2.6 MW CAN
1977 08 20 0940 149.100 -34.220 17.0 2.9 MW CAN
1977 08 26 0831 148.970 -34.210 14.0 2.8 MW CAN
1977 08 28 2319 149.130 -35.000 12.0 2.4 MW CAN
1977 09 01 0518 149.540 -34.600 24.0 2.0 MW CAN
1977 09 03 1244 149.200 -34.730 5.0 2.5 MW CAN
1977 09 09 1532 149.360 -34.790 0.0 2.2 MW CAN
1977 09 11 0644 149.800 -34.870 0.0 1.9 MW CAN
1977 09 11 0714 149.160 -35.010 12.0 2.7 MW CAN
1977 09 13 0511 148.380 -34.300 0.0 2.2 MW CAN
1977 09 14 0943 148.220 -34.240 15.0 2.6 MW CAN
1977 09 19 1821 149.180 -34.740 0.0 1.9 MW CAN
1977 09 23 0502 149.230 -34.800 10.0 2.4 MW CAN
1977 09 23 1611 148.980 -34.210 4.0 2.5 MW CAN
1977 09 27 0141 149.270 -34.680 0.0 2.5 MW CAN
1977 10 07 0729 149.560 -34.620 0.0 2.3 MW CAN
1977 10 09 1454 149.200 -34.700 0.0 2.2 MW CAN
1977 10 11 0027 149.220 -34.880 0.0 2.7 MW CAN
1977 10 16 1456 149.260 -34.810 7.0 2.5 MW CAN
1977 10 26 0122 149.030 -34.330 0.0 2.3 MW CAN
1977 11 09 1051 148.990 -34.630 0.0 2.4 MW CAN
1977 11 10 1742 148.960 -34.740 22.0 2.5 MW CAN
1977 11 15 0259 148.970 -34.420 18.0 2.7 MW CAN
1977 11 23 0105 149.580 -35.060 5.0 2.0 MW CAN
1977 11 29 2043 149.220 -34.780 0.0 2.5 MW CAN
1977 11 30 0747 149.630 -34.610 7.0 2.1 MW CAN
1977 12 03 0509 149.210 -34.730 15.0 2.5 MW CAN
1977 12 04 1348 148.900 -34.670 6.0 2.2 MW CAN
1977 12 07 0715 149.500 -34.630 0.0 2.1 MW CAN
1977 12 18 2003 149.180 -34.760 0.0 1.9 MW CAN
1977 12 23 0207 149.170 -34.290 0.0 2.2 MW CAN
1977 12 31 1123 148.350 -34.310 13.0 2.7 MW CAN
1978 01 08 0341 149.550 -35.070 0.0 2.1 MW CAN
1978 01 09 1452 148.920 -34.650 0.0 1.9 MW CAN
1978 01 24 0053 148.980 -34.560 12.0 2.7 MW CAN
1978 01 24 1637 148.400 -34.380 17.0 2.6 MW CAN
1978 01 26 0728 148.280 -34.340 3.0 2.5 MW CAN
1978 01 29 1952 148.990 -34.540 11.0 2.6 MW CAN
1978 01 31 1006 148.920 -34.660 13.0 2.5 MW CAN
1978 02 06 0552 148.620 -34.320 9.0 2.5 MW CAN
1978 02 17 1405 148.660 -34.680 12.0 2.6 MW CAN
1978 02 23 0544 148.880 -34.150 16.0 2.7 MW CAN
1978 02 26 0045 149.180 -34.750 0.0 2.5 MW CAN
1978 03 14 2132 148.280 -34.300 0.0 1.9 MW CAN
1978 03 17 1930 149.270 -34.940 0.0 2.2 MW CAN
1978 03 28 0333 149.360 -34.860 0.0 2.6 MW CAN
1978 04 01 0805 148.240 -34.370 16.0 2.7 MW CAN
1978 04 05 1035 149.220 -34.200 0.0 2.6 MW CAN
1978 04 20 0511 149.520 -34.650 0.0 1.9 MW CAN
1978 04 21 1243 149.220 -34.730 0.0 2.1 MW CAN
1978 04 23 1810 148.970 -34.230 0.0 2.4 MW CAN
1978 04 26 1611 149.290 -34.730 6.0 2.2 MW CAN
1978 05 04 0515 148.740 -34.750 5.0 2.2 MW CAN
1978 05 11 0351 149.660 -34.920 12.0 2.7 MW CAN
1978 05 14 0355 148.760 -34.060 19.0 2.5 MW CAN
1978 05 16 0400 149.740 -34.870 2.0 2.5 MW CAN
1978 05 30 2145 149.420 -34.750 0.0 2.1 MW CAN
1978 06 07 1440 149.400 -35.250 0.0 2.6 MW CAN
1978 06 16 1528 148.160 -34.370 12.0 2.5 MW CAN
1978 06 18 1726 148.930 -34.660 27.0 2.5 MW CAN
1978 06 23 1433 148.890 -34.310 15.0 2.7 MW CAN
1978 07 10 0331 149.200 -34.440 0.0 2.6 MW CAN
1978 07 12 0835 148.980 -35.000 0.0 2.3 MW CAN
1978 07 14 0659 149.590 -34.580 0.0 2.2 MW CAN
1978 07 20 1922 149.260 -34.370 8.0 2.5 MW CAN
1978 07 26 0536 149.320 -34.990 0.0 2.6 MW CAN
1978 07 26 1457 148.920 -34.750 11.0 2.9 MW CAN
1978 08 30 1301 149.180 -34.740 0.0 2.6 MW CAN
1978 09 04 0837 149.350 -34.930 0.0 1.9 MW CAN
1978 09 12 0612 149.060 -34.220 0.0 2.6 MW CAN
1978 09 12 1918 148.290 -34.390 6.0 2.3 MW CAN
1978 09 20 1926 149.180 -34.750 0.0 2.8 MW CAN
1978 09 22 0054 148.890 -34.670 18.0 2.9 MW CAN
1978 09 24 1857 149.210 -34.350 0.0 2.2 MW CAN
1978 10 03 0901 149.250 -34.980 4.0 2.1 MW CAN
1978 10 10 0428 148.620 -34.350 0.0 2.5 MW CAN
1978 10 18 0827 149.630 -34.660 2.0 2.1 MW CAN
1978 11 03 0451 149.420 -34.450 9.0 2.5 MW CAN
1978 11 06 0529 149.410 -34.450 10.0 2.5 MW CAN
1978 11 08 0525 149.180 -34.090 12.0 2.6 MW CAN
1978 11 13 0456 149.170 -34.120 0.0 2.6 MW CAN
1978 11 15 1955 149.160 -34.770 0.0 2.2 MW CAN
1978 11 20 0544 149.220 -34.220 0.0 2.3 MW CAN
1978 11 21 1525 149.170 -34.770 0.0 1.9 MW CAN
1978 11 27 1124 149.150 -34.740 21.0 2.7 MW CAN
1978 11 29 0523 149.530 -34.310 11.0 2.5 MW CAN
1978 12 06 2100 148.290 -34.380 18.0 2.7 MW CAN
1978 12 08 0333 148.670 -34.830 0.0 2.2 MW CAN
1978 12 14 0401 149.010 -34.680 0.0 2.0 MW CAN
1978 12 18 0408 148.640 -34.540 0.0 2.1 MW CAN
1978 12 24 1101 149.580 -34.860 20.0 2.3 MW CAN
1978 12 28 0109 149.217 -34.733 0.0 2.7 MW CAN
1978 12 28 1409 149.550 -34.720 5.0 2.3 MW CAN
1979 01 02 1046 149.170 -34.760 0.0 2.6 MW CAN
1979 01 02 1543 149.330 -34.880 0.0 2.5 MW CAN
1979 02 01 0659 148.610 -34.540 0.0 2.4 MW CAN
1979 02 07 0740 148.720 -34.330 0.0 2.3 MW CAN
1979 02 07 0742 148.720 -34.330 0.0 2.3 MW CAN
1979 02 07 1109 148.720 -34.300 2.0 2.3 MW CAN
1979 02 11 1442 149.440 -34.790 14.0 2.7 MW CAN
1979 02 12 0824 149.140 -34.140 33.0 2.4 MW CAN
1979 02 21 0121 149.270 -34.760 0.0 2.8 MW CAN
1979 03 06 0805 149.200 -34.750 17.0 2.7 MW CAN
1979 03 13 0418 149.370 -35.010 16.0 2.3 MW CAN
1979 03 19 1032 149.230 -34.760 0.0 2.3 MW CAN
1979 03 24 0112 148.610 -34.600 0.0 2.8 MW CAN
1979 03 28 0118 149.400 -34.660 11.0 2.5 MW CAN
1979 04 10 2030 149.120 -34.260 47.0 2.7 MW CAN
1979 04 14 0526 148.910 -34.700 0.0 2.6 MW CAN
1979 04 26 0720 148.770 -34.310 14.0 2.9 MW CAN
1979 04 29 1054 148.150 -34.400 14.0 2.9 MW CAN
1979 05 17 1130 148.680 -34.700 0.0 2.6 MW CAN
1979 05 25 0844 149.070 -35.020 0.0 2.4 MW CAN
1979 06 02 1621 149.340 -34.820 0.0 2.6 MW CAN
1979 06 02 2143 149.060 -34.600 0.0 2.4 MW CAN
1979 06 12 0821 149.340 -34.820 0.0 2.2 MW CAN
1979 06 18 1308 149.150 -34.850 0.0 2.0 MW CAN
1979 06 20 0804 148.900 -34.230 0.0 2.3 MW CAN
1979 06 21 0436 148.970 -34.520 0.0 2.4 MW CAN
1979 06 24 0937 149.200 -34.730 0.0 2.2 MW CAN
1979 06 26 1305 149.160 -34.760 0.0 2.4 MW CAN
1979 06 28 0255 149.140 -34.450 0.0 2.4 MW CAN
1979 07 13 0734 148.290 -34.670 20.0 2.4 MW CAN
1979 07 13 2224 148.190 -33.860 19.0 2.6 MW CAN
1979 07 17 0601 149.260 -34.220 11.0 2.5 MW CAN
1979 07 20 0510 148.720 -34.770 0.0 2.4 MW CAN
1979 07 20 0512 149.250 -34.220 2.0 2.7 MW CAN
1979 07 23 1310 149.380 -34.930 0.0 2.2 MW CAN
1979 07 24 1229 148.880 -34.200 0.0 2.7 MW CAN
1979 07 25 2302 148.890 -34.540 14.0 2.9 MW CAN
1979 07 26 1853 149.490 -34.650 19.0 2.1 MW CAN
1979 07 30 0459 148.730 -34.760 0.0 2.5 MW CAN
1979 07 30 0627 149.210 -34.740 0.0 2.5 MW CAN
1979 08 01 0911 148.330 -34.280 0.0 2.9 MW CAN
1979 08 01 1005 148.620 -34.550 0.0 2.7 MW CAN
1979 08 04 1115 148.670 -34.860 0.0 2.5 MW CAN
1979 08 11 0501 149.210 -34.670 0.0 2.7 MW CAN
1979 08 17 1213 149.280 -34.310 0.0 2.3 MW CAN
1979 08 20 0354 149.320 -34.450 0.0 1.9 MW CAN
1979 08 26 1623 148.950 -34.130 0.0 2.7 MW CAN
1979 08 29 0028 149.150 -34.770 0.0 2.2 MW CAN
1979 08 30 0546 149.300 -34.650 0.0 2.2 MW CAN
1979 09 02 0407 149.120 -34.120 0.0 2.2 MW CAN
1979 09 13 1253 149.260 -34.850 5.0 2.3 MW CAN
1979 09 13 1517 149.180 -34.500 10.0 2.1 MW CAN
1979 09 15 1048 149.650 -34.810 21.0 2.2 MW CAN
1979 09 20 2226 149.200 -34.780 0.0 2.2 MW CAN
1979 09 21 0512 149.210 -34.740 0.0 2.3 MW CAN
1979 10 03 0008 149.050 -34.510 0.0 2.5 MW CAN
1979 10 11 0952 149.020 -35.030 0.0 2.3 MW CAN
1979 10 11 1207 148.190 -33.930 13.0 2.8 MW CAN
1979 10 17 0132 148.550 -34.810 8.0 2.0 MW CAN
1979 10 19 1959 148.960 -34.300 18.0 2.7 MW CAN
1979 11 06 0540 149.190 -34.760 7.0 2.2 MW CAN
1979 11 10 1008 149.310 -34.880 0.0 2.5 MW CAN
1979 11 22 0435 149.220 -34.760 0.0 2.4 MW CAN
1979 11 23 0339 148.600 -34.800 0.0 2.1 MW CAN
1979 11 27 2046 148.980 -34.580 0.0 2.5 MW CAN
1979 12 24 1828 149.230 -34.730 0.0 2.1 MW CAN
1980 01 20 2352 148.980 -34.490 0.0 2.6 MW CAN
1980 01 24 0306 149.240 -34.710 0.0 2.5 MW CAN
1980 01 27 0545 148.980 -34.110 0.0 2.6 MW CAN
1980 01 30 0337 149.230 -34.720 0.0 2.4 MW CAN
1980 02 03 1935 149.220 -34.730 0.0 2.7 MW CAN
1980 02 10 2156 149.040 -34.630 9.0 2.4 MW CAN
1980 02 12 0100 148.750 -34.800 17.0 2.5 MW CAN
1980 02 12 2038 149.190 -34.750 0.0 2.5 MW CAN
1980 02 13 1937 149.600 -34.720 0.0 1.9 MW CAN
1980 02 14 2232 148.700 -34.400 8.0 2.3 MW CAN
1980 02 29 0216 148.780 -34.720 24.0 2.3 MW CAN
1980 03 03 1738 149.270 -34.690 14.0 2.7 MW CAN
1980 03 06 2151 148.750 -34.280 0.0 2.4 MW CAN
1980 03 10 2206 149.352 -34.844 3.0 2.2 MW BMR
1980 03 16 1425 149.217 -34.769 8.0 2.1 MW BMR
1980 03 28 1413 149.280 -35.150 0.0 2.2 MW CAN
1980 04 18 2044 149.100 -34.530 75.0 2.4 MW CAN
1980 04 25 0005 149.270 -34.610 3.0 2.5 MW CAN
1980 04 25 2035 149.250 -34.840 0.0 1.9 MW CAN
1980 05 07 1503 149.100 -34.120 23.0 2.7 MW CAN
1980 05 24 0650 148.770 -34.120 7.0 2.5 MW CAN
1980 05 28 1714 149.240 -34.820 15.0 2.7 MW CAN
1980 05 30 2058 148.750 -34.120 33.0 2.7 MW CAN
1980 05 31 0744 148.590 -34.460 41.0 2.7 MW CAN
1980 06 03 0853 148.780 -34.540 21.0 2.3 MW CAN
1980 06 21 0655 148.850 -34.270 14.0 2.9 MW CAN
1980 07 09 1526 149.250 -35.120 12.0 2.7 MW CAN
1980 07 13 0937 149.000 -34.430 0.0 2.3 MW CAN
1980 07 22 2136 148.980 -34.260 0.0 2.7 MW CAN
1980 07 29 2052 149.170 -34.770 0.0 2.2 MW CAN
1980 08 05 0932 148.980 -34.460 0.0 2.3 MW CAN
1980 08 08 0235 149.440 -34.930 0.0 2.4 MW CAN
1980 08 14 1646 149.710 -35.010 14.0 2.2 MW CAN
1980 09 06 1209 149.300 -34.420 0.0 2.6 MW CAN
1980 09 12 1629 148.960 -34.480 0.0 2.4 MW CAN
1980 09 13 1531 149.200 -34.750 0.0 2.1 MW CAN
1980 09 14 0219 149.230 -34.590 14.0 2.9 MW CAN
1980 09 14 0304 148.270 -34.480 12.0 2.9 MW CAN
1980 09 27 2346 148.920 -34.530 0.0 2.5 MW CAN
1980 10 02 0234 149.240 -34.590 0.0 2.9 MW CAN
1980 10 02 1626 149.320 -34.870 0.0 2.3 MW CAN
1980 10 16 2244 149.180 -34.750 0.0 2.2 MW CAN
1980 10 17 0021 149.320 -34.840 0.0 2.2 MW CAN
1980 11 04 0107 149.300 -34.540 13.0 2.3 MW CAN
1980 11 14 1237 149.270 -34.590 13.0 2.7 MW CAN
1980 11 16 0440 149.290 -34.440 0.0 2.3 MW CAN
1980 11 23 1457 149.350 -35.110 14.0 2.0 MW CAN
1980 12 18 1255 149.330 -35.130 0.0 2.5 MW CAN
1981 01 01 1249 149.190 -34.560 29.0 2.8 MW CAN
1981 01 14 0431 149.180 -34.760 12.0 2.7 MW CAN
1981 01 18 1002 148.900 -34.280 11.0 2.9 MW CAN
1981 01 20 2053 149.250 -34.770 0.0 2.2 MW CAN
1981 01 29 0334 149.560 -34.820 0.0 2.2 MW CAN
1981 02 01 1549 148.910 -34.320 0.0 2.7 MW CAN
1981 02 02 0417 149.180 -34.760 8.0 2.9 MW CAN
1981 02 05 0621 149.240 -34.580 20.0 2.7 MW CAN
1981 02 12 0847 149.220 -34.590 12.0 2.7 MW CAN
1981 02 23 1454 149.250 -34.580 0.0 2.3 MW CAN
1981 02 24 2317 149.220 -34.590 5.0 2.3 MW CAN
1981 02 25 1855 148.640 -34.520 13.0 2.9 MW CAN
1981 03 12 0136 149.350 -34.850 0.0 2.0 MW CAN
1981 03 13 1749 149.210 -34.780 0.0 2.2 MW CAN
1981 03 18 1126 149.000 -34.210 15.0 2.9 MW CAN
1981 03 18 1751 149.210 -34.620 6.0 2.6 MW CAN
1981 03 22 0751 149.240 -34.600 9.0 2.7 MW CAN
1981 03 29 0040 149.170 -34.800 13.0 2.5 MW CAN
1981 04 03 0342 149.190 -34.590 9.0 2.5 MW CAN
1981 04 07 1801 149.180 -34.770 15.0 2.6 MW CAN
1981 04 10 0553 149.080 -35.000 0.0 2.4 MW CAN
1981 04 11 1047 149.240 -34.570 14.0 2.9 MW CAN
1981 04 17 1209 149.230 -34.600 10.0 2.7 MW CAN
1981 04 19 1618 149.340 -34.870 0.0 2.2 MW CAN
1981 04 21 2302 149.260 -34.570 14.0 2.7 MW CAN
1981 04 29 0646 149.250 -34.580 0.0 2.3 MW CAN
1981 04 30 0347 149.420 -34.920 0.0 2.5 MW CAN
1981 05 07 1135 149.240 -34.600 10.0 2.7 MW CAN
1981 05 15 1028 149.250 -34.570 0.0 2.5 MW CAN
1981 05 23 0509 149.220 -34.600 15.0 2.9 MW CAN
1981 06 04 1736 149.180 -34.730 0.0 2.2 MW CAN
1981 06 13 1247 148.900 -34.230 0.0 2.5 MW CAN
1981 06 15 0717 149.180 -34.750 0.0 2.8 MW CAN
1981 06 20 1153 148.750 -34.300 0.0 2.6 MW CAN
1981 06 21 1449 149.200 -34.620 10.0 2.3 MW CAN
1981 06 28 0922 149.000 -34.130 0.0 2.7 MW CAN
1981 07 02 1440 149.230 -34.720 0.0 2.5 MW CAN
1981 07 07 1427 149.220 -34.590 0.0 2.6 MW CAN
1981 07 08 1213 149.190 -34.740 0.0 2.4 MW CAN
1981 07 08 1215 149.160 -34.790 0.0 2.4 MW CAN
1981 07 14 0107 149.200 -34.730 0.0 2.1 MW CAN
1981 07 14 1250 148.850 -34.570 12.0 2.6 MW CAN
1981 07 17 2024 149.300 -34.880 0.0 2.1 MW CAN
1981 07 23 0823 149.230 -34.610 10.0 2.6 MW CAN
1981 07 23 1946 149.490 -34.580 4.0 2.4 MW CAN
1981 07 31 2204 148.990 -34.450 9.0 2.3 MW CAN
1981 08 01 0857 148.950 -34.210 0.0 2.3 MW CAN
1981 08 04 0210 149.200 -34.750 0.0 2.5 MW CAN
1981 08 07 2340 148.880 -34.110 0.0 2.8 MW CAN
1981 08 10 0225 149.010 -34.650 0.0 2.6 MW CAN
1981 08 10 1746 149.440 -34.990 19.0 2.5 MW CAN
1981 08 15 0817 149.140 -34.750 0.0 2.6 MW CAN
1981 08 23 0332 148.780 -34.580 13.0 2.9 MW CAN
1981 08 25 1113 149.000 -34.480 0.0 2.5 MW CAN
1981 08 29 1306 148.650 -34.380 0.0 2.7 MW CAN
1981 08 30 0117 149.420 -34.830 0.0 2.5 MW CAN
1981 09 21 2003 149.320 -34.560 12.0 2.7 MW CAN
1981 09 28 1306 149.250 -34.560 12.0 2.6 MW CAN
1981 10 05 1024 149.200 -34.290 0.0 2.8 MW CAN
1981 10 12 0258 149.210 -34.600 13.0 2.5 MW CAN
1981 10 23 0649 149.190 -34.760 0.0 2.4 MW CAN
1981 10 23 1410 149.400 -34.850 0.0 2.2 MW CAN
1981 10 24 0348 149.200 -34.730 0.0 2.4 MW CAN
1981 10 29 0344 149.180 -34.750 0.0 2.5 MW CAN
1981 11 02 0840 148.850 -34.550 12.0 2.7 MW CAN
1981 11 05 1619 149.660 -34.760 8.0 2.3 MW CAN
1981 11 16 1013 149.700 -34.700 0.0 2.6 MW CAN
1981 11 19 1818 149.220 -34.830 0.0 2.3 MW CAN
1981 11 22 2336 149.180 -34.620 3.0 2.5 MW CAN
1981 11 26 0547 149.120 -34.070 42.0 2.7 MW CAN
1981 12 12 1310 149.010 -34.800 12.0 2.5 MW CAN
1981 12 20 1418 148.850 -34.550 0.0 2.4 MW CAN
1981 12 22 1706 149.300 -34.680 0.0 2.6 MW CAN
1981 12 24 1211 149.310 -34.820 0.0 2.6 MW CAN
1981 12 27 1700 149.070 -35.020 11.0 2.3 MW CAN
1981 12 28 0423 149.190 -34.880 0.0 2.3 MW CAN
1981 12 30 0341 148.800 -34.580 11.0 2.6 MW CAN
1982 01 06 0111 149.150 -34.740 0.0 2.1 MW CAN
1982 01 08 1755 148.810 -34.600 0.0 2.2 MW CAN
1982 01 17 1525 149.250 -35.180 0.0 2.3 MW CAN
1982 01 18 1420 149.790 -34.680 0.0 2.6 MW CAN
1982 01 28 1644 149.050 -34.610 0.0 1.9 MW CAN
1982 02 13 0442 149.150 -34.740 0.0 2.5 MW CAN
1982 02 13 0814 148.300 -34.360 5.0 2.7 MW CAN
1982 02 21 1446 149.310 -35.010 0.0 2.1 MW CAN
1982 02 21 1708 149.510 -34.740 0.0 2.1 MW CAN
1982 03 13 1615 149.340 -34.980 0.0 2.3 MW CAN
1982 03 19 0406 148.750 -34.080 15.0 2.9 MW CAN
1982 03 26 1236 149.500 -34.760 10.0 2.0 MW CAN
1982 04 04 1455 149.150 -34.820 0.0 2.2 MW CAN
1982 04 06 0959 149.190 -34.610 0.0 2.2 MW CAN
1982 04 09 1528 149.510 -34.750 12.0 2.0 MW CAN
1982 04 26 0646 149.310 -34.870 23.0 2.3 MW CAN
1982 05 05 2210 149.070 -34.550 13.0 2.7 MW CAN
1982 05 08 0058 148.910 -34.650 15.0 2.8 MW CAN
1982 05 10 1833 148.790 -34.210 0.0 2.7 MW CAN
1982 05 12 0805 148.670 -34.310 0.0 2.4 MW CAN
1982 05 30 0329 148.900 -34.700 0.0 2.9 MW CAN
1982 05 31 1417 149.400 -34.840 0.0 2.0 MW CAN
1982 06 11 2041 148.330 -34.220 21.0 2.8 MW CAN
1982 06 19 0625 149.340 -34.860 0.0 2.6 MW CAN
1982 06 20 0651 149.110 -34.190 0.0 2.6 MW CAN
1982 06 28 1640 149.570 -34.840 19.0 2.3 MW CAN
1982 06 29 1716 149.110 -34.190 0.0 2.5 MW CAN
1982 07 19 1417 149.150 -34.780 0.0 2.2 MW CAN
1982 07 25 1952 148.950 -34.700 0.0 2.6 MW CAN
1982 07 30 2317 149.370 -34.920 15.0 2.9 MW CAN
1982 08 13 1226 149.210 -34.750 17.0 2.9 MW CAN
1982 08 15 2255 148.640 -34.600 0.0 2.4 MW CAN
1982 09 07 1758 149.490 -34.960 14.0 1.9 MW CAN
1982 09 11 2352 149.200 -34.740 0.0 2.0 MW CAN
1982 09 12 0641 148.910 -34.730 0.0 2.2 MW CAN
1982 09 12 2205 149.340 -34.730 0.0 2.1 MW CAN
1982 10 09 0434 149.300 -34.730 0.0 2.4 MW CAN
1982 10 09 1131 149.350 -34.600 0.0 2.6 MW CAN
1982 10 12 1326 148.740 -34.650 14.0 2.9 MW CAN
1982 10 25 2327 149.330 -34.700 0.0 2.1 MW CAN
1982 11 08 0132 149.080 -34.180 15.0 2.9 MW CAN
1982 11 08 0205 149.200 -34.750 0.0 2.5 MW CAN
1982 11 19 2250 149.480 -34.940 12.0 2.0 MW CAN
1982 11 25 2345 148.850 -34.310 8.0 2.7 MW CAN
1982 12 07 0358 148.920 -34.720 29.0 2.6 MW CAN
1982 12 13 1455 149.220 -34.740 15.0 2.9 MW CAN
1982 12 21 1124 148.700 -34.850 0.0 2.5 MW CAN
1983 01 01 0921 149.140 -34.770 0.0 2.5 MW CAN
1983 01 01 2151 149.360 -35.010 0.0 2.2 MW CAN
1983 01 06 1226 149.260 -34.560 15.0 2.6 MW CAN
1983 01 10 1113 148.840 -34.260 18.0 2.5 MW CAN
1983 01 23 1337 149.360 -34.980 7.0 2.3 MW CAN
1983 01 27 2246 148.210 -33.870 19.0 2.7 MW CAN
1983 01 31 0516 149.190 -34.820 0.0 2.6 MW CAN
1983 02 01 0044 149.440 -34.660 0.0 2.3 MW CAN
1983 02 11 0825 149.350 -35.000 10.0 2.4 MW CAN
1983 02 26 1905 149.170 -34.770 0.0 2.2 MW CAN
1983 02 28 1910 149.140 -34.550 0.0 2.2 MW CAN
1983 03 02 1310 149.220 -34.770 0.0 2.3 MW CAN
1983 03 05 0404 149.370 -34.650 0.0 2.3 MW CAN
1983 03 14 0900 149.500 -34.650 16.0 1.9 MW CAN
1983 04 02 1228 148.230 -34.380 17.0 2.7 MW CAN
1983 04 02 2358 149.660 -34.830 0.0 2.7 MW CAN
1983 04 03 0959 148.650 -34.590 15.0 2.7 MW CAN
1983 04 11 2348 149.250 -34.360 0.0 2.4 MW CAN
1983 04 12 0716 149.140 -34.760 0.0 2.3 MW CAN
1983 04 14 1214 148.810 -34.520 10.0 2.8 MW CAN
1983 04 17 0848 149.180 -34.740 0.0 2.5 MW CAN
1983 04 19 0247 149.400 -34.950 0.0 1.9 MW CAN
1983 05 06 0323 149.170 -34.720 0.0 2.2 MW CAN
1983 05 11 1834 149.170 -34.680 0.0 2.0 MW CAN
1983 05 13 0353 148.670 -34.830 0.0 2.6 MW CAN
1983 05 14 0021 148.580 -34.300 0.0 2.6 MW CAN
1983 05 19 2136 148.630 -34.580 16.0 2.9 MW CAN
1983 05 26 1245 149.170 -34.680 0.0 2.2 MW CAN
1983 05 29 1533 149.170 -34.680 0.0 2.2 MW CAN
1983 06 07 0704 148.840 -34.510 14.0 2.9 MW CAN
1983 06 15 1644 149.230 -34.200 15.0 2.9 MW CAN
1983 06 18 0050 149.180 -34.730 0.0 2.9 MW CAN
1983 06 23 0251 148.980 -34.990 0.0 2.5 MW CAN
1983 07 03 1156 149.220 -34.600 5.0 2.2 MW CAN
1983 07 07 1251 148.640 -34.580 0.0 2.3 MW CAN
1983 07 08 1115 148.980 -34.250 0.0 2.7 MW CAN
1983 07 09 2257 149.520 -34.310 21.0 2.9 MW CAN
1983 07 18 0917 149.330 -34.890 0.0 2.4 MW CAN
1983 07 19 0604 149.220 -34.140 0.0 2.5 MW CAN
1983 07 26 0352 149.130 -34.250 19.0 2.4 MW CAN
1983 07 27 1108 148.440 -34.360 13.0 2.8 MW CAN
1983 07 30 0817 149.170 -34.740 0.0 2.8 MW CAN
1983 08 11 0831 149.220 -34.590 0.0 2.2 MW CAN
1983 08 13 0821 149.590 -35.020 21.0 2.2 MW CAN
1983 08 13 0921 148.540 -34.410 2.0 2.4 MW CAN
1983 08 13 2126 148.690 -34.300 0.0 2.5 MW CAN
1983 08 23 0808 149.200 -34.770 0.0 2.5 MW CAN
1983 08 28 2148 149.490 -34.930 10.0 2.4 MW CAN
1983 08 30 1250 149.180 -34.740 0.0 2.3 MW CAN
1983 09 05 1354 149.170 -34.750 0.0 2.6 MW CAN
1983 10 07 1526 149.260 -35.140 13.0 2.3 MW CAN
1983 10 13 0630 149.250 -35.140 0.0 2.3 MW CAN
1983 10 14 0200 148.810 -34.470 0.0 2.9 MW CAN
1983 10 17 1513 149.440 -34.670 9.0 2.2 MW CAN
1983 10 22 1137 149.280 -34.650 15.0 2.7 MW CAN
1983 10 29 1820 149.160 -34.760 0.0 2.7 MW CAN
1983 11 15 1638 149.350 -34.880 0.0 2.3 MW CAN
1983 11 17 1631 149.220 -34.770 0.0 2.2 MW CAN
1983 11 18 1436 149.340 -34.890 0.0 2.4 MW CAN
1983 11 20 1959 149.330 -34.890 0.0 2.4 MW CAN
1983 12 02 0105 148.910 -34.560 8.0 2.7 MW CAN
1983 12 04 0449 149.170 -34.750 11.0 2.9 MW CAN
1983 12 12 1655 149.410 -34.960 0.0 2.2 MW CAN
1983 12 23 0359 149.170 -34.740 0.0 2.3 MW CAN
1983 12 23 1806 149.290 -34.620 14.0 2.7 MW CAN
1984 01 11 2025 149.330 -34.880 0.0 2.6 MW CAN
1984 01 13 1252 148.270 -34.410 17.0 2.9 MW CAN
1984 01 14 1102 149.330 -34.900 0.0 2.7 MW CAN
1984 01 22 0959 148.740 -34.510 0.0 2.1 MW CAN
1984 01 24 2130 149.350 -34.850 0.0 2.5 MW CAN
1984 02 25 0435 149.220 -34.720 0.0 2.1 MW CAN
1984 02 29 1704 149.310 -34.980 5.0 2.1 MW CAN
1984 03 04 0539 148.240 -34.160 12.0 2.8 MW CAN
1984 03 10 1450 149.450 -34.890 10.0 2.6 MW CAN
1984 04 12 1234 149.250 -35.140 0.0 2.7 MW CAN
1984 04 14 1411 149.600 -34.420 14.0 2.6 MW CAN
1984 05 03 0948 149.170 -34.750 14.0 2.5 MW CAN
1984 05 27 1354 148.900 -34.180 14.0 2.4 MW CAN
1984 05 30 1038 148.970 -34.580 20.0 2.8 MW CAN
1984 06 09 0900 148.870 -34.540 11.0 2.7 MW CAN
1984 06 20 1940 149.410 -34.740 13.0 2.5 MW CAN
1984 06 21 2306 149.230 -34.630 12.0 2.5 MW CAN
1984 07 12 0545 148.290 -34.340 14.0 2.7 MW CAN
1984 07 20 2118 149.330 -34.600 0.0 2.9 MW CAN
1984 07 26 0805 149.360 -34.830 0.0 2.7 MW CAN
1984 08 14 1528 148.220 -34.340 15.0 2.7 MW CAN
1984 08 25 1107 148.290 -34.310 8.0 2.9 MW CAN
1984 09 10 1558 149.520 -34.660 18.0 2.7 MW CAN
1984 10 18 0905 148.200 -34.630 14.0 2.5 MW CAN
1984 10 21 1816 149.217 -34.617 10.0 2.5 MW CAN
1984 10 28 1751 149.140 -34.180 12.0 2.5 MW CAN
1984 11 03 1857 148.140 -34.490 12.0 2.3 MW CAN
1984 11 15 0329 148.810 -34.620 14.0 2.3 MW CAN
1984 11 28 0705 149.540 -34.300 17.0 2.3 MW CAN
1984 12 01 1236 149.170 -34.260 0.0 2.2 MW CAN
1984 12 04 0055 148.850 -34.880 0.0 2.5 MW CAN
1984 12 05 0208 148.740 -34.360 17.0 2.5 MW CAN
1984 12 05 0957 149.160 -34.140 0.0 2.5 MW CAN
1984 12 07 0559 149.160 -34.140 0.0 2.6 MW CAN
1984 12 16 0147 148.750 -34.300 0.0 2.2 MW CAN
1984 12 16 1921 149.330 -34.680 0.0 2.2 MW CAN
1984 12 23 0447 149.230 -34.560 0.0 2.5 MW CAN
1984 12 23 1902 149.020 -34.800 0.0 2.4 MW CAN
1984 12 24 1421 149.170 -34.800 0.0 2.7 MW CAN
1985 01 03 0927 148.840 -34.240 10.0 2.7 MW CAN
1985 01 09 1109 149.270 -34.640 17.0 2.8 MW CAN
1985 01 11 0031 148.570 -34.300 15.0 2.9 MW CAN
1985 01 15 0831 149.120 -34.200 16.0 2.7 MW CAN
1985 01 16 1207 149.110 -34.230 20.0 2.7 MW CAN
1985 02 07 1127 149.300 -34.530 15.0 2.2 MW CAN
1985 02 10 1522 148.540 -34.620 0.0 2.2 MW CAN
1985 02 12 1829 149.200 -34.800 0.0 2.4 MW CAN
1985 02 14 0052 149.300 -34.690 13.0 2.2 MW CAN
1985 02 25 1443 149.170 -34.780 0.0 2.9 MW CAN
1985 03 07 1322 148.810 -34.030 0.0 2.3 MW CAN
1985 03 17 1539 149.170 -34.780 0.0 2.1 MW CAN
1985 03 20 1328 149.360 -34.830 0.0 2.0 MW CAN
1985 03 27 0439 149.300 -34.670 0.0 2.3 MW CAN
1985 04 14 0756 149.140 -34.800 0.0 2.4 MW CAN
1985 04 16 1658 148.950 -34.940 0.0 2.0 MW CAN
1985 04 18 0328 149.210 -34.830 14.0 2.7 MW CAN
1985 04 18 1212 149.300 -34.680 0.0 2.3 MW CAN
1985 04 20 1649 149.120 -34.230 24.0 2.2 MW CAN
1985 04 23 0120 149.290 -34.690 0.0 2.1 MW CAN
1985 04 24 1133 148.680 -34.340 6.0 2.3 MW CAN
1985 04 24 1256 148.600 -34.570 0.0 2.2 MW CAN
1985 04 26 1451 149.240 -34.570 0.0 2.3 MW CAN
1985 05 02 1227 149.330 -34.860 0.0 2.0 MW CAN
1985 05 07 2203 149.170 -34.780 0.0 1.9 MW CAN
1985 05 22 1854 148.970 -34.310 5.0 2.6 MW CAN
1985 05 26 1927 149.170 -34.780 0.0 2.1 MW CAN
1985 05 29 1532 149.200 -34.780 19.0 2.5 MW CAN
1985 06 01 2009 149.200 -34.770 0.0 2.9 MW CAN
1985 06 04 0333 149.340 -34.940 0.0 2.9 MW CAN
1985 06 04 0426 148.900 -34.760 33.0 2.7 MW CAN
1985 06 05 1515 148.710 -34.310 0.0 2.2 MW CAN
1985 06 06 1319 149.230 -34.570 0.0 2.1 MW CAN
1985 06 10 0012 149.180 -34.720 0.0 2.8 MW CAN
1985 06 16 0122 149.360 -34.920 0.0 2.5 MW CAN
1985 06 16 0558 149.170 -34.730 12.0 2.3 MW CAN
1985 06 27 0105 149.200 -34.780 0.0 2.0 MW CAN
1985 06 28 2136 148.920 -34.940 0.0 2.0 MW CAN
1985 07 04 0422 149.230 -34.140 0.0 2.2 MW CAN
1985 07 04 1438 149.350 -34.930 0.0 1.9 MW CAN
1985 07 05 0817 149.190 -34.750 0.0 2.1 MW CAN
1985 07 05 1009 149.170 -34.760 8.0 2.1 MW CAN
1985 07 07 1637 149.230 -34.780 10.0 2.2 MW CAN
1985 07 10 0720 149.250 -34.790 2.0 2.6 MW CAN
1985 07 16 0955 149.110 -34.950 15.0 2.4 MW CAN
1985 07 19 1153 148.960 -34.990 0.0 2.3 MW CAN
1985 07 21 1414 149.200 -34.780 0.0 2.3 MW CAN
1985 07 23 0218 149.060 -34.600 0.0 2.3 MW CAN
1985 07 28 1032 149.170 -34.760 0.0 2.2 MW CAN
1985 08 02 0323 149.130 -34.180 18.0 2.3 MW CAN
1985 08 09 1105 149.210 -34.610 5.0 2.6 MW CAN
1985 08 09 1723 149.240 -34.740 0.0 2.1 MW CAN
1985 08 12 1008 149.190 -34.760 0.0 2.2 MW CAN
1985 08 18 1643 149.260 -34.570 12.0 2.5 MW CAN
1985 08 18 2339 149.170 -34.750 7.0 2.1 MW CAN
1985 08 28 2335 148.340 -34.410 13.0 2.4 MW CAN
1985 09 28 2019 149.190 -34.760 0.0 2.0 MW CAN
1985 10 06 0455 149.290 -34.650 5.0 2.5 MW CAN
1985 10 10 1458 149.250 -34.580 19.0 2.5 MW CAN
1985 10 27 1245 149.530 -34.780 18.0 1.9 MW CAN
1985 10 27 1403 149.100 -34.590 16.0 2.5 MW CAN
1985 11 24 0258 149.224 -34.777 0.0 2.5 MW BMR
1985 12 01 1139 148.070 -34.210 0.0 2.3 MW CAN
1985 12 02 0427 148.870 -33.940 0.0 1.9 MW CAN
1985 12 03 1958 149.200 -34.780 0.0 2.0 MW CAN
1985 12 04 2318 149.700 -34.810 24.0 2.7 MW CAN
1985 12 06 0435 149.150 -34.770 0.0 2.1 MW CAN
1985 12 13 1918 148.770 -34.030 18.0 2.4 MW CAN
1985 12 15 1854 148.220 -34.200 0.0 2.1 MW CAN
1985 12 22 1953 148.930 -34.230 13.0 2.2 MW CAN
1985 12 23 1443 148.150 -34.200 0.0 2.3 MW CAN
1985 12 25 1546 149.360 -35.210 0.0 1.9 MW CAN
1985 12 26 1612 149.180 -34.780 4.0 2.3 MW CAN
1985 12 28 0235 148.980 -34.260 0.0 2.0 MW CAN
1986 01 01 2343 148.610 -34.620 15.0 2.7 MW CAN
1986 01 02 1116 149.510 -34.750 14.0 2.0 MW CAN
1986 01 09 1347 148.930 -34.220 5.0 2.5 MW CAN
1986 01 22 0945 149.180 -34.760 0.0 1.9 MW BMR
1986 01 28 2304 148.980 -34.190 0.0 2.2 MW CAN
1986 02 05 0909 149.170 -34.760 0.0 2.0 MW BMR
1986 02 07 1308 149.780 -34.550 32.0 2.0 MW CAN
1986 02 17 2047 149.170 -34.770 2.0 2.0 MW BMR
1986 03 01 0407 149.160 -34.772 0.0 1.9 MW BMR
1986 03 03 0318 149.175 -34.769 0.0 2.2 MW BMR
1986 03 07 1859 149.170 -34.800 10.0 2.6 MW CAN
1986 03 15 0626 148.910 -34.780 11.0 2.4 MW CAN
1986 03 29 0909 148.220 -34.030 0.0 2.5 MW CAN
1986 04 01 1210 149.175 -34.795 0.0 2.8 MW BMR
1986 04 04 1231 149.280 -34.580 0.0 2.1 MW CAN
1986 04 06 0639 148.270 -34.440 0.0 2.5 MW CAN
1986 04 06 1551 148.310 -34.010 1.0 2.7 MW CAN
1986 04 18 1315 148.140 -34.570 10.0 2.7 MW CAN
1986 04 19 1254 148.760 -34.300 15.0 2.8 MW CAN
1986 04 21 1440 148.870 -34.110 7.0 2.3 MW CAN
1986 04 26 1411 149.199 -34.793 0.0 2.0 MW BMR
1986 05 04 2252 148.890 -34.300 15.0 2.7 MW CAN
1986 05 09 1522 148.760 -34.140 6.0 2.7 MW CAN
1986 05 09 2125 149.280 -34.660 0.0 2.2 MW CAN
1986 05 10 1725 149.170 -34.762 4.0 1.7 MW BMR
1986 05 17 2244 149.198 -34.769 0.0 2.0 MW BMR
1986 05 20 1235 148.260 -34.400 11.0 2.4 MW CAN
1986 05 23 0624 148.630 -34.470 21.0 2.8 MW CAN
1986 06 01 1047 148.790 -34.030 2.0 2.3 MW CAN
1986 06 06 2052 149.208 -34.764 0.0 1.9 MW BMR
1986 06 10 1824 149.258 -34.660 0.0 2.5 MW BMR
1986 06 17 0705 149.060 -35.030 0.0 2.2 MW CAN
1986 06 21 1046 149.730 -34.600 8.0 2.4 MW CAN
1986 06 23 1620 148.800 -34.650 0.0 2.1 MW CAN
1986 06 23 2313 149.270 -34.430 8.0 2.2 MW CAN
1986 06 24 0055 149.270 -34.470 0.0 2.4 MW CAN
1986 06 24 0248 149.070 -35.040 0.0 2.1 MW CAN
1986 06 24 0629 149.180 -34.780 0.0 2.1 MW CAN
1986 06 25 0337 149.190 -34.740 0.0 2.2 MW CAN
1986 06 28 0053 149.100 -35.030 0.0 2.2 MW CAN
1986 07 01 0839 149.185 -34.768 0.0 1.9 MW BMR
1986 07 05 0820 149.198 -34.759 0.0 2.0 MW BMR
1986 07 05 1722 148.930 -34.210 11.0 2.5 MW CAN
1986 07 07 1451 149.190 -34.780 1.0 2.5 MW CAN
1986 07 18 0328 149.165 -34.786 3.0 2.6 MW BMR
1986 07 22 1107 149.840 -34.800 16.0 2.9 MW CAN
1986 07 29 1442 149.162 -34.780 4.0 2.9 MW BMR
1986 08 04 0058 149.210 -34.600 14.0 2.9 MW CAN
1986 08 04 1845 149.180 -34.780 0.0 2.5 MW CAN
1986 08 13 0319 149.210 -34.760 3.0 2.4 MW CAN
1986 08 23 1912 148.310 -34.400 5.0 2.4 MW CAN
1986 08 25 0331 149.140 -34.470 21.0 2.7 MW CAN
1986 08 25 1927 149.210 -34.830 0.0 2.4 MW CAN
1986 08 28 0331 148.900 -34.640 0.0 2.3 MW CAN
1986 09 02 1225 149.230 -34.796 2.0 2.1 MW BMR
1986 09 13 0319 149.240 -34.600 0.0 2.1 MW CAN
1986 09 23 0406 149.200 -34.780 0.0 2.0 MW CAN
1986 10 01 2319 149.216 -34.753 1.0 2.2 MW BMR
1986 10 11 0048 149.200 -34.735 0.0 2.1 MW BMR
1986 10 12 0118 149.200 -34.800 0.0 2.2 MW CAN
1986 10 19 1457 149.223 -34.742 0.0 1.9 MW BMR
1986 10 26 1249 149.151 -34.783 4.0 2.2 MW BMR
1986 10 28 1243 149.050 -34.690 19.0 2.5 MW CAN
1986 10 29 0330 148.340 -34.400 0.0 1.9 MW CAN
1986 10 30 1715 148.850 -34.000 16.0 2.3 MW CAN
1986 11 06 0528 149.010 -34.160 0.0 2.4 MW CAN
1986 11 08 0450 149.260 -34.160 7.0 2.5 MW CAN
1986 11 08 2311 149.350 -34.970 3.0 2.8 MW CAN
1986 11 09 0327 149.100 -34.570 10.0 2.5 MW CAN
1986 11 10 0246 149.200 -34.650 0.0 2.1 MW CAN
1986 11 23 1341 149.560 -35.070 14.0 2.6 MW CAN
1986 12 02 2222 149.227 -34.743 4.0 2.4 MW BMR
1986 12 04 0608 149.193 -34.794 3.0 2.4 MW BMR
1986 12 08 0843 149.155 -34.782 0.0 2.5 MW BMR
1986 12 10 1725 148.950 -34.700 26.0 1.9 MW CAN
1986 12 12 0034 148.960 -35.030 0.0 2.3 MW CAN
1986 12 17 1253 149.520 -34.840 15.0 2.4 MW CAN
1986 12 23 1636 149.030 -34.450 0.0 2.2 MW CAN
1986 12 25 1618 149.110 -34.200 11.0 2.9 MW CAN
1986 12 31 1138 148.910 -34.720 0.0 2.0 MW CAN
1987 02 26 0838 149.186 -34.817 0.0 2.2 MW BMR
1987 03 09 1814 148.870 -34.970 0.0 2.0 MW CAN
1987 03 13 1507 148.680 -34.310 16.0 2.2 MW CAN
1987 03 21 1243 148.080 -34.460 9.0 2.2 MW CAN
1987 03 22 1609 149.180 -34.660 0.0 2.1 MW CAN
1987 04 13 0119 148.690 -34.380 0.0 2.5 MW CAN
1987 04 25 2118 149.480 -34.790 1.0 2.1 MW CAN
1987 04 27 2033 149.250 -34.930 0.0 2.0 MW CAN
1987 05 28 1900 148.860 -34.030 27.0 2.3 MW CAN
1987 05 28 2145 148.600 -34.580 12.0 2.5 MW CAN
1987 06 05 0715 149.520 -34.930 13.0 2.3 MW CAN
1987 06 09 1641 148.720 -34.810 11.0 1.9 MW CAN
1987 06 10 2300 148.870 -34.280 0.0 2.5 MW CAN
1987 06 14 0335 149.370 -34.990 0.0 2.2 MW CAN
1987 06 18 2135 148.860 -34.310 1.0 2.5 MW CAN
1987 06 20 1836 148.880 -34.280 1.0 2.6 MW CAN
1987 07 12 0004 148.870 -34.000 0.0 2.2 MW CAN
1987 07 12 1128 149.340 -34.910 0.0 2.0 MW CAN
1987 07 18 2236 148.760 -34.310 1.0 2.1 MW CAN
1987 07 21 1906 149.260 -34.580 0.0 2.1 MW CAN
1987 07 23 1128 149.480 -34.940 15.0 2.0 MW CAN
1987 07 24 2345 149.240 -34.580 0.0 2.1 MW CAN
1987 08 05 1842 148.920 -34.690 1.0 1.9 MW CAN
1987 08 10 2326 149.140 -35.030 1.0 2.1 MW CAN
1987 08 17 0643 148.910 -34.690 1.0 2.4 MW CAN
1987 08 18 0347 149.100 -35.020 0.0 1.9 MW CAN
1987 08 28 1416 148.760 -34.250 0.0 2.2 MW CAN
1987 09 24 1836 149.010 -35.030 1.0 2.5 MW CAN
1987 09 27 1651 148.840 -34.260 0.0 2.3 MW CAN
1987 09 28 1818 149.080 -34.870 1.0 2.0 MW CAN
1987 10 05 0127 148.370 -34.270 15.0 2.5 MW CAN
1987 10 19 0629 149.340 -34.900 5.0 2.9 MW CAN
1987 10 26 1028 148.950 -34.490 1.0 2.2 MW CAN
1987 11 03 1337 148.170 -34.590 14.0 2.4 MW CAN
1987 11 18 1033 148.810 -34.320 4.0 2.5 MW CAN
1987 11 22 1511 149.540 -34.330 18.0 2.9 MW CAN
1987 12 05 0139 149.070 -34.580 17.0 2.6 MW CAN
1987 12 14 2110 148.900 -34.140 13.0 2.3 MW CAN
1988 01 01 1336 149.180 -34.760 1.0 2.6 MW CAN
1988 01 01 1836 148.750 -34.280 13.0 2.9 MW CAN
1988 01 12 1815 148.720 -34.280 14.0 2.5 MW CAN
1988 01 17 1531 149.770 -34.920 23.0 2.4 MW CAN
1988 01 17 2145 149.500 -34.770 21.0 2.1 MW CAN
1988 02 02 1007 148.300 -34.250 0.0 1.9 MW CAN
1988 02 06 1204 148.690 -34.280 7.0 2.3 MW CAN
1988 02 11 0821 149.660 -34.810 18.0 2.1 MW CAN
1988 02 17 0211 148.890 -33.970 34.0 2.4 MW CAN
1988 02 21 0106 149.030 -34.890 1.0 2.2 MW CAN
1988 02 21 1931 149.220 -34.640 1.0 2.3 MW CAN
1988 05 16 1152 149.140 -34.190 12.0 2.9 MW CAN
1988 06 07 0721 149.350 -34.880 6.0 2.5 MW CAN
1988 06 18 1159 148.980 -35.030 1.0 2.1 MW CAN
1988 10 27 1128 149.270 -34.670 0.0 2.6 MW CAN
1988 11 29 1221 149.431 -35.265 14.0 2.8 MW BMR
1988 12 10 1811 149.198 -34.773 1.0 2.6 MW BMR
1988 12 25 1353 149.262 -34.703 1.0 2.3 MW BMR
1989 01 17 0216 149.172 -34.771 4.0 2.3 MW BMR
1989 01 26 1022 148.739 -34.440 0.0 2.5 MW CAN
1989 02 07 1040 148.641 -34.802 8.0 2.6 MW BMR
1989 02 10 1404 148.869 -34.367 5.0 2.1 MW BMR
1989 02 20 1025 149.001 -34.338 5.0 2.7 MW BMR
1989 03 03 1704 148.898 -34.658 11.0 2.6 MW BMR
1989 05 23 0519 148.956 -34.226 5.0 2.5 MW BMR
1989 07 09 0657 149.180 -34.750 5.0 2.5 MW CAN
1989 07 23 1953 149.210 -34.740 0.0 2.5 MW CAN
1989 07 25 1103 148.280 -34.350 0.0 2.5 MW CAN
1989 08 03 0013 149.185 -34.743 5.0 2.9 MW BMR
1989 09 15 0632 148.750 -34.300 0.0 2.5 MW CAN
1989 09 21 1642 149.190 -34.740 0.0 2.7 MW CAN
1989 09 21 1828 148.980 -34.200 0.0 2.7 MW CAN
1989 09 26 1236 148.300 -34.300 0.0 2.8 MW CAN
1989 10 30 1447 148.930 -34.510 0.0 2.5 MW CAN
1989 11 02 0458 149.250 -34.590 0.0 2.7 MW CAN
1989 11 10 1203 149.320 -34.660 0.0 2.7 MW CAN
1989 11 22 1916 149.250 -34.590 0.0 2.6 MW CAN
1989 12 24 1425 149.330 -34.680 0.0 2.8 MW CAN
1990 01 26 0741 148.620 -34.200 0.0 2.5 MW CAN
1990 03 27 1845 149.193 -34.746 3.6 2.9 MW MEL
1990 06 02 0906 149.180 -34.500 0.0 2.9 MW CAN
1990 07 29 1734 148.980 -34.950 10.0 2.2 MW AGSO
1991 07 18 1114 148.262 -34.649 11.4 2.7 MW MEL
1991 09 10 1924 149.248 -34.894 3.6 2.6 MW MEL
1991 10 05 1039 149.207 -34.472 3.6 2.6 MW MEL
1991 11 28 1111 149.245 -34.770 16.1 2.9 MW MEL
1991 12 11 1211 149.155 -34.732 3.6 2.7 MW MEL
1992 02 04 1110 149.247 -34.688 3.6 2.6 MW MEL
1992 02 07 0824 148.909 -34.632 0.0 2.6 MW MEL
1992 03 20 1554 148.417 -33.950 10.0 2.9 MW MEL
1992 04 05 0024 148.643 -34.467 1.0 2.6 MW MEL
1992 08 02 2154 149.170 -34.733 3.6 2.6 MW MEL
1992 08 27 1253 149.250 -34.878 3.7 2.5 MW MEL
1992 10 01 1808 149.739 -34.556 3.6 2.3 MW MEL
1992 10 04 0438 149.160 -34.170 4.9 2.6 MW MEL
1992 10 27 0508 149.179 -34.768 5.0 2.9 MW MEL
1993 03 04 1440 148.985 -34.285 3.6 2.5 MW MEL
1993 05 02 0636 149.278 -34.684 3.5 2.5 MW MEL
1993 05 29 0716 149.033 -35.009 3.7 2.3 MW MEL
1993 06 12 2111 148.682 -34.260 2.0 2.9 MW MEL
1993 06 18 0039 149.398 -35.089 3.0 2.7 MW MEL
1993 07 04 1225 149.339 -34.914 4.0 2.5 MW MEL
1993 07 17 0415 148.643 -34.471 0.2 2.7 MW MEL
1993 08 12 1521 149.300 -35.175 3.6 2.1 MW MEL
1993 08 18 1110 149.299 -34.632 3.6 2.9 MW MEL
1993 08 29 1520 149.322 -35.001 3.7 2.2 MW MEL
1993 08 30 1255 149.175 -34.737 5.3 2.5 MW MEL
1993 09 05 1406 149.167 -34.758 3.7 2.4 MW MEL
1993 09 11 1938 149.270 -34.674 5.1 2.6 MW MEL
1993 09 27 0937 149.164 -34.755 3.6 2.8 MW MEL
1993 10 10 1606 149.174 -34.505 18.7 2.7 MW MEL
1993 10 19 1726 148.995 -34.141 11.2 2.1 MW MEL
1993 11 30 0458 148.857 -33.939 10.0 2.4 MW MEL
1994 01 04 0257 149.170 -34.755 2.3 2.1 MW MEL
1994 03 25 0100 149.162 -34.763 4.2 2.5 MW MEL
1994 04 01 0420 149.151 -34.551 9.0 2.0 MW AGSO
1994 04 19 1823 149.241 -34.592 2.9 2.5 MW MEL
1994 04 20 0723 149.230 -34.573 5.9 2.5 MW MEL
1994 04 21 2129 149.250 -34.865 0.0 2.1 MW AGSO
1994 04 29 0749 149.225 -34.579 4.7 2.7 MW MEL
1994 05 12 0515 148.290 -33.912 5.5 2.7 MW MEL
1994 06 05 0924 149.171 -34.756 5.0 2.0 MW AGSO
1994 07 02 0227 149.271 -34.896 4.4 2.6 MW MEL
1994 08 18 2248 149.248 -34.468 2.9 2.1 MW MEL
1994 10 02 2006 149.494 -34.632 4.0 2.1 MW MEL
1994 10 15 1210 149.227 -34.579 2.0 2.7 MW MEL
1994 11 20 0109 149.188 -34.741 5.0 2.2 MW AGSO
1994 11 30 2252 149.160 -34.742 4.0 2.0 MW AGSO
1994 12 01 1228 149.203 -34.760 0.0 2.4 MW AGSO
1995 02 03 2202 149.633 -35.155 3.9 2.2 MW MEL
1995 03 01 1453 148.749 -34.310 5.7 2.6 MW MEL
1995 03 04 1319 149.428 -34.797 11.0 1.9 MW AGSO
1995 03 17 1910 149.274 -34.612 0.5 2.6 MW MEL
1995 03 20 2137 149.286 -34.635 3.3 2.6 MW MEL
1995 03 23 1931 149.498 -35.090 10.1 2.2 MW MEL
1995 03 30 0715 149.281 -34.663 0.0 2.0 MW AGSO
1995 04 17 0522 149.200 -34.751 3.2 2.5 MW MEL
1995 04 24 0843 148.751 -34.286 0.2 2.7 MW MEL
1995 04 26 0253 149.257 -34.924 0.0 1.9 MW AGSO
1995 05 03 1856 149.472 -35.218 1.0 1.9 MW AUST
1995 06 03 1856 149.490 -35.250 6.0 1.9 MW CAN
1995 06 07 1030 149.110 -34.200 0.0 2.1 MW CAN
1995 07 28 0918 148.840 -34.020 18.0 2.1 MW CAN
1995 07 29 1343 148.735 -34.283 2.8 2.9 MW MEL
1995 08 10 0451 148.870 -34.470 16.0 1.9 MW CAN
1995 08 11 0308 148.690 -34.390 24.0 2.2 MW CAN
1995 08 13 0350 148.760 -34.830 9.0 2.0 MW CAN
1995 08 13 0355 148.772 -34.104 1.0 2.9 MW MEL
1995 08 14 0152 148.870 -34.490 13.0 2.1 MW CAN
1995 10 10 2226 148.751 -34.837 8.4 2.4 MW MEL
1995 10 11 0852 149.021 -34.692 23.0 1.9 MW AGSO
1995 10 19 0215 148.854 -34.788 11.0 1.9 MW AGSO
1995 10 24 2244 149.260 -34.685 6.5 2.4 MW MEL
1995 11 05 1326 149.186 -34.761 5.3 2.8 MW MEL
1995 11 07 0712 149.197 -34.756 2.6 2.8 MW MEL
1995 11 16 0659 149.401 -34.820 3.0 2.2 MW MEL
1995 11 28 1555 148.837 -34.026 10.0 1.8 MW MEL
1995 12 03 2007 149.201 -34.803 1.5 2.6 MW MEL
1996 01 05 0330 148.278 -33.835 0.2 2.5 MW MEL
1996 01 12 1734 148.680 -34.515 0.0 2.3 MW AGSO
1996 01 17 2110 148.299 -34.376 4.8 2.4 MW MEL
1996 02 29 1950 148.847 -33.935 18.8 2.6 MW MEL
1996 03 12 1701 148.946 -34.904 10.0 1.9 MW MEL
1996 05 09 1016 149.151 -34.764 0.8 2.1 MW MEL
1996 05 13 1403 148.763 -34.321 3.6 2.9 MW MEL
1996 05 18 0153 148.960 -34.523 0.0 2.4 MW MEL
1996 05 18 1031 148.825 -34.798 16.3 2.1 MW MEL
1996 05 28 1757 148.722 -34.407 2.0 2.0 MW AGSO
1996 06 11 2240 149.259 -34.682 8.5 2.3 MW MEL
1996 07 02 0138 149.198 -34.807 0.0 2.1 MW AGSO
1996 07 29 1501 149.187 -34.763 0.0 2.5 MW MEL
1996 08 17 0135 148.380 -34.479 11.0 2.7 MW MEL
1996 10 09 1323 149.172 -34.751 5.0 2.5 MW MEL
1996 10 22 1506 148.689 -34.410 3.0 2.7 MW MEL
1996 10 24 0913 148.286 -34.408 0.0 2.9 MW MEL
1996 12 10 0921 149.277 -34.549 10.0 2.5 MW MEL
1997 01 01 1238 149.385 -34.725 0.0 2.4 MW MEL
1997 05 29 1740 149.168 -34.754 0.1 2.8 MW MEL
1997 09 04 2108 149.178 -34.767 10.5 2.8 MW MEL
1997 09 04 2110 149.191 -34.752 2.0 2.8 MW MEL
1997 11 23 0315 148.397 -34.334 0.6 2.8 MW MEL
1997 12 07 0401 148.666 -34.558 2.7 2.6 MW MEL
1997 12 21 0351 148.363 -34.413 0.0 2.1 MW MEL
1998 01 23 1648 149.171 -34.760 3.6 2.6 MW MEL
1998 06 18 1335 149.495 -35.193 10.4 2.2 MW MEL
1998 07 03 2029 149.052 -34.335 3.6 2.5 MW MEL
1998 07 19 0831 149.177 -34.736 3.2 2.9 MW MEL
1998 12 31 0815 148.852 -34.595 14.6 2.9 MW MEL
1999 01 31 1455 148.306 -34.424 10.0 2.3 MW MEL
1999 01 31 2215 148.522 -34.050 10.0 2.5 MW MEL
1999 03 22 2336 149.116 -34.171 16.9 2.9 MW MEL
1999 06 19 2112 149.108 -34.137 4.6 2.3 MW MEL
1999 06 25 1106 149.178 -35.077 10.0 2.1 MW MEL
1999 09 27 0929 149.163 -34.753 3.6 2.8 MW MEL
1999 10 10 0319 148.930 -34.160 0.0 2.3 MW MEL
1999 10 20 0310 149.326 -34.725 9.3 2.5 MW MEL
1999 10 22 0257 148.578 -34.478 3.7 2.4 MW MEL
1999 11 01 0417 149.216 -34.876 3.7 2.6 MW MEL
1999 11 28 0031 148.525 -34.532 3.0 2.3 MW MEL
1999 12 08 0841 148.359 -34.658 3.6 2.2 MW MEL
2000 01 13 1931 149.795 -34.664 7.7 2.9 MW MEL
2000 02 03 1259 148.772 -34.309 3.0 2.4 MW MEL
2000 02 14 1146 149.138 -34.794 3.7 2.2 MW MEL
2000 03 09 2118 149.526 -34.395 11.7 2.9 MW MEL
2000 03 26 1100 148.550 -34.610 2.0 2.2 MW AGSO
2000 04 01 1059 149.300 -34.688 1.5 2.7 MW MEL
2000 04 25 0324 149.016 -35.009 3.6 2.8 MW MEL
2000 07 23 0036 148.977 -34.979 10.0 2.2 MW MEL
2000 07 23 2058 149.163 -34.730 1.0 2.7 MW MEL
2000 10 28 2156 149.203 -34.800 9.5 2.6 MW MEL
2000 11 08 1858 148.716 -34.390 3.0 2.3 MW AUST
2001 01 07 2350 149.243 -34.811 8.5 2.3 MW MEL
2001 02 13 0724 149.166 -34.723 8.5 2.4 MW MEL
2001 02 17 0832 149.191 -34.250 10.0 2.4 MW MEL
2001 03 24 1338 149.062 -34.988 3.6 2.8 MW MEL
2001 07 15 0825 148.405 -34.405 10.0 2.8 MW MEL
2001 08 03 1100 149.591 -34.908 8.0 2.6 MW AUST
2001 08 10 1335 148.660 -34.440 10.0 2.9 MW AGSO
2001 10 05 1244 149.647 -35.183 10.0 2.6 MW AUST
2001 12 25 1850 149.164 -34.731 10.0 2.8 MW MEL
2001 12 27 1523 149.345 -35.163 3.0 2.4 MW MEL
2002 01 14 1028 149.322 -35.165 0.0 2.3 MW AUST
2002 01 17 0335 149.291 -35.197 3.0 2.4 MW MEL
2002 01 18 2311 149.001 -34.850 10.0 2.2 MW MEL
2002 01 23 0900 149.278 -35.174 0.0 2.9 MW AUST
2002 01 29 1601 149.292 -35.172 0.0 2.3 MW AUST
2002 02 02 0707 149.265 -35.189 1.3 2.7 MW AUST
2002 02 10 2122 149.189 -34.529 10.0 2.7 MW MEL
2002 03 13 2152 148.752 -34.327 2.0 2.3 MW AUST
2002 04 01 0411 148.432 -33.826 3.0 2.6 MW AUST
2002 04 12 0941 149.166 -34.748 10.0 2.7 MW MEL
2002 04 17 1805 148.849 -34.270 0.0 2.6 MW AUST
2002 04 18 0051 149.301 -35.167 0.0 2.3 MW AUST
2002 04 20 0213 149.628 -34.777 5.2 2.9 MW AUST
2002 05 08 1646 148.979 -34.311 10.0 2.2 MW MEL
2002 06 02 0355 149.481 -35.297 12.9 2.8 MW MEL
2002 07 27 2021 148.276 -33.875 0.4 2.5 MW AUST
2002 08 19 1112 149.159 -34.571 10.0 2.9 MW MEL
2002 10 06 0852 149.142 -34.757 1.0 2.2 MW AUST
2002 12 02 0630 149.297 -35.182 1.0 2.5 MW AUST
2003 02 14 0621 149.158 -34.768 2.0 2.5 MW AUST
2003 04 15 0209 149.135 -34.696 10.0 2.4 MW MEL
2003 05 28 1250 148.252 -34.405 2.0 2.9 MW AUST
2003 06 05 0742 148.857 -34.254 3.6 2.9 MW MEL
2003 11 09 1954 149.130 -34.810 10.0 2.3 MW AUST
2003 11 21 0459 149.179 -34.485 10.0 2.4 MW MEL
2004 01 01 1133 148.866 -34.883 10.0 2.2 MW MEL
2004 01 10 0534 149.176 -34.744 10.0 2.4 MW MEL
2004 03 27 0545 149.137 -34.770 0.0 2.1 MW AUST
2004 03 27 1814 148.912 -34.869 11.5 2.3 MW AUST
2004 04 12 2012 149.011 -34.720 10.0 2.3 MW MEL
2004 05 30 2246 149.054 -34.992 10.0 2.3 MW MEL
2004 05 30 2247 149.046 -35.025 10.0 2.3 MW MEL
2004 06 16 0429 148.762 -34.246 3.0 2.7 MW MEL
2004 06 20 1311 148.756 -34.263 1.9 2.7 MW MEL
2004 06 26 0024 148.754 -34.259 3.0 2.9 MW MEL
2004 08 29 1402 148.540 -34.624 10.0 2.7 MW MEL
2004 11 09 0007 148.229 -34.560 0.0 2.5 MW AUST
2005 02 22 0922 149.187 -34.782 0.8 2.6 MW MEL
2005 03 04 0430 148.853 -34.043 10.0 2.7 MW AUST
2005 03 08 0500 148.427 -34.328 2.0 2.9 MW AUST
2005 05 16 1221 149.222 -34.495 9.7 2.6 MW MEL
2005 06 16 0401 148.962 -34.161 10.0 2.6 MW MEL
2005 07 04 2021 148.643 -34.469 2.0 2.9 MW MEL
2005 07 31 0855 149.274 -34.807 10.0 2.5 MW MEL
2005 10 15 1609 148.769 -34.850 10.0 2.0 MW MEL
2006 01 31 0106 148.513 -34.794 10.0 2.6 MW MEL
2006 02 04 1653 149.110 -34.286 10.0 2.5 MW MEL
2006 02 20 0134 149.305 -34.816 0.0 2.6 MW MEL
2006 03 30 1215 148.132 -33.859 5.0 2.7 MW MEL
2006 06 03 1201 149.480 -34.162 10.0 2.5 MW MEL
2006 07 24 0643 149.290 -34.686 7.6 2.4 MW MEL
2006 07 30 1022 149.108 -34.843 0.0 2.1 MW AUST
2006 09 12 1509 148.788 -34.905 5.5 2.3 MW AUST
2006 10 05 1150 148.938 -34.732 0.4 2.5 MW AUST
2006 10 18 1318 148.511 -34.491 10.0 2.5 MW AUST
2006 11 11 1217 148.271 -33.927 10.0 2.5 MW MEL
2007 01 20 2235 148.503 -33.895 35.6 2.9 MW MEL
2007 02 08 1832 149.158 -34.803 2.0 2.5 MW AUST
2007 04 14 1518 148.542 -33.989 7.0 2.6 MW AUST
2007 05 02 0236 149.123 -34.769 0.0 2.1 MW AUST
2007 05 21 2237 148.887 -34.262 18.0 2.5 MW AUST
2007 09 13 1103 149.090 -34.705 3.4 2.6 MW MEL
2007 10 25 1342 148.858 -34.687 0.0 2.5 MW AUST
2007 11 21 2336 148.640 -34.753 0.0 2.6 MW AUST
2008 03 31 0504 148.541 -34.691 10.0 1.9 MW MEL
2008 03 31 0857 148.755 -34.816 0.0 2.8 MW AUST
2008 04 20 0256 149.297 -34.678 0.8 2.5 MW AUST
2008 07 15 2256 149.250 -34.893 10.4 2.3 MW AUST
2008 07 16 0056 148.507 -34.796 10.5 2.5 MW AUST
2008 10 18 1851 149.186 -34.744 10.5 2.0 MW MEL
2009 03 06 1552 148.413 -34.381 3.0 2.9 MW AUST
2009 07 26 0740 149.332 -34.824 10.0 2.3 MW MEL
2009 08 26 1615 149.545 -34.977 8.4 2.3 MW AUST
2009 10 18 0150 148.742 -34.200 10.0 2.4 MW MEL
2009 12 20 0922 149.347 -34.712 10.0 2.3 MW MEL
2009 12 26 1211 149.261 -34.777 0.0 1.9 MW MEL
2009 12 26 1251 148.768 -34.416 10.0 1.8 MW MEL
2010 02 15 1125 149.494 -34.792 10.0 2.8 MW MEL
2010 08 25 0107 148.887 -34.228 10.0 2.8 MW AUST
