1841 01 27 2155 151.600 -32.800 10.0 4.3 MW KMcC
1842 10 27 1930 151.600 -32.600 10.0 4.7 MW KMcC
1868 06 18 1358 151.600 -32.800 10.0 4.7 MW KMcC
1872 10 18 0853 150.000 -33.700 10.0 4.7 MW KMcC
1919 08 15 1021 150.700 -33.500 10.0 4.2 MW BurkeG
1925 12 18 1047 151.600 -33.000 10.0 5.1 MW BurkeG
1932 05 22 1046 148.300 -32.300 30.0 4.0 MW Drake
1949 07 18 0000 151.500 -33.000 10.0 3.9 MW KMcC
1935 12 08 0308 150.500 -34.500 10.0 3.2 MW BurkeG
1961 05 21 2140 150.606 -34.564 18.8 5.4 MW MEL
1962 09 29 0131 150.030 -34.480 26.0 4.0 MW CAN
1960 07 07 0612 150.500 -32.500 0.0 3.5 MW CAN
1960 09 06 0258 150.910 -34.390 0.0 3.5 MW CAN
1960 07 04 0242 151.050 -34.280 0.0 2.2 MW CAN
1960 07 17 1254 150.270 -34.010 5.0 3.2 MW CAN
1960 12 09 0658 151.500 -33.500 0.0 3.7 MW CAN
1960 08 09 0452 150.700 -32.000 0.0 3.1 MW CAN
1961 11 23 0117 149.000 -33.000 0.0 3.8 MW CAN
1960 09 02 1201 150.280 -34.170 19.0 2.4 MW CAN
1962 01 16 0616 149.620 -31.980 0.0 3.7 MW CAN
1961 03 09 0517 149.300 -32.700 0.0 3.0 MW CAN
1960 09 17 1841 150.220 -33.680 0.0 2.2 MW CAN
1967 08 18 1903 149.630 -32.250 0.0 3.7 MW CAN
1960 11 23 2247 151.000 -32.500 0.0 2.8 MW CAN
1961 10 30 0349 151.000 -32.800 0.0 3.2 MW CAN
1968 10 18 1751 150.450 -34.520 13.0 3.5 MW CAN
1969 04 09 0210 149.580 -32.050 5.0 3.8 MW CAN
1961 02 20 1434 151.000 -33.000 0.0 2.5 MW CAN
1961 12 20 0103 149.620 -32.420 0.0 3.1 MW CAN
1961 03 08 1057 150.300 -32.700 0.0 2.7 MW CAN
1970 10 12 1327 149.150 -33.180 9.0 3.7 MW CAN
1973 03 09 0047 148.730 -32.320 0.0 3.5 MW CAN
1962 03 22 0623 151.070 -34.080 0.0 3.0 MW CAN
1961 04 19 0450 151.270 -33.200 0.0 2.5 MW CAN
1962 04 17 1703 149.700 -32.200 0.0 3.3 MW CAN
1961 04 20 0552 150.700 -32.700 0.0 2.7 MW CAN
1962 05 02 1353 150.100 -33.900 8.0 3.2 MW CAN
1974 09 21 0616 148.480 -31.980 0.0 3.7 MW BMR
1962 07 10 0644 150.430 -34.200 8.0 3.3 MW CAN
1977 04 13 2157 150.170 -33.510 20.0 3.5 MW CAN
1978 01 23 0712 151.420 -34.150 0.0 3.8 MW CAN
1961 05 26 1707 151.500 -32.800 0.0 2.5 MW CAN
1978 08 22 1037 151.420 -32.870 20.0 3.5 MW CAN
1963 10 28 0823 149.180 -32.470 0.0 3.2 MW CAN
1961 05 28 1134 150.300 -33.000 0.0 2.6 MW CAN
1964 02 02 0759 149.800 -32.100 0.0 3.0 MW CAN
1961 06 28 1721 151.300 -32.800 0.0 2.4 MW CAN
1964 03 11 1929 149.500 -32.250 0.0 3.2 MW CAN
1961 06 30 0412 149.300 -32.500 0.0 2.8 MW CAN
1961 08 09 0156 149.500 -32.500 0.0 2.7 MW CAN
1965 02 19 0311 150.170 -34.350 11.0 3.0 MW CAN
1961 08 12 1800 151.500 -32.800 0.0 2.9 MW CAN
1965 11 07 0312 150.240 -34.440 26.0 3.2 MW CAN
1961 09 05 0235 149.800 -32.800 0.0 2.8 MW CAN
1961 10 26 1321 151.300 -32.800 0.0 2.9 MW CAN
1967 09 13 0457 150.500 -32.070 0.0 3.2 MW CAN
1961 10 27 1900 150.250 -34.130 0.0 2.0 MW CAN
1968 01 11 2057 150.380 -35.070 6.0 3.2 MW CAN
1968 05 06 0645 151.710 -33.660 3.0 3.0 MW CAN
1961 11 02 0214 149.500 -32.800 0.0 2.8 MW CAN
1961 11 03 1323 151.000 -32.500 0.0 2.4 MW CAN
1961 11 06 0232 150.380 -34.080 0.0 2.5 MW CAN
1969 05 21 2111 151.850 -33.220 2.0 3.4 MW CAN
1969 08 05 0309 151.180 -34.220 15.0 3.2 MW CAN
1961 12 05 0402 149.500 -32.300 0.0 2.8 MW CAN
1969 09 19 0216 151.420 -34.250 0.0 3.0 MW CAN
1969 09 20 0611 150.610 -34.660 0.0 3.0 MW CAN
1961 12 20 0809 151.700 -32.800 0.0 2.5 MW CAN
1962 01 03 1333 150.520 -33.820 0.0 2.3 MW CAN
1969 10 18 0459 150.490 -34.570 5.0 3.1 MW CAN
1962 01 06 0332 150.530 -33.850 3.0 2.5 MW CAN
1970 03 16 0717 151.670 -32.730 0.0 3.0 MW CAN
1970 08 15 0434 148.580 -32.230 0.0 3.1 MW CAN
1962 01 25 0149 151.020 -34.770 0.0 2.8 MW CAN
1970 09 10 0832 151.170 -32.170 0.0 3.0 MW CAN
1962 03 07 1717 150.500 -33.800 0.0 2.1 MW CAN
1970 11 01 2234 148.670 -32.310 19.0 3.0 MW CAN
1962 03 09 1452 150.750 -32.330 0.0 2.7 MW CAN
1970 11 12 1002 149.510 -33.470 40.0 3.0 MW CAN
1970 12 26 1741 149.920 -33.920 5.0 3.0 MW CAN
1962 03 24 1714 150.550 -33.800 0.0 2.4 MW CAN
1971 02 02 0054 150.370 -33.800 0.0 3.3 MW CAN
1962 03 31 1534 150.300 -32.600 0.0 2.7 MW CAN
1971 05 03 0645 151.320 -32.180 0.0 3.1 MW CAN
1971 05 03 1940 150.520 -34.150 2.0 3.0 MW CAN
1962 05 30 0357 150.500 -33.800 0.0 2.7 MW CAN
1971 05 20 0725 148.680 -32.270 0.0 3.1 MW CAN
1962 06 23 1255 150.420 -34.120 0.0 2.4 MW CAN
1971 10 26 0453 148.870 -33.020 0.0 3.3 MW CAN
1972 03 21 0313 149.230 -32.730 0.0 3.4 MW CAN
1962 09 03 0710 150.150 -33.680 19.0 2.5 MW CAN
1972 05 11 0109 149.120 -32.420 0.0 3.2 MW CAN
1962 09 13 0830 149.340 -33.270 25.0 2.7 MW CAN
1972 06 02 0737 148.730 -32.220 0.0 3.2 MW CAN
1972 10 12 1441 149.130 -33.180 0.0 3.0 MW CAN
1963 01 10 0516 149.950 -34.460 5.0 2.7 MW CAN
1972 11 23 0202 148.580 -32.180 0.0 3.2 MW CAN
1963 01 10 1209 150.470 -33.670 0.0 2.7 MW CAN
1973 01 07 2329 148.580 -32.280 6.0 3.4 MW CAN
1973 02 14 0736 148.520 -32.220 0.0 3.4 MW CAN
1963 01 24 0445 150.170 -33.250 15.0 2.7 MW CAN
1963 02 01 1823 150.290 -33.270 3.0 2.5 MW CAN
1963 02 21 0345 150.000 -34.460 18.0 2.5 MW CAN
1963 03 28 0232 151.000 -34.250 0.0 2.7 MW CAN
1973 06 21 1443 150.980 -33.050 0.0 3.3 MW CAN
1963 08 06 1422 150.600 -34.600 0.0 2.5 MW CAN
1974 09 20 2009 149.290 -31.670 0.0 3.4 MW BMR
1963 09 27 0107 150.550 -33.870 13.0 2.5 MW CAN
1976 01 09 0430 150.630 -34.210 7.0 3.2 MW CAN
1963 12 12 0147 149.750 -33.250 0.0 2.5 MW CAN
1976 06 20 1642 150.810 -33.620 8.0 3.2 MW CAN
1977 11 13 1836 151.500 -33.850 0.0 3.1 MW CAN
1964 05 07 0237 149.250 -33.250 0.0 2.5 MW CAN
1964 05 27 0315 151.230 -34.420 0.0 2.4 MW CAN
1978 03 01 0359 149.420 -33.290 25.0 3.0 MW CAN
1978 04 25 2302 149.140 -33.190 16.0 3.3 MW CAN
1964 05 30 1154 150.620 -33.440 25.0 2.7 MW CAN
1978 05 03 0335 151.050 -34.990 16.0 3.2 MW CAN
1964 06 04 0617 149.170 -33.170 7.0 2.7 MW CAN
1964 06 16 0701 151.080 -34.750 0.0 2.4 MW CAN
1979 01 15 1631 150.340 -34.140 24.0 3.1 MW CAN
1964 06 16 1936 148.750 -32.670 0.0 2.4 MW CAN
1964 07 10 1954 149.000 -32.600 0.0 2.8 MW CAN
1979 02 04 1326 151.400 -33.000 29.0 3.3 MW CAN
1979 03 02 1805 151.410 -32.990 13.0 3.2 MW CAN
1964 07 26 0052 150.600 -34.620 0.0 2.5 MW CAN
1964 07 31 0914 151.050 -34.270 0.0 2.2 MW CAN
1979 04 13 1524 149.850 -32.990 7.0 3.2 MW CAN
1979 04 16 0134 150.530 -33.940 18.0 3.2 MW CAN
1964 10 09 1008 151.500 -33.100 0.0 2.7 MW CAN
1964 11 25 1627 151.490 -33.040 11.0 2.9 MW CAN
1979 05 06 1309 149.830 -32.100 0.0 3.4 MW CAN
1979 05 19 0458 150.050 -33.390 29.0 3.0 MW CAN
1979 08 16 0527 151.270 -33.680 21.0 3.0 MW CAN
1965 04 09 2342 150.480 -34.900 5.0 2.5 MW CAN
1979 10 01 0822 151.420 -32.830 0.0 3.0 MW CAN
1965 04 25 1108 150.210 -34.550 5.0 2.5 MW CAN
1980 03 04 2333 149.530 -33.380 20.0 3.1 MW CAN
1965 04 27 2326 149.500 -33.400 0.0 2.5 MW CAN
1965 05 28 0236 149.600 -33.500 0.0 2.4 MW CAN
1980 04 24 0417 150.090 -33.760 19.0 3.2 MW CAN
1965 06 30 0212 149.450 -33.320 0.0 2.5 MW CAN
1965 07 02 0908 150.120 -33.520 18.0 2.2 MW CAN
1980 07 14 0530 150.240 -34.530 22.0 3.1 MW CAN
1980 08 23 2225 151.010 -33.960 11.0 3.0 MW CAN
1967 05 31 1217 150.220 -34.190 0.0 2.7 MW CAN
1980 09 07 0955 150.810 -34.330 18.0 3.4 MW CAN
1980 09 11 2306 151.140 -33.170 62.0 3.0 MW CAN
1967 06 08 0334 150.260 -33.500 3.0 2.7 MW CAN
1967 07 29 0456 150.050 -33.070 0.0 2.7 MW CAN
1980 10 17 0202 151.100 -33.370 24.0 3.0 MW CAN
1981 01 01 0900 149.200 -32.420 0.0 3.3 MW CAN
1968 01 12 1339 150.530 -33.870 0.0 2.7 MW CAN
1981 03 07 0236 150.250 -32.470 15.0 3.0 MW CAN
1968 03 15 1400 151.610 -32.830 0.0 2.9 MW CAN
1968 03 16 1102 149.980 -34.510 3.0 2.4 MW CAN
1968 03 23 2012 150.310 -34.100 19.0 2.7 MW CAN
1981 07 08 1143 148.730 -32.550 0.0 3.1 MW CAN
1968 09 15 1122 151.470 -33.880 12.0 2.9 MW CAN
1968 10 10 0410 151.420 -32.230 0.0 2.9 MW CAN
1982 06 18 1337 150.610 -33.500 20.0 3.1 MW CAN
1982 06 26 0649 149.750 -32.450 0.0 3.1 MW CAN
1969 02 15 1720 150.500 -33.620 0.0 2.4 MW CAN
1982 09 15 0433 150.870 -34.750 26.0 3.4 MW CAN
1982 10 09 1759 150.340 -33.640 12.0 3.0 MW CAN
1969 05 22 1048 149.870 -33.670 19.0 2.4 MW CAN
1969 07 04 0619 149.510 -33.200 5.0 2.7 MW CAN
1969 07 09 2312 150.480 -34.160 9.0 2.2 MW CAN
1969 07 12 0704 151.360 -33.190 16.0 2.7 MW CAN
1983 04 14 1516 150.600 -33.460 29.0 3.2 MW CAN
1969 08 05 0433 150.600 -32.030 0.0 2.7 MW CAN
1969 09 07 1718 149.950 -34.180 0.0 2.5 MW CAN
1983 06 01 1857 150.450 -34.030 19.0 3.1 MW CAN
1983 08 18 1134 150.230 -33.420 19.0 3.1 MW CAN
1983 11 01 0050 150.450 -33.900 0.0 3.2 MW CAN
1969 10 25 0705 151.380 -33.280 0.0 2.7 MW CAN
1969 12 08 1239 149.680 -32.630 0.0 2.9 MW CAN
1984 04 14 1638 151.400 -32.800 0.0 3.0 MW CAN
1984 07 15 2302 149.700 -33.890 21.0 3.1 MW CAN
1969 12 21 1536 150.820 -34.530 0.0 2.5 MW CAN
1970 03 02 0817 151.470 -33.480 0.0 2.6 MW CAN
1985 10 04 0819 150.210 -34.510 33.0 3.0 MW CAN
1970 03 18 0014 151.450 -32.730 11.0 2.9 MW CAN
1970 03 21 0105 151.770 -32.550 0.0 2.7 MW CAN
1970 05 04 0745 149.030 -33.170 0.0 2.6 MW CAN
1986 08 30 1059 150.970 -34.440 18.0 3.0 MW CAN
1970 05 18 0002 148.580 -32.220 0.0 2.9 MW CAN
1986 10 19 1552 150.156 -33.531 0.0 3.0 MW BMR
1970 05 27 0638 149.270 -33.250 0.0 2.5 MW CAN
1987 04 02 0512 150.370 -34.160 22.0 3.0 MW CAN
1970 06 06 0316 151.000 -34.900 0.0 2.9 MW CAN
1987 04 03 0358 150.140 -33.270 1.0 3.1 MW CAN
1970 07 04 0458 151.330 -33.300 0.0 2.5 MW CAN
1970 07 15 0208 151.020 -33.270 0.0 2.5 MW CAN
1987 08 26 0138 151.168 -32.732 0.0 3.4 MW BMR
1970 07 25 0738 151.220 -33.250 0.0 2.6 MW CAN
1988 04 09 2002 150.060 -33.670 17.0 3.1 MW CAN
1988 04 30 1700 149.906 -33.528 10.0 3.3 MW MEL
1988 08 23 1807 151.483 -32.901 5.0 3.1 MW BMR
1970 10 03 0628 150.080 -33.400 0.0 2.5 MW CAN
1989 12 16 0028 150.670 -34.700 23.0 3.4 MW AGSO
1970 10 09 0738 151.370 -32.280 0.0 2.8 MW CAN
1970 10 19 1917 150.950 -33.680 0.0 2.4 MW CAN
1970 10 22 1536 150.070 -33.380 0.0 2.8 MW CAN
1970 10 25 0520 148.700 -32.470 0.0 2.9 MW CAN
1970 11 18 0311 151.100 -34.180 10.0 2.6 MW CAN
1970 12 22 0532 150.800 -34.170 0.0 2.5 MW CAN
1971 01 08 0510 150.830 -34.150 0.0 2.8 MW CAN
1971 01 28 2312 149.970 -33.520 0.0 2.7 MW CAN
1971 02 22 0505 150.880 -34.150 0.0 2.5 MW CAN
1971 02 25 0720 150.770 -34.170 0.0 2.5 MW CAN
1971 02 27 1315 150.120 -34.000 0.0 2.1 MW CAN
1971 03 30 0255 150.970 -34.000 0.0 2.6 MW CAN
1971 05 11 1058 150.430 -34.580 0.0 2.2 MW CAN
1971 05 19 0911 150.050 -33.430 15.0 2.6 MW CAN
1971 05 21 1237 150.790 -34.530 11.0 2.6 MW CAN
1971 05 30 1031 149.960 -33.470 14.0 2.7 MW CAN
1971 06 11 1144 150.130 -33.360 2.0 2.6 MW CAN
1971 07 08 0719 150.130 -33.350 4.0 2.8 MW CAN
1971 07 28 1438 150.490 -34.270 9.0 2.6 MW CAN
1971 08 14 0531 151.380 -33.220 0.0 2.8 MW CAN
1971 08 16 0535 150.440 -34.500 18.0 2.7 MW CAN
1971 08 20 0918 150.090 -33.300 0.0 2.6 MW CAN
1971 08 28 0348 150.840 -34.190 11.0 2.9 MW CAN
1971 08 28 1031 150.400 -33.350 0.0 2.6 MW CAN
1971 09 05 0318 150.030 -33.400 8.0 2.7 MW CAN
1971 09 23 1319 150.130 -33.380 0.0 2.6 MW CAN
1971 10 16 0420 150.730 -34.190 5.0 2.9 MW CAN
1971 10 21 0216 150.880 -34.920 0.0 2.8 MW CAN
1971 10 23 0458 151.270 -33.130 0.0 2.8 MW CAN
1971 11 11 2017 149.770 -33.580 0.0 2.7 MW CAN
1971 11 30 0530 150.450 -34.530 0.0 2.6 MW CAN
1971 11 30 0547 150.450 -34.710 3.0 2.8 MW CAN
1972 02 09 0631 150.590 -34.810 10.0 2.9 MW CAN
1972 02 22 2331 150.200 -34.490 0.0 2.4 MW CAN
1972 03 19 0805 150.550 -34.820 16.0 2.5 MW CAN
1972 03 26 0751 150.450 -34.710 4.0 2.5 MW CAN
1972 04 20 0553 151.330 -33.230 0.0 2.6 MW CAN
1972 05 10 0854 150.750 -33.870 0.0 2.3 MW CAN
1972 05 13 0540 150.880 -34.150 0.0 2.6 MW CAN
1972 05 16 0515 150.880 -34.380 0.0 2.4 MW CAN
1972 05 27 0203 150.370 -34.700 3.0 2.6 MW CAN
1972 06 13 1013 150.010 -34.320 4.0 2.7 MW CAN
1972 07 02 1603 150.720 -34.650 0.0 2.5 MW CAN
1972 07 31 0633 150.500 -34.750 44.0 2.4 MW CAN
1972 08 03 0508 150.970 -34.270 0.0 2.4 MW CAN
1972 08 06 1107 149.800 -33.870 0.0 2.3 MW CAN
1972 08 09 0309 151.000 -34.300 0.0 2.4 MW CAN
1972 08 15 0710 150.980 -34.330 0.0 2.4 MW CAN
1972 08 26 0507 151.020 -34.300 0.0 2.6 MW CAN
1972 09 15 0814 150.450 -34.700 7.0 2.5 MW CAN
1972 09 18 1535 150.600 -34.500 0.0 2.5 MW CAN
1972 10 20 0611 151.090 -34.300 10.0 2.7 MW CAN
1972 11 06 2334 150.420 -34.530 0.0 2.4 MW CAN
1972 11 21 0738 151.410 -34.080 11.0 2.7 MW CAN
1972 11 25 0237 150.980 -34.120 0.0 2.6 MW CAN
1972 12 28 1847 150.500 -34.670 0.0 2.3 MW CAN
1973 01 14 2348 150.370 -34.490 5.0 2.4 MW CAN
1973 01 18 0414 150.020 -33.270 0.0 2.3 MW CAN
1973 01 18 0622 150.420 -34.680 0.0 2.4 MW CAN
1973 01 18 1841 149.980 -34.150 0.0 2.6 MW CAN
1973 02 16 0416 150.370 -34.470 1.0 2.4 MW CAN
1973 02 20 0109 150.180 -34.520 32.0 2.5 MW CAN
1973 03 06 0638 150.190 -34.500 4.0 2.4 MW CAN
1973 03 06 1532 150.350 -33.910 0.0 2.2 MW CAN
1973 03 12 0248 151.050 -34.580 0.0 2.5 MW CAN
1973 03 15 0620 150.470 -34.680 0.0 2.3 MW CAN
1973 03 15 2026 150.700 -34.600 0.0 2.4 MW CAN
1973 03 26 0804 150.820 -34.130 21.0 2.5 MW CAN
1973 04 04 0651 150.240 -34.340 0.0 2.2 MW CAN
1973 04 12 0733 150.820 -34.080 22.0 2.2 MW CAN
1973 04 15 0032 150.550 -34.780 0.0 2.2 MW CAN
1973 04 16 0807 150.970 -34.550 33.0 2.6 MW CAN
1973 04 30 0542 150.550 -34.720 0.0 2.2 MW CAN
1973 05 08 0723 150.600 -34.700 0.0 2.3 MW CAN
1973 05 24 1713 148.870 -33.060 0.0 2.9 MW CAN
1973 07 11 0748 149.250 -33.250 0.0 2.7 MW CAN
1973 07 24 0731 150.330 -33.450 0.0 2.5 MW CAN
1973 07 29 0246 150.550 -34.750 0.0 2.3 MW CAN
1973 08 07 0544 150.500 -34.710 34.0 2.6 MW CAN
1973 08 15 0733 150.380 -34.660 0.0 2.0 MW CAN
1973 08 16 0543 149.400 -33.180 0.0 2.5 MW CAN
1973 08 18 0305 150.770 -33.500 0.0 2.5 MW CAN
1973 09 01 0522 150.570 -34.730 0.0 2.3 MW CAN
1973 09 07 0515 150.370 -34.500 0.0 2.3 MW CAN
1973 09 21 0633 149.990 -34.380 28.0 2.7 MW CAN
1973 09 26 0532 150.830 -34.130 0.0 2.5 MW CAN
1973 10 22 0800 150.640 -34.760 11.0 2.5 MW CAN
1973 12 10 2025 149.950 -33.000 0.0 2.5 MW CAN
1974 04 24 1039 149.090 -32.640 0.0 2.9 MW CAN
1974 05 23 0447 149.450 -33.180 0.0 2.6 MW CAN
1974 05 29 0559 150.600 -34.350 0.0 2.5 MW CAN
1974 07 12 0533 150.700 -34.500 0.0 2.5 MW CAN
1974 07 19 0736 150.470 -34.500 0.0 1.9 MW CAN
1974 10 02 0535 150.600 -34.480 0.0 2.6 MW CAN
1974 10 03 0413 150.370 -34.630 0.0 2.5 MW CAN
1974 10 03 0543 150.900 -34.110 31.0 2.4 MW CAN
1974 10 09 1253 150.400 -33.920 7.0 2.1 MW CAN
1974 10 09 2211 150.790 -34.450 33.0 2.3 MW CAN
1974 10 16 0518 150.400 -34.530 0.0 2.3 MW CAN
1974 10 18 0536 150.120 -33.430 0.0 2.3 MW CAN
1974 10 28 0200 149.380 -33.280 0.0 2.8 MW CAN
1974 11 16 0034 150.850 -34.120 0.0 2.5 MW CAN
1974 11 18 0216 149.340 -33.180 0.0 2.9 MW CAN
1974 11 21 0956 150.790 -34.530 6.0 2.1 MW CAN
1974 11 27 0600 150.550 -34.400 0.0 2.3 MW CAN
1974 12 17 1011 150.830 -34.300 0.0 2.0 MW CAN
1975 01 14 0158 149.490 -33.370 9.0 2.7 MW CAN
1975 01 15 0247 150.470 -34.130 16.0 2.6 MW CAN
1975 01 16 0406 149.890 -34.290 4.0 2.9 MW CAN
1975 02 03 0200 149.340 -33.290 5.0 2.8 MW CAN
1975 02 05 0600 150.520 -34.450 0.0 2.4 MW CAN
1975 02 21 0124 149.510 -33.360 12.0 2.8 MW CAN
1975 02 26 0824 150.550 -34.120 5.0 1.9 MW CAN
1975 03 06 1654 150.350 -34.180 0.0 2.2 MW CAN
1975 03 07 0310 149.260 -33.260 3.0 2.7 MW CAN
1975 03 07 0701 150.220 -34.550 5.0 2.6 MW CAN
1975 03 13 2246 150.630 -34.300 0.0 2.3 MW CAN
1975 03 22 2232 150.530 -34.520 0.0 2.6 MW CAN
1975 04 06 1555 150.450 -34.170 0.0 2.5 MW CAN
1975 04 11 0510 150.390 -34.680 9.0 2.5 MW CAN
1975 04 19 1258 150.310 -34.160 8.0 2.5 MW CAN
1975 05 12 0259 149.430 -33.280 0.0 2.7 MW CAN
1975 05 30 1048 150.370 -34.120 0.0 2.7 MW CAN
1975 06 01 0643 149.450 -33.250 0.0 2.5 MW CAN
1975 10 27 0330 150.180 -33.440 5.0 2.4 MW CAN
1976 04 21 1329 150.220 -33.590 18.0 2.9 MW CAN
1976 06 25 0533 149.970 -34.330 9.0 2.6 MW CAN
1976 06 29 1744 150.470 -33.470 0.0 2.5 MW CAN
1976 07 05 1546 150.330 -33.420 4.0 2.4 MW CAN
1976 07 06 1917 150.500 -33.470 0.0 2.2 MW CAN
1976 07 07 0925 150.150 -33.500 0.0 2.1 MW CAN
1976 07 08 0553 150.530 -34.580 0.0 2.3 MW CAN
1976 07 10 1944 150.350 -33.560 0.0 2.5 MW CAN
1976 07 20 1344 150.370 -33.060 0.0 2.6 MW CAN
1976 08 18 1516 150.350 -34.200 16.0 2.8 MW CAN
1976 09 21 0225 150.270 -34.560 0.0 2.8 MW CAN
1976 09 22 1120 150.450 -34.050 0.0 2.5 MW CAN
1976 10 17 1708 150.780 -33.380 0.0 2.7 MW CAN
1976 10 25 0414 150.270 -34.640 16.0 2.3 MW CAN
1976 10 28 0431 150.240 -34.620 12.0 2.3 MW CAN
1976 10 29 0340 150.300 -34.650 0.0 2.3 MW CAN
1976 11 05 0039 150.280 -34.630 0.0 2.5 MW CAN
1976 11 21 0942 151.280 -32.600 0.0 2.7 MW CAN
1976 11 24 0303 150.310 -34.610 18.0 2.9 MW CAN
1976 11 25 0436 150.620 -34.650 0.0 2.5 MW CAN
1976 12 02 0712 150.820 -33.570 0.0 2.4 MW CAN
1976 12 03 0728 150.210 -34.510 37.0 2.6 MW CAN
1976 12 11 0044 150.230 -33.440 13.0 2.6 MW CAN
1976 12 15 1603 151.030 -32.800 0.0 2.9 MW CAN
1976 12 30 0842 150.780 -34.030 0.0 2.9 MW CAN
1977 03 13 1325 151.340 -32.700 28.0 2.9 MW CAN
1977 03 13 1916 151.370 -33.380 0.0 2.6 MW CAN
1977 03 23 1746 151.480 -32.940 11.0 2.9 MW CAN
1977 04 19 0137 150.430 -34.500 0.0 2.4 MW CAN
1977 04 27 0601 150.850 -34.180 0.0 2.7 MW CAN
1977 05 14 1808 150.820 -34.330 7.0 2.4 MW CAN
1977 05 18 2330 150.180 -33.240 12.0 2.9 MW CAN
1977 05 23 0635 150.840 -34.160 8.0 2.3 MW CAN
1977 06 20 0609 150.920 -34.120 10.0 2.9 MW CAN
1977 06 23 0011 150.370 -34.350 0.0 2.4 MW CAN
1977 06 25 1535 150.380 -33.330 0.0 2.8 MW CAN
1977 07 07 0513 150.270 -34.580 0.0 2.2 MW CAN
1977 07 29 1600 150.280 -33.440 14.0 2.5 MW CAN
1977 07 29 1739 150.040 -33.360 12.0 2.7 MW CAN
1977 08 05 0303 150.230 -34.650 13.0 2.6 MW CAN
1977 08 10 0257 150.210 -34.600 0.0 2.5 MW CAN
1977 08 19 1426 150.290 -33.410 11.0 2.6 MW CAN
1977 09 15 1222 150.250 -33.440 15.0 2.3 MW CAN
1977 09 21 2322 150.060 -34.090 23.0 2.3 MW CAN
1977 10 18 2106 150.990 -35.030 23.0 2.9 MW CAN
1977 11 02 0352 149.480 -33.330 18.0 2.9 MW CAN
1977 11 05 1834 150.190 -33.450 15.0 2.6 MW CAN
1977 11 15 1603 150.210 -33.490 19.0 2.6 MW CAN
1978 01 19 0144 149.510 -33.410 11.0 2.9 MW CAN
1978 01 26 0544 150.390 -34.170 17.0 2.7 MW CAN
1978 02 05 0415 150.330 -34.500 0.0 2.4 MW CAN
1978 02 09 2325 150.330 -34.500 0.0 2.4 MW CAN
1978 03 04 0116 150.630 -34.010 14.0 2.6 MW CAN
1978 03 14 0412 150.700 -34.050 16.0 2.7 MW CAN
1978 03 22 0300 151.530 -33.970 0.0 2.9 MW CAN
1978 03 31 0527 151.010 -34.180 0.0 2.5 MW CAN
1978 04 06 0454 150.650 -34.070 13.0 2.9 MW CAN
1978 04 29 0446 151.270 -33.280 0.0 2.7 MW CAN
1978 05 01 2320 150.300 -34.690 22.0 2.4 MW CAN
1978 05 02 0509 150.860 -34.140 15.0 2.6 MW CAN
1978 05 23 0202 150.500 -34.930 0.0 2.2 MW CAN
1978 05 23 0511 150.870 -34.130 0.0 2.8 MW CAN
1978 05 27 1616 150.880 -34.170 0.0 2.3 MW CAN
1978 07 19 0528 150.920 -34.130 0.0 2.5 MW CAN
1978 08 03 0543 150.920 -34.080 0.0 2.6 MW CAN
1978 08 18 0501 150.950 -34.560 0.0 2.5 MW CAN
1978 08 18 0530 150.800 -33.950 15.0 2.5 MW CAN
1978 08 25 0550 150.370 -34.680 19.0 2.4 MW CAN
1978 08 31 0540 151.030 -33.730 10.0 2.8 MW CAN
1978 09 01 0327 150.390 -34.670 16.0 2.5 MW CAN
1978 09 07 1047 150.490 -34.010 12.0 2.5 MW CAN
1978 09 19 0533 151.120 -33.780 11.0 2.5 MW CAN
1978 10 14 0652 151.430 -33.170 0.0 2.9 MW CAN
1978 10 23 0535 150.830 -34.130 13.0 2.7 MW CAN
1978 10 30 0521 150.890 -34.120 27.0 2.7 MW CAN
1978 11 09 0419 150.850 -34.120 24.0 2.7 MW CAN
1978 11 21 0409 150.830 -34.110 10.0 2.7 MW CAN
1978 12 06 2021 149.670 -33.350 7.0 2.7 MW CAN
1978 12 07 0109 151.140 -33.750 18.0 2.3 MW CAN
1978 12 20 0411 151.000 -34.650 14.0 2.3 MW CAN
1979 01 24 0844 149.980 -34.300 0.0 2.6 MW CAN
1979 03 16 1233 150.540 -33.990 19.0 2.3 MW CAN
1979 03 19 1216 151.400 -32.900 0.0 2.9 MW CAN
1979 04 05 0304 150.410 -34.480 20.0 2.7 MW CAN
1979 05 22 0459 150.900 -34.660 17.0 2.9 MW CAN
1979 05 30 1154 149.740 -33.640 15.0 2.5 MW CAN
1979 06 04 1319 150.960 -33.200 0.0 2.9 MW CAN
1979 10 03 0112 150.970 -35.030 16.0 2.3 MW CAN
1979 10 19 1420 150.220 -34.150 0.0 2.9 MW CAN
1980 01 30 0618 150.530 -34.380 17.0 2.7 MW CAN
1980 02 04 0505 150.910 -34.660 18.0 2.7 MW CAN
1980 03 05 0558 150.490 -34.460 18.0 2.4 MW CAN
1980 03 26 1909 150.440 -34.040 22.0 2.5 MW CAN
1980 04 07 1936 151.000 -34.050 0.0 2.7 MW CAN
1980 05 27 0558 151.130 -33.250 10.0 2.9 MW CAN
1980 07 09 1127 150.580 -33.930 24.0 2.9 MW CAN
1980 07 11 2249 150.040 -34.600 14.0 2.7 MW CAN
1980 07 18 1716 151.010 -34.460 15.0 2.7 MW CAN
1980 09 22 1429 150.620 -34.030 14.0 2.9 MW CAN
1980 09 23 1122 150.400 -34.590 18.0 2.5 MW CAN
1980 10 09 1532 150.570 -34.040 16.0 2.8 MW CAN
1980 12 10 1323 150.540 -33.990 0.0 2.6 MW CAN
1980 12 11 0438 151.230 -33.170 0.0 2.8 MW CAN
1981 01 07 0204 151.240 -33.240 14.0 2.9 MW CAN
1981 02 15 0745 150.150 -34.200 19.0 2.4 MW CAN
1981 02 18 0859 150.340 -34.150 21.0 2.8 MW CAN
1981 02 18 0900 149.950 -34.410 23.0 2.9 MW CAN
1981 03 30 1658 150.510 -34.040 17.0 2.7 MW CAN
1981 05 15 0547 150.690 -33.860 0.0 2.8 MW CAN
1981 05 29 0914 149.810 -34.070 26.0 2.7 MW CAN
1981 07 26 1931 150.360 -34.270 20.0 2.5 MW CAN
1981 07 27 0622 150.670 -34.690 13.0 2.9 MW CAN
1981 09 10 0714 150.680 -34.040 18.0 2.5 MW CAN
1981 10 01 1231 150.550 -34.010 18.0 2.9 MW CAN
1981 10 05 0435 150.450 -34.950 18.0 2.8 MW CAN
1981 11 06 0403 150.760 -34.010 15.0 2.7 MW CAN
1982 03 02 1521 150.540 -34.000 0.0 2.3 MW CAN
1982 03 16 1202 150.340 -34.160 23.0 2.7 MW CAN
1982 03 29 1552 150.270 -34.600 2.0 2.3 MW CAN
1982 05 24 1424 150.550 -33.960 12.0 2.6 MW CAN
1982 06 11 1357 150.550 -33.970 17.0 2.3 MW CAN
1982 06 29 1409 150.780 -34.430 12.0 2.3 MW CAN
1982 07 20 1034 150.950 -34.330 16.0 2.5 MW CAN
1982 09 10 0025 150.270 -34.470 14.0 2.8 MW CAN
1982 09 10 1117 150.890 -34.410 11.0 2.5 MW CAN
1982 09 19 2352 150.410 -34.260 19.0 2.9 MW CAN
1982 09 21 1612 149.750 -33.840 17.0 2.7 MW CAN
1982 10 31 0533 150.700 -35.050 0.0 2.4 MW CAN
1982 11 06 1149 150.870 -34.410 12.0 2.4 MW CAN
1982 12 28 0938 150.880 -34.400 10.0 2.5 MW CAN
1982 12 31 0210 150.340 -34.170 19.0 2.5 MW CAN
1983 01 18 0050 150.520 -34.460 0.0 2.7 MW CAN
1983 04 16 0320 151.050 -33.360 3.0 2.9 MW CAN
1983 05 23 1324 150.460 -34.230 0.0 2.4 MW CAN
1983 07 18 1154 150.790 -34.450 14.0 2.7 MW CAN
1983 11 28 0455 149.400 -32.830 10.0 2.9 MW CAN
1984 02 27 0420 149.610 -33.540 0.0 2.5 MW CAN
1984 03 03 0658 150.730 -35.020 0.0 2.3 MW CAN
1984 04 11 0059 150.900 -34.600 15.0 2.6 MW CAN
1984 04 14 1752 150.990 -34.030 17.0 2.7 MW CAN
1984 07 28 1225 150.310 -34.070 20.0 2.9 MW CAN
1984 08 11 1706 150.510 -34.510 17.0 2.9 MW CAN
1985 02 08 1309 150.540 -34.510 15.0 2.4 MW CAN
1985 02 11 0550 150.730 -35.130 0.0 2.5 MW CAN
1985 02 25 0436 149.630 -33.400 0.0 2.5 MW CAN
1985 05 06 0602 150.240 -34.550 25.0 2.9 MW CAN
1985 06 03 1025 149.750 -32.650 0.0 2.7 MW CAN
1985 07 24 1039 150.400 -34.100 0.0 2.2 MW CAN
1985 07 29 1434 151.040 -34.800 18.0 2.9 MW CAN
1985 09 07 1903 150.090 -34.600 7.0 2.3 MW CAN
1985 11 21 2006 150.290 -33.950 22.0 2.7 MW CAN
1986 01 22 1219 148.370 -32.710 6.0 2.7 MW CAN
1986 02 14 1528 150.440 -33.910 9.0 2.6 MW CAN
1986 03 07 0921 149.940 -34.330 3.0 2.3 MW CAN
1986 04 16 0855 148.350 -32.800 0.0 2.4 MW CAN
1986 04 19 0817 149.930 -34.330 7.0 2.3 MW CAN
1986 05 05 1642 149.620 -33.520 8.0 2.9 MW CAN
1986 05 07 1200 150.290 -33.140 2.0 2.7 MW CAN
1986 09 28 1017 150.580 -34.880 0.0 2.2 MW CAN
1986 10 21 1043 150.710 -34.460 18.0 2.5 MW CAN
1986 12 24 1208 150.150 -33.410 14.0 2.9 MW CAN
1987 01 13 0011 150.440 -34.280 16.0 2.5 MW CAN
1987 02 18 0513 149.840 -34.030 29.0 2.5 MW CAN
1987 04 01 0610 149.820 -34.160 0.0 2.3 MW CAN
1987 06 21 1626 150.690 -33.760 14.0 2.3 MW CAN
1987 07 03 0742 150.190 -34.500 5.0 2.9 MW CAN
1987 08 05 0637 149.674 -32.271 0.0 2.9 MW BMR
1987 09 26 1616 150.270 -33.370 20.0 2.5 MW CAN
1987 10 17 1910 150.410 -34.070 6.0 2.3 MW CAN
1987 10 31 1043 150.360 -33.300 1.0 2.4 MW CAN
1987 11 04 1627 150.550 -34.630 1.0 2.0 MW CAN
1987 11 22 0411 150.270 -33.310 4.0 2.5 MW CAN
1988 01 23 0551 150.160 -33.600 8.0 2.3 MW CAN
1988 02 04 0222 150.170 -33.510 18.0 2.8 MW CAN
1988 03 21 1340 150.449 -34.530 2.0 2.5 MW BMR
1988 03 24 0931 150.190 -34.510 9.0 2.8 MW CAN
1988 04 15 0823 150.140 -33.380 8.0 2.5 MW CAN
1988 04 16 1212 150.820 -34.430 14.0 2.3 MW CAN
1988 08 14 1028 150.216 -33.456 0.0 2.6 MW CAN
1988 09 14 1504 150.200 -33.400 0.0 2.6 MW CAN
1988 11 07 1136 151.058 -33.957 14.0 2.6 MW BMR
1989 02 13 0053 149.932 -33.926 2.0 2.5 MW BMR
1989 06 15 1214 150.169 -33.356 20.0 2.5 MW BMR
1989 07 19 1539 150.610 -34.480 0.0 2.5 MW CAN
1989 08 24 0004 150.752 -34.216 5.0 2.9 MW BMR
1989 09 28 2030 149.540 -32.930 0.0 2.9 MW CAN
1990 01 28 0753 150.150 -33.700 19.0 2.9 MW CAN
1990 01 30 1003 150.280 -33.580 7.0 2.9 MW CAN
1990 09 09 1819 150.320 -34.960 0.0 2.9 MW CAN
1992 01 16 0208 151.085 -32.574 0.0 2.5 MW MEL
1992 01 17 0252 150.996 -32.346 0.0 2.5 MW MEL
1992 06 09 0156 151.079 -32.514 0.0 2.9 MW MEL
1992 06 10 1332 150.741 -34.239 3.8 1.9 MW MEL
1992 06 13 0612 150.746 -34.238 3.7 1.9 MW MEL
1992 06 15 0747 150.813 -34.210 1.6 2.1 MW MEL
1992 06 16 1752 150.790 -34.204 4.4 1.9 MW MEL
1992 06 16 2051 151.564 -33.084 17.5 2.9 MW MEL
1992 06 17 1522 150.919 -34.236 8.5 1.9 MW MEL
1992 06 18 2317 151.125 -32.501 0.0 2.9 MW MEL
1992 06 24 2108 150.811 -34.187 6.5 1.9 MW MEL
1992 07 02 0310 150.801 -32.300 0.0 2.9 MW MEL
1992 07 02 0332 151.084 -32.585 0.0 2.9 MW MEL
1992 07 06 0109 151.190 -32.553 0.0 2.6 MW MEL
1992 07 06 0211 151.096 -32.646 0.0 2.8 MW MEL
1992 07 09 2144 150.947 -34.242 10.2 2.2 MW MEL
1992 07 10 0218 151.156 -32.614 0.0 2.9 MW MEL
1992 07 10 0425 151.083 -32.561 0.0 2.9 MW MEL
1992 07 11 2326 150.909 -34.230 7.6 2.0 MW MEL
1992 07 14 0334 150.997 -32.595 0.0 2.9 MW MEL
1992 07 18 1137 150.917 -34.222 10.4 1.9 MW MEL
1992 07 24 0204 149.702 -32.145 2.0 2.9 MW MEL
1992 08 01 0343 151.029 -32.381 0.0 2.7 MW MEL
1992 08 03 0126 151.562 -32.416 0.0 2.8 MW MEL
1992 08 03 0157 151.053 -32.510 0.0 2.7 MW MEL
1992 08 03 0228 151.580 -32.833 0.0 2.8 MW MEL
1992 08 06 0403 151.089 -32.396 0.0 2.9 MW MEL
1992 08 10 1801 150.747 -34.494 0.0 2.0 MW MEL
1992 08 13 0337 150.843 -32.468 0.0 2.9 MW MEL
1992 08 15 0235 151.049 -32.489 0.0 2.6 MW MEL
1992 08 15 1006 150.796 -34.308 0.0 2.3 MW MEL
1992 08 17 1315 150.749 -34.228 0.0 2.0 MW MEL
1992 08 18 0308 150.941 -32.543 0.0 2.9 MW MEL
1992 08 19 0133 150.444 -32.319 0.0 2.8 MW MEL
1992 08 19 0146 151.124 -32.526 0.0 2.9 MW MEL
1992 08 24 1201 149.376 -32.646 10.0 2.8 MW MEL
1992 08 27 0229 150.907 -32.313 0.0 2.8 MW MEL
1992 08 28 0250 151.506 -32.745 0.0 2.7 MW MEL
1992 08 28 2017 150.759 -34.229 3.6 2.1 MW MEL
1992 09 11 0115 150.881 -32.287 0.0 2.8 MW MEL
1992 09 14 0139 151.077 -32.538 0.0 2.9 MW MEL
1992 09 17 0231 150.924 -32.486 0.0 2.7 MW MEL
1992 09 17 0235 150.959 -32.472 0.0 2.7 MW MEL
1992 10 14 0244 151.101 -32.551 0.0 2.6 MW MEL
1992 10 14 2234 150.992 -32.404 0.0 2.9 MW MEL
1992 10 16 0348 150.935 -32.508 0.0 2.9 MW MEL
1992 10 24 0036 151.012 -32.514 0.0 2.8 MW MEL
1992 10 31 0834 150.457 -33.913 18.0 2.5 MW MEL
1992 11 02 0252 151.074 -32.558 0.0 2.9 MW MEL
1992 11 05 0632 151.129 -32.392 0.0 2.9 MW MEL
1992 11 18 0019 151.140 -32.468 0.0 2.6 MW MEL
1992 11 18 0603 149.837 -32.197 0.0 2.9 MW MEL
1992 11 19 0128 151.050 -32.607 0.0 2.7 MW MEL
1992 11 19 0625 150.830 -34.386 0.0 2.0 MW MEL
1992 12 03 0451 151.297 -32.815 0.0 2.8 MW MEL
1992 12 09 0313 150.940 -32.539 0.0 2.9 MW MEL
1992 12 10 0545 151.062 -32.550 0.0 2.9 MW MEL
1992 12 15 0129 150.983 -32.538 0.0 2.7 MW MEL
1992 12 15 2130 151.295 -32.770 0.0 2.6 MW MEL
1992 12 18 0103 151.305 -32.770 0.0 2.7 MW MEL
1992 12 18 0600 151.022 -32.458 0.0 2.9 MW MEL
1992 12 23 0222 151.061 -32.564 0.0 2.9 MW MEL
1992 12 30 0101 151.149 -32.490 0.0 2.8 MW MEL
1992 12 30 0442 150.969 -32.370 0.0 2.9 MW MEL
1993 01 04 0210 151.046 -32.546 0.0 2.9 MW MEL
1993 01 07 0602 149.837 -32.222 0.0 2.8 MW MEL
1993 01 08 0005 151.039 -32.328 0.0 2.6 MW MEL
1993 01 11 0127 151.175 -32.246 0.0 2.7 MW MEL
1993 01 11 0251 150.840 -32.265 0.0 2.7 MW MEL
1993 01 14 0238 150.989 -32.563 0.0 2.9 MW MEL
1993 01 19 0241 150.835 -32.528 0.0 2.7 MW MEL
1993 02 05 0123 151.061 -32.613 0.0 2.9 MW MEL
1993 02 10 0235 150.999 -32.561 0.0 2.9 MW MEL
1993 02 12 0335 150.709 -34.431 0.0 1.9 MW MEL
1993 02 12 0414 150.357 -33.837 14.2 2.7 MW MEL
1993 02 20 1401 150.700 -34.432 0.0 1.9 MW MEL
1993 02 23 0258 151.069 -32.557 0.0 2.9 MW MEL
1993 02 23 2138 150.942 -32.328 0.0 2.9 MW MEL
1993 03 01 2319 151.115 -32.389 0.0 2.9 MW MEL
1993 03 02 0115 150.959 -32.607 0.0 2.7 MW MEL
1993 03 03 0149 150.835 -32.411 0.0 2.7 MW MEL
1993 03 10 0316 150.870 -32.314 0.0 2.9 MW MEL
1993 03 11 0240 150.924 -32.572 0.0 2.9 MW MEL
1993 03 16 0429 151.283 -32.567 0.0 2.8 MW MEL
1993 03 18 0213 150.921 -32.629 0.0 2.9 MW MEL
1993 03 20 0118 151.268 -32.437 0.0 2.8 MW MEL
1993 03 22 0806 150.346 -33.826 17.4 2.8 MW MEL
1993 03 24 1500 151.033 -34.238 0.0 2.1 MW MEL
1993 03 30 0738 150.226 -34.148 18.0 2.2 MW MEL
1993 04 01 0755 150.390 -33.742 8.0 2.2 MW MEL
1993 04 02 0221 151.124 -32.660 0.0 2.6 MW MEL
1993 04 09 0407 150.354 -33.813 16.5 2.2 MW MEL
1993 04 10 2034 150.840 -33.720 4.6 2.1 MW MEL
1993 04 23 0516 150.090 -33.628 1.3 2.1 MW MEL
1993 04 30 0241 150.335 -33.809 16.9 2.2 MW MEL
1993 05 02 0117 150.257 -33.509 0.0 2.0 MW MEL
1993 05 03 0319 151.085 -32.595 0.0 2.9 MW MEL
1993 05 09 2108 150.453 -34.338 12.5 2.1 MW MEL
1993 05 11 2017 151.396 -33.028 0.0 2.6 MW MEL
1993 05 24 1305 150.459 -33.467 23.4 2.8 MW MEL
1993 06 08 1730 150.806 -34.332 0.0 2.2 MW MEL
1993 06 12 1739 150.516 -34.548 9.0 2.0 MW MEL
1993 06 30 0151 151.114 -32.573 0.0 2.9 MW MEL
1993 07 13 0352 150.964 -33.771 0.0 2.1 MW MEL
1993 07 20 0752 150.880 -34.324 0.0 1.9 MW MEL
1993 07 22 0223 151.032 -32.429 0.0 2.6 MW MEL
1993 07 22 0310 151.081 -32.577 0.0 2.9 MW MEL
1993 07 24 0235 150.912 -32.375 0.0 2.8 MW MEL
1993 07 28 0509 150.995 -32.377 0.0 2.9 MW MEL
1993 07 28 2138 150.723 -34.434 0.0 1.9 MW MEL
1993 07 29 0500 150.867 -34.621 0.0 2.2 MW MEL
1993 08 07 2212 150.850 -32.314 0.0 2.8 MW MEL
1993 08 10 0611 149.494 -33.310 10.0 2.6 MW MEL
1993 08 12 0445 151.553 -32.724 0.0 2.9 MW MEL
1993 08 14 0222 150.997 -32.375 0.0 2.9 MW MEL
1993 08 18 0601 150.167 -33.228 0.0 2.7 MW MEL
1993 08 22 1250 150.434 -33.249 11.2 2.8 MW MEL
1993 08 24 0644 151.269 -34.501 0.0 2.1 MW MEL
1993 08 24 0658 151.138 -34.638 0.0 2.2 MW MEL
1993 09 01 0233 151.044 -32.653 0.0 2.4 MW MEL
1993 09 01 2334 151.120 -32.490 0.0 2.9 MW MEL
1993 09 10 0325 151.072 -32.613 0.0 2.4 MW MEL
1993 09 14 0425 150.990 -32.567 0.0 2.8 MW MEL
1993 09 23 0339 151.027 -32.395 0.0 2.9 MW MEL
1993 09 24 0739 151.060 -32.407 0.0 2.9 MW MEL
1993 09 29 0313 150.953 -32.549 0.0 2.9 MW MEL
1993 09 29 2311 150.948 -32.456 0.0 2.8 MW MEL
1993 10 06 0536 150.401 -34.662 0.0 1.9 MW MEL
1993 10 08 0201 150.943 -33.779 0.0 2.2 MW MEL
1993 10 27 1127 150.489 -34.518 9.2 2.1 MW MEL
1993 10 29 0421 151.482 -32.741 0.0 2.9 MW MEL
1993 11 01 2348 150.832 -32.257 0.0 2.7 MW MEL
1993 11 03 2357 150.961 -32.363 0.0 2.9 MW MEL
1993 11 04 0112 151.087 -32.585 0.0 2.9 MW MEL
1993 11 07 2159 150.947 -33.796 0.0 2.1 MW MEL
1993 11 09 0248 150.849 -32.473 0.0 2.7 MW MEL
1993 11 10 0432 150.441 -34.671 0.0 1.9 MW MEL
1993 11 10 0829 149.617 -33.365 10.0 2.5 MW MEL
1993 11 13 0840 150.811 -34.342 0.0 2.2 MW MEL
1993 11 16 0259 150.596 -32.260 0.0 2.9 MW MEL
1993 11 19 0341 150.845 -34.599 0.0 1.9 MW MEL
1993 11 20 1402 150.736 -34.445 0.0 1.9 MW MEL
1993 11 26 0534 150.022 -33.365 0.0 2.5 MW MEL
1993 12 08 0228 151.656 -32.748 0.0 2.4 MW MEL
1993 12 13 0114 151.022 -32.622 0.0 2.9 MW MEL
1993 12 13 0253 151.161 -32.591 0.0 2.9 MW MEL
1993 12 14 0330 150.801 -34.125 0.0 2.3 MW MEL
1993 12 15 0154 150.800 -32.425 0.0 2.5 MW MEL
1993 12 17 0118 151.091 -32.565 0.0 2.8 MW MEL
1993 12 18 0106 150.034 -33.442 0.0 2.3 MW MEL
1994 01 07 0227 150.982 -32.435 0.0 2.7 MW MEL
1994 01 08 1603 150.506 -34.144 11.7 2.1 MW MEL
1994 01 12 0138 150.441 -34.659 0.6 1.7 MW MEL
1994 01 20 0526 151.067 -32.553 0.0 2.8 MW MEL
1994 01 20 1226 151.560 -33.911 17.0 1.9 MW MEL
1994 01 21 0241 150.808 -32.372 0.0 2.5 MW MEL
1994 01 24 0307 150.853 -32.279 0.0 2.7 MW MEL
1994 01 24 0722 151.044 -32.355 0.0 2.7 MW MEL
1994 01 25 0242 150.824 -34.600 0.0 1.9 MW MEL
1994 01 28 0128 150.965 -33.774 0.0 1.9 MW MEL
1994 01 31 0118 151.093 -32.595 0.0 2.8 MW MEL
1994 02 02 2303 151.040 -32.479 0.0 2.6 MW MEL
1994 02 03 0508 151.294 -32.858 0.0 2.5 MW MEL
1994 02 05 0001 149.991 -33.483 0.0 2.4 MW MEL
1994 02 05 0129 151.034 -32.589 0.0 2.8 MW MEL
1994 02 08 2349 150.904 -33.756 0.0 1.9 MW MEL
1994 02 11 0243 151.551 -32.649 0.0 2.5 MW MEL
1994 02 16 0047 150.839 -32.282 0.0 2.7 MW MEL
1994 02 17 0241 151.065 -32.588 0.0 2.9 MW MEL
1994 02 18 0423 151.321 -32.881 0.0 2.4 MW MEL
1994 02 21 0122 150.969 -32.538 0.0 2.9 MW MEL
1994 02 22 0059 149.662 -32.341 0.0 2.5 MW MEL
1994 02 22 0231 151.616 -32.733 0.0 2.6 MW MEL
1994 02 24 0120 151.121 -32.590 0.0 2.6 MW MEL
1994 02 24 0709 151.297 -32.484 0.0 2.6 MW MEL
1994 02 25 0042 150.954 -32.369 0.0 2.7 MW MEL
1994 02 25 0206 150.957 -32.447 0.0 2.7 MW MEL
1994 02 25 0640 150.763 -34.229 0.0 1.8 MW MEL
1994 03 02 0557 149.673 -33.425 0.0 2.3 MW MEL
1994 03 07 0116 151.049 -32.461 0.0 2.7 MW MEL
1994 03 07 0234 150.984 -32.350 0.0 2.7 MW MEL
1994 03 10 0419 150.947 -32.420 0.0 2.7 MW MEL
1994 03 11 0014 150.828 -32.312 0.0 2.8 MW MEL
1994 03 11 0352 150.453 -34.673 10.0 1.7 MW MEL
1994 03 15 2259 150.814 -32.370 0.0 2.6 MW MEL
1994 03 16 0115 150.807 -34.599 0.0 1.9 MW MEL
1994 03 17 0119 151.027 -32.455 0.0 2.9 MW MEL
1994 03 28 0359 149.828 -32.247 0.0 2.7 MW MEL
1994 03 30 0141 150.822 -34.580 0.0 1.9 MW MEL
1994 04 01 0057 150.333 -33.087 7.0 1.9 MW MEL
1994 04 02 0204 151.024 -32.429 0.0 2.9 MW MEL
1994 04 05 0239 151.226 -32.807 0.0 2.4 MW MEL
1994 04 06 2310 150.912 -33.840 0.0 1.9 MW MEL
1994 04 07 0635 151.046 -32.550 0.0 2.8 MW MEL
1994 04 11 0357 150.826 -32.271 0.0 2.9 MW MEL
1994 04 12 0943 148.937 -33.139 10.0 2.0 MW MEL
1994 04 18 0534 150.920 -33.832 0.0 1.9 MW MEL
1994 04 21 0529 149.999 -33.379 0.0 2.3 MW MEL
1994 04 29 1438 150.424 -34.041 11.5 1.9 MW MEL
1994 05 07 0450 150.602 -34.251 0.0 2.1 MW MEL
1994 05 18 0007 150.373 -34.072 16.6 1.8 MW MEL
1994 05 23 0426 150.603 -34.253 0.0 2.1 MW MEL
1994 05 27 2231 150.800 -34.577 0.0 1.9 MW MEL
1994 06 03 0459 150.828 -33.815 0.0 2.2 MW MEL
1994 06 03 0927 150.601 -34.254 0.0 1.9 MW MEL
1994 06 06 0619 150.043 -33.344 0.0 2.4 MW MEL
1994 06 06 0802 150.527 -33.784 20.3 2.4 MW MEL
1994 06 10 2341 150.244 -34.156 13.8 2.1 MW MEL
1994 06 14 2312 150.480 -34.644 0.0 1.7 MW MEL
1994 06 22 0214 151.054 -32.596 0.0 2.9 MW MEL
1994 07 14 0751 150.239 -34.520 7.0 1.8 MW MEL
1994 07 18 1916 150.517 -33.073 8.6 2.6 MW MEL
1994 07 20 0714 150.701 -34.427 0.0 1.8 MW MEL
1994 07 21 0220 151.134 -32.585 0.0 2.8 MW MEL
1994 07 21 0428 151.040 -32.416 0.0 2.7 MW MEL
1994 07 22 0402 149.469 -32.357 0.0 2.5 MW MEL
1994 07 24 2352 151.084 -32.373 0.0 2.4 MW MEL
1994 07 29 0231 151.096 -32.536 0.0 2.7 MW MEL
1994 08 02 0315 151.044 -32.564 0.0 2.7 MW MEL
1994 08 05 0405 149.532 -32.317 0.0 2.7 MW MEL
1994 08 09 0142 151.068 -32.376 0.0 2.8 MW MEL
1994 08 10 2315 150.907 -33.814 0.0 1.8 MW MEL
1994 08 11 2013 150.686 -34.708 22.4 2.0 MW MEL
1994 08 12 0043 150.876 -32.246 0.0 2.6 MW MEL
1994 08 12 1053 150.704 -34.432 2.4 2.3 MW MEL
1994 08 17 0218 151.087 -32.623 0.0 2.9 MW MEL
1994 08 26 0211 150.404 -34.074 7.0 2.0 MW MEL
1994 08 29 0119 150.987 -32.413 0.0 2.5 MW MEL
1994 09 02 0034 150.744 -32.184 0.0 2.7 MW MEL
1994 09 19 1234 150.471 -34.391 4.8 1.8 MW MEL
1994 10 01 0356 151.136 -32.413 0.0 2.5 MW MEL
1994 10 06 0430 150.747 -34.581 0.0 1.8 MW MEL
1994 10 07 0049 150.691 -34.423 2.0 2.9 MW MEL
1994 10 21 0556 149.778 -32.857 3.7 2.0 MW MEL
1994 11 22 2317 150.828 -33.826 0.1 2.2 MW MEL
1994 11 30 0239 150.992 -32.432 0.0 2.7 MW MEL
1994 12 02 0120 151.069 -32.624 0.0 2.8 MW MEL
1994 12 03 0111 150.925 -32.396 0.0 2.6 MW MEL
1994 12 22 0702 150.923 -32.328 0.0 2.6 MW MEL
1994 12 30 0030 151.033 -32.434 0.0 2.7 MW MEL
1995 01 03 1351 150.484 -34.534 7.0 2.9 MW MEL
1995 01 11 0121 151.113 -32.472 0.0 2.9 MW MEL
1995 02 09 0308 151.082 -32.574 0.0 2.8 MW MEL
1995 02 15 2301 150.937 -32.422 0.0 2.6 MW MEL
1995 02 26 0550 150.394 -33.832 9.6 2.5 MW MEL
1995 02 27 2358 150.946 -34.214 0.8 1.8 MW MEL
1995 03 01 1710 149.535 -31.874 5.2 2.6 MW MEL
1995 03 14 1007 150.237 -34.277 15.7 1.9 MW MEL
1995 04 04 0345 150.364 -33.888 8.5 1.9 MW MEL
1995 04 06 1034 150.470 -33.473 12.8 2.4 MW MEL
1995 04 08 0325 150.656 -33.766 0.0 2.0 MW MEL
1995 04 19 0332 151.018 -32.575 0.0 2.9 MW MEL
1995 05 01 1058 150.465 -33.474 15.1 2.3 MW MEL
1995 05 05 2119 150.733 -34.304 0.0 2.1 MW MEL
1995 05 12 0217 151.052 -32.624 0.0 2.9 MW MEL
1995 05 17 0558 149.495 -33.395 13.1 2.1 MW MEL
1995 05 29 0054 150.866 -32.442 0.0 2.6 MW MEL
1995 06 25 1502 149.122 -32.454 3.6 2.5 MW MEL
1995 06 26 0953 150.820 -34.317 0.0 2.1 MW MEL
1995 07 03 0213 151.048 -32.524 0.0 2.7 MW MEL
1995 07 04 0808 150.402 -33.813 8.4 1.9 MW MEL
1995 07 05 0352 150.986 -32.430 0.0 2.8 MW MEL
1995 07 06 0055 150.935 -32.348 0.0 2.8 MW MEL
1995 07 06 0425 150.050 -33.520 12.0 2.5 MW CAN
1995 07 07 0004 150.081 -34.748 0.0 2.2 MW MEL
1995 07 09 1454 150.169 -34.792 15.6 1.7 MW MEL
1995 07 11 0702 150.338 -33.767 7.2 2.1 MW MEL
1995 07 14 0125 150.898 -32.248 0.0 2.9 MW MEL
1995 07 15 1305 149.350 -32.620 1.0 2.4 MW CAN
1995 07 20 0055 150.770 -35.110 12.0 2.4 MW CAN
1995 07 20 0416 150.967 -32.444 0.0 2.9 MW MEL
1995 07 28 0220 151.127 -32.606 0.0 2.9 MW MEL
1995 08 12 0648 149.997 -32.983 1.0 2.5 MW MEL
1995 08 25 0647 150.344 -34.112 12.2 2.1 MW MEL
1995 08 26 1216 150.451 -33.436 10.0 2.0 MW MEL
1995 09 06 0953 151.383 -34.404 9.0 2.2 MW MEL
1995 09 24 1651 150.299 -34.164 13.0 1.9 MW MEL
1995 09 26 1539 150.391 -33.830 9.3 2.2 MW MEL
1995 10 10 0730 150.960 -32.440 0.0 2.8 MW MEL
1995 10 13 0217 151.051 -32.616 0.0 2.8 MW MEL
1995 10 14 0106 150.734 -34.437 0.0 1.7 MW MEL
1995 10 16 0210 150.918 -33.841 0.0 1.8 MW MEL
1995 10 17 0326 150.744 -33.797 0.0 2.0 MW MEL
1995 10 19 0139 150.981 -32.455 0.0 2.8 MW MEL
1995 10 20 0137 150.708 -34.426 0.0 1.7 MW MEL
1995 10 26 0139 151.502 -32.688 0.0 2.6 MW MEL
1995 10 30 0113 150.818 -34.638 0.0 1.9 MW MEL
1995 11 05 1053 150.355 -33.830 16.7 2.3 MW MEL
1995 12 08 1529 150.395 -33.825 7.0 2.1 MW MEL
1995 12 31 1051 150.537 -33.283 10.0 1.8 MW MEL
1996 01 12 1229 151.258 -32.866 0.0 2.7 MW MEL
1996 01 18 0314 149.899 -33.007 0.0 2.4 MW MEL
1996 01 29 0030 151.043 -32.523 10.0 2.9 MW MEL
1996 02 03 1441 149.753 -33.498 10.0 1.7 MW MEL
1996 02 10 0157 150.071 -33.360 0.0 2.3 MW MEL
1996 03 01 0100 149.773 -32.254 0.0 2.9 MW MEL
1996 03 08 0155 151.056 -32.558 0.0 2.9 MW MEL
1996 03 11 1004 150.711 -34.428 0.0 2.0 MW MEL
1996 03 13 0233 151.594 -32.712 10.0 2.2 MW MEL
1996 03 25 1711 150.385 -34.113 11.5 1.8 MW MEL
1996 03 27 0307 150.704 -34.430 4.7 2.0 MW MEL
1996 03 30 0203 149.935 -33.382 0.0 2.2 MW MEL
1996 04 04 0311 150.058 -33.403 0.0 2.3 MW MEL
1996 04 04 0749 150.490 -34.028 0.0 1.8 MW MEL
1996 04 06 0947 150.276 -34.168 12.4 1.9 MW MEL
1996 04 15 1754 150.480 -34.020 3.1 1.9 MW MEL
1996 04 18 0059 150.022 -33.432 0.0 2.3 MW MEL
1996 04 24 0311 150.017 -33.442 0.0 2.1 MW MEL
1996 05 11 0734 149.952 -33.060 0.0 2.1 MW MEL
1996 05 12 1843 151.285 -32.825 3.4 2.5 MW MEL
1996 05 21 1008 150.323 -34.174 17.1 2.2 MW MEL
1996 06 06 0254 150.288 -34.128 19.9 2.8 MW MEL
1996 06 15 0205 150.011 -33.411 0.0 2.5 MW MEL
1996 07 02 1042 150.626 -34.495 14.2 1.9 MW MEL
1996 07 02 2332 150.075 -33.371 0.0 2.3 MW MEL
1996 08 15 1405 151.318 -32.852 6.4 2.5 MW MEL
1996 08 30 1635 150.478 -34.139 18.8 2.2 MW MEL
1996 10 02 0358 151.034 -32.564 0.0 2.9 MW MEL
1996 11 01 0237 150.192 -34.488 7.9 2.1 MW MEL
1996 11 02 1144 150.721 -34.428 2.3 1.9 MW MEL
1996 11 08 0112 151.015 -32.407 0.0 2.7 MW MEL
1996 11 11 0314 151.102 -32.542 0.0 2.6 MW MEL
1996 11 11 0702 151.023 -32.439 0.0 2.7 MW MEL
1996 11 12 0059 149.684 -32.249 0.0 2.8 MW MEL
1996 11 20 0303 150.917 -32.331 0.0 2.9 MW MEL
1996 12 07 1120 150.375 -34.327 13.0 2.0 MW MEL
1997 01 06 0953 151.096 -34.037 5.5 2.2 MW MEL
1997 01 12 0231 151.224 -32.724 7.3 2.8 MW MEL
1997 02 13 2337 150.991 -32.374 0.0 2.5 MW MEL
1997 03 03 2356 150.385 -34.057 13.3 2.2 MW MEL
1997 03 13 2210 151.551 -32.941 0.0 2.4 MW MEL
1997 03 14 0657 150.030 -33.566 7.0 1.9 MW MEL
1997 03 18 1515 151.452 -32.526 0.0 2.6 MW MEL
1997 03 29 0252 150.269 -34.189 8.6 1.8 MW MEL
1997 04 03 0357 150.969 -32.567 0.0 2.9 MW MEL
1997 04 07 0340 151.015 -32.588 0.0 2.9 MW MEL
1997 04 07 0546 150.475 -33.686 16.3 2.0 MW MEL
1997 04 08 0157 151.586 -32.920 0.0 2.5 MW MEL
1997 04 11 0212 151.092 -32.492 0.0 2.5 MW MEL
1997 04 11 0236 151.001 -32.330 0.0 2.5 MW MEL
1997 04 14 0617 150.828 -33.819 0.0 2.0 MW MEL
1997 04 14 0625 150.491 -34.518 8.0 2.0 MW MEL
1997 05 23 0355 150.764 -33.891 0.0 2.2 MW MEL
1997 06 02 0356 150.756 -33.891 0.0 2.2 MW MEL
1997 06 25 0201 149.656 -32.208 0.0 2.7 MW MEL
1997 07 06 2322 148.947 -32.314 11.3 2.6 MW MEL
1997 07 12 1319 150.206 -34.282 7.0 1.8 MW MEL
1997 07 13 1553 150.518 -33.726 10.6 2.0 MW MEL
1997 07 15 0506 150.465 -33.775 11.0 1.8 MW MEL
1997 07 29 0356 150.757 -33.877 0.0 2.3 MW MEL
1997 08 07 1245 150.113 -33.653 5.0 2.7 MW MEL
1997 08 21 0105 150.818 -33.793 0.0 2.1 MW MEL
1997 08 23 0850 149.960 -33.056 0.0 2.3 MW MEL
1997 08 28 1353 150.144 -33.649 5.0 1.8 MW MEL
1997 09 02 0537 150.481 -34.020 0.0 2.0 MW MEL
1997 09 24 0230 150.980 -32.551 0.0 2.9 MW MEL
1997 09 27 1548 150.241 -33.726 7.0 2.0 MW MEL
1997 10 08 0400 150.741 -33.868 0.0 2.1 MW MEL
1997 10 14 0400 150.727 -33.818 0.0 2.0 MW MEL
1997 10 16 0400 149.712 -32.281 0.0 2.5 MW MEL
1997 10 16 1326 150.479 -33.649 2.0 1.8 MW MEL
1997 10 27 2154 150.353 -34.199 15.3 2.1 MW MEL
1997 10 30 0136 150.929 -33.798 0.0 2.1 MW MEL
1997 11 04 0851 150.009 -32.981 0.0 2.5 MW MEL
1997 11 14 0914 150.462 -33.584 12.1 2.4 MW MEL
1997 12 16 1451 150.353 -33.822 15.0 2.3 MW MEL
1997 12 18 0059 150.549 -34.419 14.1 2.2 MW MEL
1998 01 20 0056 151.090 -32.366 0.0 2.7 MW MEL
1998 01 29 0100 149.564 -32.335 0.0 2.7 MW MEL
1998 02 02 2050 150.454 -34.005 0.0 2.0 MW MEL
1998 03 30 0228 149.837 -33.769 0.0 2.1 MW MEL
1998 04 09 0313 151.578 -32.748 0.0 2.6 MW MEL
1998 04 10 0341 151.071 -34.042 5.3 1.8 MW MEL
1998 04 17 0145 150.032 -33.387 0.0 2.3 MW MEL
1998 04 17 0955 150.179 -33.493 2.9 2.1 MW MEL
1998 04 28 0308 149.747 -32.206 0.0 2.7 MW MEL
1998 05 13 0139 149.884 -33.763 1.0 2.0 MW MEL
1998 06 05 0359 149.744 -32.026 0.0 2.9 MW MEL
1998 06 15 0427 150.919 -32.435 0.0 2.4 MW MEL
1998 06 19 2206 151.369 -32.303 7.0 2.7 MW MEL
1998 06 23 2139 150.140 -34.380 14.3 2.1 MW MEL
1998 06 25 1201 150.517 -34.140 9.6 1.8 MW MEL
1998 07 03 0559 149.707 -32.206 0.0 2.5 MW MEL
1998 08 01 1304 150.287 -34.228 11.0 2.0 MW MEL
1998 08 15 0741 150.550 -34.574 7.3 2.0 MW MEL
1998 08 29 1258 150.231 -34.462 7.0 2.2 MW MEL
1998 10 30 0203 150.771 -33.918 6.6 2.4 MW MEL
1998 10 30 2258 151.572 -32.455 10.0 2.6 MW MEL
1998 11 06 0258 150.764 -33.889 0.0 1.8 MW MEL
1998 11 08 2016 150.324 -34.487 14.3 2.2 MW MEL
1998 11 18 0527 150.663 -34.512 13.7 2.1 MW MEL
1998 11 19 0801 150.567 -34.469 16.2 2.1 MW MEL
1998 12 28 1002 150.334 -34.013 7.0 2.0 MW MEL
1999 01 09 1801 150.503 -34.138 10.0 1.8 MW MEL
1999 01 21 0511 151.105 -32.386 0.0 2.5 MW MEL
1999 02 10 0519 150.994 -34.025 0.0 1.8 MW MEL
1999 03 13 0134 151.075 -32.414 0.0 2.8 MW MEL
1999 05 17 2054 150.437 -33.707 15.4 2.1 MW MEL
1999 06 04 1120 149.857 -33.994 7.7 1.9 MW MEL
1999 07 30 1907 150.165 -33.649 2.9 2.4 MW MEL
1999 08 06 0456 150.028 -33.323 0.0 2.3 MW MEL
1999 08 06 0636 150.203 -34.644 10.0 1.9 MW MEL
1999 08 12 0357 150.062 -33.270 0.0 2.2 MW MEL
1999 08 12 1220 151.528 -32.849 0.0 2.1 MW MEL
1999 08 12 1638 150.452 -33.689 3.4 2.0 MW MEL
1999 08 24 0622 150.439 -33.983 0.0 2.0 MW MEL
1999 09 13 1653 150.166 -33.683 3.1 2.3 MW MEL
1999 09 29 0042 150.492 -34.523 7.0 2.7 MW MEL
1999 10 11 2024 150.459 -33.521 11.5 2.5 MW MEL
1999 10 18 0307 150.352 -34.162 16.3 2.3 MW MEL
1999 11 02 0024 150.897 -32.315 10.0 2.7 MW MEL
1999 11 02 0245 150.613 -33.886 0.0 2.2 MW MEL
1999 11 02 0331 151.023 -32.552 0.0 2.8 MW MEL
1999 11 02 0651 151.218 -32.444 20.7 2.9 MW MEL
1999 12 03 1903 150.340 -33.829 16.9 2.1 MW MEL
1999 12 18 0750 150.263 -34.687 10.0 2.1 MW MEL
2000 01 08 0954 150.359 -33.756 10.0 2.0 MW MEL
2000 01 26 0210 150.089 -33.286 0.0 2.3 MW MEL
2000 01 31 1828 150.515 -34.494 10.0 1.9 MW MEL
2000 03 02 0229 150.979 -32.522 0.0 2.7 MW MEL
2000 04 10 0444 150.889 -34.644 0.0 2.2 MW AGSO
2000 04 26 2330 151.653 -33.038 10.0 2.5 MW MEL
2000 04 28 1441 150.858 -34.340 6.6 2.1 MW MEL
2000 05 10 0641 149.995 -33.040 11.0 2.5 MW MEL
2000 05 15 1011 150.567 -33.798 12.8 2.0 MW MEL
2000 05 30 0621 149.633 -32.618 0.0 2.7 MW MEL
2000 06 08 0209 150.966 -32.367 0.0 2.7 MW MEL
2000 06 08 0509 150.081 -34.776 0.0 2.1 MW MEL
2000 06 24 0627 150.262 -33.950 10.0 1.9 MW MEL
2000 06 27 0222 151.052 -32.577 0.0 2.8 MW MEL
2000 07 17 0714 150.643 -34.664 10.0 1.7 MW MEL
2000 07 20 0521 149.459 -33.336 10.0 2.3 MW MEL
2000 07 25 0829 151.313 -34.310 15.6 2.8 MW MEL
2000 08 14 2254 150.417 -34.080 15.0 1.8 MW MEL
2000 08 17 0633 149.870 -33.066 10.0 2.2 MW MEL
2000 09 06 2319 150.822 -34.342 11.1 2.3 MW MEL
2000 09 18 0809 150.699 -32.671 2.0 2.7 MW MEL
2000 10 08 0352 150.936 -33.920 19.9 2.7 MW MEL
2000 10 21 1655 150.453 -34.044 10.0 1.9 MW MEL
2000 10 27 1740 150.770 -34.471 15.2 2.5 MW MEL
2000 11 06 0321 150.326 -34.161 9.1 2.0 MW MEL
2000 11 27 0208 150.809 -33.763 0.0 1.8 MW MEL
2000 11 28 0301 149.818 -33.419 0.0 2.0 MW MEL
2000 12 04 0319 151.193 -32.433 10.0 2.9 MW MEL
2000 12 12 0110 150.011 -33.427 0.0 2.0 MW MEL
2000 12 12 1344 150.743 -34.232 2.1 1.8 MW MEL
2000 12 20 0426 149.278 -32.448 0.0 2.7 MW AUST
2001 01 03 0735 150.778 -32.080 0.0 2.7 MW MEL
2001 01 04 0152 151.281 -33.130 10.0 2.6 MW MEL
2001 01 05 0112 151.037 -32.301 0.0 2.9 MW MEL
2001 02 10 2320 150.429 -34.026 0.0 1.8 MW MEL
2001 02 21 0552 151.042 -32.576 0.0 2.5 MW MEL
2001 03 18 0652 148.620 -32.854 0.0 2.5 MW AUST
2001 03 22 0648 151.090 -32.460 0.0 2.8 MW MEL
2001 05 25 0705 149.970 -32.950 11.0 2.5 MW AUST
2001 06 01 0044 150.485 -34.463 7.0 2.0 MW MEL
2001 06 02 1334 150.089 -33.888 7.0 1.9 MW MEL
2001 06 26 1015 150.266 -34.201 14.8 2.3 MW MEL
2001 08 03 0217 151.016 -32.501 0.0 2.5 MW MEL
2001 08 15 1432 151.670 -33.030 2.0 2.5 MW AUST
2001 08 31 0634 151.075 -32.616 0.0 2.9 MW MEL
2001 08 31 2151 150.937 -32.496 0.0 2.7 MW GG
2001 09 04 0416 149.561 -32.131 0.0 2.9 MW MEL
2001 10 04 0547 150.627 -32.510 0.0 2.8 MW MEL
2001 10 05 0349 150.631 -33.885 0.0 1.8 MW MEL
2001 10 10 0339 151.086 -32.601 0.0 2.6 MW MEL
2001 10 11 2303 150.261 -32.475 0.0 2.7 MW MEL
2001 10 24 1546 150.736 -32.196 0.0 2.9 MW MEL
2001 11 09 1826 152.075 -32.755 3.7 2.7 MW MEL
2001 11 24 0132 151.080 -32.607 0.0 2.8 MW MEL
2001 12 05 2241 151.027 -32.384 0.0 2.7 MW MEL
2001 12 14 0357 150.223 -32.488 0.0 2.8 MW MEL
2001 12 21 0055 151.222 -32.643 0.0 2.8 MW MEL
2002 01 07 0051 150.707 -34.220 3.8 2.1 MW MEL
2002 01 11 0456 151.033 -32.568 0.0 2.9 MW MEL
2002 01 30 2208 150.864 -32.521 0.0 2.8 MW MEL
2002 03 03 0223 150.389 -34.023 10.0 2.0 MW MEL
2002 03 27 1817 149.926 -34.107 10.0 2.3 MW MEL
2002 04 24 0323 150.895 -34.601 0.0 2.0 MW MEL
2002 06 23 0359 150.585 -33.636 10.0 2.3 MW MEL
2002 08 01 0349 149.937 -34.469 10.0 1.9 MW MEL
2002 08 01 0541 150.924 -33.864 0.0 2.1 MW MEL
2002 08 02 0209 151.048 -32.412 10.0 2.6 MW MEL
2002 08 06 0431 150.013 -33.783 10.0 2.7 MW MEL
2002 08 16 1046 150.280 -33.710 12.1 2.5 MW MEL
2002 10 11 1302 149.804 -32.178 0.0 2.6 MW AUST
2002 10 15 0614 150.970 -32.297 0.0 2.9 MW MEL
2002 10 16 1857 149.767 -32.138 2.0 2.7 MW AUST
2002 11 04 0012 150.855 -32.472 0.0 2.8 MW MEL
2002 11 09 1850 151.466 -32.873 10.0 2.6 MW MEL
2002 11 19 0502 150.953 -33.215 10.0 2.7 MW MEL
2002 11 26 0501 149.692 -32.230 0.0 2.5 MW MEL
2002 11 29 0123 150.824 -33.814 0.0 2.2 MW MEL
2003 01 01 1041 149.933 -33.813 5.9 2.1 MW MEL
2003 01 24 0440 150.091 -34.402 10.0 2.3 MW MEL
2003 01 28 0501 150.871 -33.862 0.0 2.3 MW MEL
2003 02 03 2241 150.459 -32.427 10.0 2.8 MW MEL
2003 02 10 2046 150.303 -34.329 10.0 2.1 MW MEL
2003 04 01 0735 150.701 -32.321 0.0 2.8 MW MEL
2003 04 02 0332 150.484 -32.389 0.0 2.5 MW MEL
2003 04 30 0250 150.789 -34.153 15.3 1.9 MW MEL
2003 05 27 0417 151.673 -33.861 10.0 2.6 MW MEL
2003 06 24 1627 149.741 -32.131 2.0 2.9 MW AUST
2003 06 25 0247 150.511 -34.695 2.8 1.9 MW MEL
2003 07 18 0532 150.935 -33.788 0.0 2.1 MW MEL
2003 08 19 0503 150.127 -34.475 10.0 2.8 MW MEL
2003 08 20 2253 150.894 -33.735 0.0 2.5 MW MEL
2003 09 18 2109 151.629 -32.408 0.0 2.5 MW MEL
2003 10 02 0307 150.179 -34.806 0.0 2.1 MW MEL
2003 10 27 0138 150.736 -34.418 0.0 1.9 MW MEL
2003 11 08 0453 150.258 -34.205 9.8 2.1 MW MEL
2003 12 09 2047 150.159 -33.381 1.3 2.6 MW MEL
2004 02 10 0230 149.016 -33.056 10.0 2.3 MW MEL
2004 02 17 1734 150.474 -34.291 10.0 2.0 MW MEL
2004 03 06 0849 150.044 -32.975 10.0 2.2 MW MEL
2004 03 10 0316 150.856 -33.771 0.0 2.7 MW MEL
2004 03 12 0512 150.937 -32.448 10.0 2.8 MW MEL
2004 03 19 0128 151.073 -34.658 10.0 1.9 MW MEL
2004 03 26 2011 150.756 -33.949 13.2 2.5 MW MEL
2004 04 12 1720 150.436 -34.054 10.0 2.1 MW MEL
2004 04 21 0432 150.866 -34.603 10.0 2.1 MW MEL
2004 04 24 1508 151.246 -32.532 0.0 1.9 MW MEL
2004 05 26 0549 151.041 -32.496 10.0 2.9 MW MEL
2004 05 28 1838 150.859 -32.195 0.0 2.5 MW MEL
2004 06 19 0742 151.283 -32.247 5.0 2.2 MW MEL
2004 07 05 0240 150.998 -32.645 0.0 2.2 MW MEL
2004 07 09 0417 150.961 -32.589 0.0 2.8 MW MEL
2004 07 28 0459 150.859 -34.589 0.0 2.1 MW MEL
2004 08 09 0014 150.989 -32.332 0.0 2.4 MW MEL
2004 08 10 1030 150.539 -34.324 3.0 2.1 MW MEL
2004 08 17 0409 151.187 -32.473 0.1 2.6 MW MEL
2004 08 27 0533 151.299 -32.235 0.0 2.8 MW MEL
2004 08 30 2008 150.479 -34.507 10.0 2.5 MW MEL
2004 09 06 0310 150.754 -32.487 0.0 2.9 MW MEL
2004 10 02 2137 151.013 -34.071 0.0 2.4 MW MEL
2004 10 13 0830 149.299 -32.538 0.0 2.7 MW AUST
2004 10 16 0623 150.412 -33.345 10.0 2.1 MW MEL
2004 10 29 0420 150.885 -32.454 10.0 2.8 MW MEL
2004 11 16 0507 150.539 -32.428 0.0 2.6 MW MEL
2004 11 25 2013 150.875 -34.361 14.0 1.9 MW MEL
2004 12 02 0844 150.462 -33.910 8.7 2.4 MW MEL
2004 12 03 0330 151.117 -32.325 0.0 2.7 MW MEL
2004 12 29 0548 150.730 -33.933 9.6 2.9 MW AUST
2005 04 08 1332 150.659 -32.715 10.0 2.8 MW MEL
2005 05 19 1330 150.729 -33.884 10.0 2.3 MW MEL
2005 06 28 0505 150.151 -34.840 0.0 2.5 MW MEL
2005 08 03 0349 150.267 -34.926 10.0 2.2 MW MEL
2005 08 16 1016 150.282 -34.467 5.0 2.0 MW MEL
2005 09 01 0321 150.814 -34.569 0.0 2.0 MW MEL
2005 09 27 1035 150.202 -34.036 10.0 2.0 MW MEL
2005 10 14 1921 150.143 -34.357 10.0 2.0 MW MEL
2005 10 19 2306 149.990 -33.366 0.0 2.8 MW MEL
2005 11 13 1854 150.247 -34.440 10.0 2.1 MW MEL
2005 11 25 1951 150.276 -34.467 5.6 2.4 MW MEL
2006 01 23 1055 150.547 -34.190 10.0 1.9 MW MEL
2006 02 02 0608 150.567 -34.337 10.0 2.1 MW MEL
2006 02 14 1957 150.753 -34.489 10.0 1.9 MW MEL
2006 03 04 1240 150.665 -33.916 2.0 2.3 MW AUST
2006 03 04 1242 150.778 -34.004 4.4 2.1 MW MEL
2006 04 18 0122 150.872 -34.633 14.4 2.2 MW MEL
2006 04 29 2107 150.528 -33.749 12.4 2.3 MW MEL
2006 05 04 0922 149.278 -32.236 10.0 2.7 MW MEL
2006 05 10 1458 151.423 -33.879 10.0 2.5 MW MEL
2006 06 05 1125 150.495 -34.525 4.2 2.1 MW MEL
2006 06 05 2210 151.119 -32.294 4.0 2.4 MW GG
2006 07 29 0525 150.952 -34.506 7.0 2.4 MW MEL
2006 07 30 0109 148.491 -32.343 11.0 2.7 MW AUST
2006 08 12 0011 150.949 -32.320 14.4 2.6 MW MEL
2006 09 06 1414 151.246 -32.694 10.0 2.4 MW MEL
2006 09 08 0855 151.421 -32.312 10.3 2.2 MW MEL
2006 11 06 1424 150.370 -33.820 8.3 1.9 MW MEL
2006 11 10 0122 150.468 -33.559 6.0 2.7 MW MEL
2006 11 18 1804 150.282 -34.086 5.0 2.4 MW MEL
2006 12 22 2153 150.448 -34.004 8.8 2.3 MW MEL
2007 02 11 0614 150.232 -34.191 6.6 2.3 MW MEL
2007 02 19 0043 150.754 -34.217 6.9 2.1 MW MEL
2007 04 12 2327 150.465 -33.572 10.0 2.2 MW MEL
2007 06 12 1615 150.767 -33.906 10.0 2.1 MW MEL
2007 09 02 1015 150.424 -33.738 14.7 2.2 MW MEL
2007 09 03 1811 150.391 -34.164 7.9 2.4 MW MEL
2007 10 26 0222 150.920 -34.678 15.0 2.5 MW AUST
2007 11 06 2309 149.425 -33.289 11.0 2.9 MW AUST
2007 11 12 1500 150.149 -33.233 10.0 2.8 MW MEL
2008 01 21 1829 150.574 -34.414 10.0 2.3 MW MEL
2008 01 29 0142 150.411 -33.889 10.0 2.1 MW MEL
2008 02 08 0203 150.114 -33.363 0.0 2.6 MW MEL
2008 02 09 0105 151.064 -33.917 7.0 2.8 MW MEL
2008 02 10 1253 150.519 -33.266 7.2 2.9 MW MEL
2008 02 26 2237 151.498 -33.801 0.0 2.5 MW AUST
2008 03 12 0527 150.978 -34.041 0.0 2.5 MW MEL
2008 03 14 0249 150.917 -33.880 3.6 2.2 MW MEL
2008 03 17 0111 150.911 -34.684 16.0 2.5 MW AUST
2008 04 01 0017 150.453 -34.949 0.0 1.9 MW MEL
2008 04 01 2322 149.492 -33.409 2.1 2.8 MW AUST
2008 04 02 1529 151.672 -32.700 0.0 2.8 MW MEL
2008 04 07 1516 150.691 -33.839 11.5 2.4 MW MEL
2008 05 05 1727 150.131 -34.334 10.0 1.9 MW MEL
2008 05 23 0444 150.792 -34.585 0.0 2.2 MW MEL
2008 05 26 0515 150.798 -34.599 0.0 2.7 MW MEL
2008 05 27 1823 150.170 -33.371 0.0 2.9 MW MEL
2008 06 03 0516 150.807 -34.610 0.0 2.1 MW MEL
2008 06 10 1200 150.182 -33.405 0.0 2.6 MW MEL
2008 06 12 0712 150.594 -33.383 10.0 2.4 MW MEL
2008 06 19 1605 151.304 -33.881 2.9 2.0 MW MEL
2008 08 30 1757 150.760 -34.180 6.2 2.3 MW MEL
2008 10 13 1059 150.402 -33.834 2.6 2.5 MW MEL
2008 12 04 0535 149.963 -32.966 0.0 2.8 MW MEL
2008 12 04 1109 150.872 -32.410 10.0 2.8 MW MEL
2008 12 22 0829 150.315 -34.027 10.0 2.1 MW MEL
2009 01 04 1753 150.378 -34.762 7.5 2.6 MW AUST
2009 01 04 1818 149.930 -33.431 10.0 2.6 MW MEL
2009 01 18 1557 150.488 -34.065 9.7 2.4 MW AUST
2009 01 28 1259 150.413 -34.049 10.0 2.3 MW MEL
2009 02 05 0354 150.094 -34.751 0.0 1.9 MW MEL
2009 03 20 2319 150.175 -34.503 10.0 1.9 MW MEL
2009 04 03 0338 150.828 -34.641 0.0 1.9 MW MEL
2009 04 08 2240 150.174 -34.513 10.0 2.1 MW MEL
2009 06 15 1306 148.121 -32.218 10.0 2.5 MW AUST
2009 07 02 0150 151.035 -32.385 0.0 2.7 MW MEL
2009 08 31 0813 150.340 -34.531 10.0 1.9 MW MEL
2009 10 09 1940 150.433 -34.043 10.0 2.0 MW MEL
2009 10 20 0427 150.345 -33.826 16.0 2.1 MW MEL
2009 10 28 0401 150.168 -34.857 0.0 2.5 MW MEL
2009 11 07 1655 148.991 -33.153 7.0 2.6 MW MEL
2009 11 20 0027 150.200 -33.607 10.0 2.5 MW MEL
2009 12 02 2126 150.192 -33.380 0.0 2.1 MW MEL
2010 01 11 0535 150.509 -34.530 10.0 2.1 MW MEL
2010 01 12 0038 149.944 -32.221 10.0 2.6 MW MEL
2010 01 12 0103 151.102 -32.447 10.0 2.6 MW MEL
2010 01 12 0108 150.000 -33.295 0.0 2.3 MW MEL
2010 01 13 2322 150.802 -34.583 0.0 1.9 MW MEL
2010 01 31 1758 150.357 -33.800 10.0 2.2 MW MEL
2010 02 06 1931 150.258 -33.380 7.1 2.7 MW GG
2010 02 10 0135 149.815 -33.314 0.0 2.3 MW MEL
2010 02 17 1812 151.517 -32.983 0.0 2.8 MW AUST
2010 02 23 2227 150.457 -33.287 10.0 2.7 MW MEL
2010 03 25 1737 150.756 -34.164 0.8 2.3 MW MEL
2010 04 06 0452 150.225 -34.922 0.0 1.9 MW MEL
2010 04 16 1926 149.659 -32.186 0.0 2.9 MW MEL
2010 05 20 1932 150.965 -34.384 2.0 2.7 MW MEL
2010 05 31 1920 149.643 -32.614 0.0 2.9 MW AUST
