1941 06 27 0755 137.340 -25.950   0.0 6.52 MW BMR
1961 06 18 1613 119.300 -20.100  13.0 4.37 MW MGO
1963 03 14 0157 137.500 -25.700  10.0 4.71 MW USCGS
1964 03 23 2241 123.042 -17.875  27.3 4.95 MW EHB
1965 09 10 1224 122.200 -18.100  18.0 4.12 MW MGO
1967 10 12 1031 123.900 -17.900  18.0 4.23 MW MGO
1968 02 02 1009 114.700 -23.300  18.0 3.29 MW MGO
1968 06 13 0644 131.183 -20.973  33.0 4.23 MW USCGS
1968 06 19 0555 124.900 -19.100  18.0 4.95 MW ISC
1968 07 31 1651 124.400 -30.800  18.0 3.99 MW MGO
1968 08 02 2045 133.100 -22.780  30.0 4.59 MW ISC
1968 08 06 1908 123.200 -18.500  18.0 5.19 MW MGO
1968 11 12 1023 124.000 -31.600  18.0 4.35 MW MGO
1969 02 17 0905 132.195 -33.485   3.4 3.34 MW ADE
1969 06 17 1954 116.730 -25.260   0.0 4.59 MW BMR
1969 06 19 2101 114.700 -23.300   7.0 3.87 MW MGO
1969 06 23 1414 123.100 -17.600   7.0 4.71 MW MGO
1969 08 11 0855 115.700 -24.900   7.0 3.62 MW MGO
1969 08 17 1755 116.000 -25.100   7.0 3.87 MW MGO
1969 09 14 2258 123.100 -17.900   7.0 4.59 MW MGO
1969 10 27 1139 131.320 -22.800   0.0 4.23 MW BMR
1970 02 08 1631 125.080 -27.400   1.0 4.95 MW ISC
1970 03 24 1035 126.673 -22.059  15.0 5.87 MW EHB
1971 01 17 1128 128.680 -27.327   2.2 3.21 MW ADE
1971 01 25 1309 137.021 -28.499   1.1 3.00 MW ADE
1971 05 12 0916 115.200 -22.900   0.0 3.38 MW MGO
1971 05 19 0422 115.500 -22.900   0.0 3.75 MW MGO
1971 07 12 1156 136.151 -28.786   5.8 3.28 MW ADE
1971 09 10 1634 127.280 -26.310   0.0 3.87 MW BMR
1971 09 18 1352 124.170 -28.260   0.0 3.03 MW BMR
1971 11 05 1611 139.778 -30.314   7.2 3.71 MW ADE
1972 01 16 0343 124.000 -31.000   0.0 3.31 MW MGO
1972 01 18 1033 126.580 -22.980   0.0 3.93 MW BMR
1972 01 29 0410 124.500 -21.000   0.0 3.14 MW MGO
1972 02 05 1620 125.610 -27.070   0.0 3.73 MW BMR
1972 04 07 2208 124.900 -18.290   0.0 3.95 MW BMR
1972 04 08 0751 126.800 -23.140   0.0 3.62 MW BMR
1972 04 20 0929 118.200 -23.330   0.0 3.75 MW BMR
1972 05 20 0347 124.600 -28.100   0.0 3.62 MW MGO
1972 07 22 0419 126.710 -28.030   0.0 4.47 MW MGO
1972 07 25 0243 119.050 -22.730   0.0 3.62 MW BMR
1972 08 28 0218 136.326 -24.992  13.4 5.55 MW EHB
1972 10 21 0233 115.550 -24.880   0.0 4.57 MW BMR
1972 12 07 0744 120.600 -18.100   0.0 3.41 MW MGO
1972 12 21 1343 124.300 -30.700   0.0 3.75 MW MGO
1973 01 26 0441 138.350 -25.510   0.0 3.52 MW BMR
1973 03 11 1604 127.418 -21.889  10.0 4.83 MW ISC
1973 07 24 1117 126.533 -22.009  10.0 5.43 MW ISC
1973 09 27 2002 116.000 -22.200  10.0 3.32 MW MGO
1973 10 15 0649 136.198 -25.792  38.1 3.21 MW ADE
1973 12 04 0930 116.300 -21.900  10.0 3.50 MW MGO
1974 04 17 0721 123.986 -29.581  33.0 4.42 MW ISC
1974 11 06 0843 136.772 -24.900   7.5 3.00 MW ADE
1975 01 10 0820 126.110 -27.740   0.0 5.55 MW MGO
1975 02 08 1133 116.100 -24.900   0.0 3.99 MW MGO
1975 03 07 2013 126.580 -25.860   0.0 4.71 MW MGO
1975 05 11 0046 122.770 -21.150  10.0 3.85 MW MGO
1975 08 25 1128 123.286 -18.958   0.0 4.47 MW ISC
1975 11 28 1755 115.560 -21.530   0.0 4.59 MW MGO
1976 02 28 0652 137.102 -29.554   0.0 3.00 MW ADE
1976 03 15 1538 125.470 -32.340  10.0 5.07 MW MGO
1976 04 18 1950 126.546 -22.184  51.0 4.35 MW ISC
1976 06 11 0427 125.250 -18.670   0.0 3.32 MW MGO
1976 10 21 1112 126.665 -22.347  33.0 4.71 MW USGS
1976 11 28 1834 122.417 -18.618  33.0 4.11 MW ISC
1977 03 11 0228 134.749 -29.236   4.6 3.14 MW ADE
1977 04 09 0947 117.440 -34.440   0.0 3.33 MW MGO
1977 05 15 1916 117.950 -35.000  10.0 4.01 MW MGO
1977 08 17 2116 125.424 -29.797   0.0 3.96 MW ISC
1977 09 06 0122 138.566 -28.948  25.9 3.28 MW ADE
1977 09 14 1638 135.518 -27.149  25.7 3.28 MW ADE
1977 10 24 1220 124.510 -23.860   0.0 3.08 MW MGO
1977 11 03 0356 127.000 -22.600  10.0 3.62 MW MGO
1977 11 22 0800 120.400 -19.600   0.0 3.50 MW MGO
1977 12 30 1009 117.172 -25.245  33.0 4.69 MW ISC
1978 01 17 2215 115.520 -22.720  30.0 3.22 MW MGO
1978 03 23 0235 131.000 -22.980  10.0 3.47 MW BMR
1978 05 01 0342 115.503 -23.464   0.0 4.71 MW ISC
1978 05 06 1952 126.560 -19.550  17.0 5.07 MW BMR
1978 05 31 1725 125.250 -32.760  10.0 3.01 MW MGO
1978 08 05 1208 130.770 -23.230   0.0 3.49 MW BMR
1978 11 18 0511 136.361 -27.992  19.1 3.43 MW ADE
1978 12 12 0651 126.420 -22.052  19.0 4.11 MW ISC
1979 03 17 0345 137.192 -25.128  26.4 3.07 MW ADE
1979 04 24 2314 129.160 -26.340   0.0 4.32 MW BMR
1979 06 10 0033 140.265 -28.306  15.3 3.21 MW ADE
1979 06 18 2015 123.925 -29.643   0.0 3.66 MW ISC
1979 07 14 0940 122.755 -18.103  15.0 5.00 MW EHB
1979 08 16 0112 136.103 -29.661  13.5 3.00 MW ADE
1979 08 17 0806 126.590 -21.890  19.0 3.19 MW MGO
1979 08 20 1554 124.520 -32.300  10.0 3.03 MW MGO
1980 01 02 1749 122.090 -17.810  37.0 3.08 MW MGO
1980 02 09 1433 138.828 -28.822  17.7 3.36 MW ADE
1980 02 09 1850 122.740 -19.780   8.0 3.11 MW MGO
1980 02 12 2241 130.099 -23.020   0.0 3.55 MW BMR
1980 03 08 0051 124.410 -31.130  19.0 3.39 MW MGO
1980 03 15 0709 121.640 -18.770   0.0 3.76 MW BMR
1980 04 01 1522 123.790 -17.170   0.0 3.17 MW BMR
1980 05 01 1816 141.489 -29.589  17.1 2.91 MW ADE
1980 05 22 0650 116.500 -25.520  10.0 3.01 MW MGO
1980 06 03 1401 127.840 -21.260   0.0 3.30 MW BMR
1980 06 07 0515 130.260 -22.100   0.0 3.10 MW BMR
1980 07 31 1219 120.960 -19.510   0.0 4.07 MW MGO
1980 08 02 0531 124.820 -29.410   0.0 3.07 MW MGO
1980 08 07 2047 123.534 -29.304   0.0 3.96 MW ISC
1980 12 21 1320 126.570 -22.000  30.0 3.55 MW MGO
1980 12 24 0626 116.670 -34.690   0.0 3.30 MW MGO
1981 01 01 0900 122.756 -17.510  33.0 4.21 MW ISC
1981 02 23 0711 116.610 -25.430   0.0 3.22 MW MGO
1981 03 15 1829 123.412 -18.590  37.0 3.37 MW ISC
1981 03 17 2138 123.230 -18.660  37.0 3.12 MW MGO
1981 04 03 2000 123.150 -18.120   0.0 3.69 MW MGO
1981 04 15 2314 126.500 -22.170  19.0 3.76 MW MGO
1981 04 16 1913 121.460 -33.100  10.0 3.26 MW MGO
1981 04 24 2103 129.100 -26.330  10.0 3.66 MW MGO
1981 05 05 0552 121.840 -18.940  37.0 3.69 MW MGO
1981 06 02 1213 121.630 -18.590  37.0 3.41 MW MGO
1981 06 27 2333 122.654 -17.784  37.0 3.30 MW ISC
1981 06 28 2002 117.210 -25.613   6.0 3.76 MW ISC
1981 07 01 0842 117.150 -25.550  10.0 3.47 MW MGO
1981 07 24 1423 135.592 -27.493   4.6 3.14 MW ADE
1981 07 26 1324 127.060 -26.390   0.0 3.28 MW MGO
1981 09 04 1227 136.628 -25.178  15.1 3.36 MW ADE
1981 09 12 1320 124.090 -30.880  37.0 3.04 MW MGO
1981 10 11 0202 116.150 -25.290  10.0 3.38 MW MGO
1981 10 25 1032 130.130 -25.050  10.0 3.48 MW BMR
1981 11 04 2135 120.750 -18.500  37.0 3.07 MW MGO
1981 11 09 1600 116.420 -24.860  10.0 3.25 MW MGO
1981 12 15 0043 125.120 -19.400   0.0 3.18 MW ISC
1982 01 27 2312 125.390 -27.350  10.0 3.25 MW MGO
1982 02 13 0826 126.643 -22.096  10.0 4.59 MW BMR
1982 02 19 0111 123.349 -18.902   0.0 3.71 MW MGO
1982 02 26 1524 122.490 -17.670  37.0 3.30 MW MGO
1982 02 27 1843 121.180 -18.860  37.0 3.18 MW MGO
1982 03 13 1817 120.710 -23.360  10.0 3.05 MW MGO
1982 03 28 2104 116.020 -25.570  10.0 3.01 MW MGO
1982 07 01 1720 127.220 -33.520  37.0 3.03 MW MGO
1982 07 04 0705 131.010 -26.470  10.0 3.14 MW MGO
1982 08 24 0232 131.420 -26.410  10.0 3.94 MW MGO
1982 10 03 1700 115.850 -22.090  10.0 4.34 MW MGO
1982 11 03 0240 120.480 -20.530  37.0 4.28 MW MGO
1982 11 20 0200 127.090 -19.036  19.0 3.66 MW ISC
1982 12 14 1254 126.390 -22.000  10.0 3.06 MW MGO
1982 12 16 1431 121.150 -18.320  37.0 3.27 MW MGO
1982 12 31 2219 124.142 -17.450  33.0 4.23 MW ISC
1983 01 17 2157 125.230 -32.320  10.0 3.41 MW MGO
1983 02 01 1500 126.270 -21.760  10.0 3.09 MW MGO
1983 02 03 1745 137.612 -25.946   9.0 3.14 MW ADE
1983 04 03 2247 117.160 -25.190  10.0 3.02 MW MGO
1983 04 05 0450 116.350 -25.300  10.0 3.35 MW MGO
1983 05 04 0115 124.560 -29.590  10.0 3.02 MW MGO
1983 05 17 1011 136.313 -27.886  31.3 3.43 MW ADE
1983 05 18 0036 137.630 -25.741  10.0 3.54 MW MEL
1983 06 29 1524 122.621 -18.972  10.0 3.17 MW ISC
1983 09 26 1219 131.440 -26.920  10.0 3.09 MW MGO
1983 10 04 0012 130.250 -24.140  10.0 3.20 MW MGO
1983 10 12 1925 130.330 -25.610  10.0 3.39 MW MGO
1983 10 28 1201 120.700 -20.590  10.0 3.04 MW MGO
1983 10 30 0109 123.740 -16.530  37.0 3.61 MW MGO
1983 11 21 0304 138.099 -25.749   0.0 3.15 MW BMR
1983 11 28 1346 136.375 -24.989  20.0 3.69 MW BMR
1983 12 01 1545 126.450 -21.960  10.0 3.59 MW MGO
1984 01 09 0829 130.920 -26.170   0.0 3.34 MW BMR
1984 01 11 1048 138.715 -26.758  30.3 3.40 MW ADE
1984 01 16 0225 133.400 -22.100   0.0 3.09 MW BMR
1984 01 24 1441 129.700 -21.972   0.0 3.49 MW ISC
1984 02 03 1502 119.570 -34.370  10.0 3.21 MW MGO
1984 03 02 0501 122.420 -17.660  10.0 3.52 MW MGO
1984 03 23 1938 125.520 -21.290  19.0 3.46 MW MGO
1984 03 30 1015 124.550 -27.140  10.0 3.28 MW MGO
1984 04 12 2046 129.883 -21.512  18.0 3.35 MW ISC
1984 05 17 0412 123.060 -21.370  15.0 3.32 MW MGO
1984 06 11 1321 122.780 -26.180   0.0 3.70 MW BMR
1984 07 07 0439 126.659 -28.219  33.0 4.24 MW ISC
1984 08 08 0357 130.150 -23.200   0.0 3.45 MW BMR
1984 08 08 1524 119.340 -19.610  10.0 3.17 MW MGO
1984 09 10 0154 123.250 -20.090  10.0 3.09 MW MGO
1984 09 10 0751 123.550 -31.590  10.0 3.29 MW MGO
1984 09 12 2102 126.446 -22.016  33.0 3.81 MW ISC
1984 09 15 1623 130.860 -26.050   0.0 3.26 MW BMR
1984 09 22 2036 127.070 -26.420  10.0 3.00 MW MGO
1984 10 01 1547 126.830 -18.760  10.0 3.26 MW MGO
1984 10 14 0047 137.492 -26.787  10.4 3.36 MW ADE
1984 11 18 2119 122.890 -17.670  37.0 3.04 MW MGO
1984 12 13 1648 124.910 -26.250  10.0 3.28 MW MGO
1984 12 28 2148 125.810 -19.270  10.0 3.11 MW MGO
1985 02 10 1559 129.910 -25.310   0.0 3.34 MW BMR
1985 02 13 2121 130.680 -20.170   0.0 3.40 MW BMR
1985 03 22 0023 125.570 -22.840  10.0 3.54 MW MGO
1985 04 03 0150 132.455 -23.016   9.0 4.59 MW ISC
1985 04 09 0718 120.520 -20.490  10.0 3.23 MW MGO
1985 04 21 1456 121.897 -19.965  10.0 3.63 MW ISC
1985 05 05 1650 116.630 -25.960  10.0 3.92 MW MGO
1985 05 07 1004 118.880 -18.950  10.0 3.89 MW MGO
1985 05 20 2258 120.860 -18.410  10.0 3.53 MW MGO
1985 06 05 0341 122.430 -32.650  10.0 3.20 MW MGO
1985 07 02 2345 125.300 -27.700  10.0 3.47 MW MGO
1985 07 10 0824 132.000 -25.500   0.0 3.20 MW BMR
1985 07 23 0947 126.797 -19.310  10.0 4.29 MW ISC
1985 07 28 0739 122.582 -32.554   5.8 4.80 MW EHB
1985 07 29 0713 124.260 -28.100  10.0 3.29 MW MGO
1985 08 06 1843 137.200 -24.800   0.0 2.98 MW BMR
1986 01 20 2331 124.220 -29.050  10.0 3.46 MW MGO
1986 03 16 0644 126.610 -28.100   5.0 3.52 MW MGO
1986 03 30 0853 132.734 -26.310   5.0 5.70 MW EHB
1986 04 14 0633 126.270 -21.760   5.0 3.09 MW MGO
1986 04 14 1932 131.345 -24.879  10.0 3.91 MW BMR
1986 04 16 0601 123.480 -20.450   5.0 3.33 MW MGO
1986 04 24 0823 127.880 -18.090   5.0 3.15 MW MGO
1986 05 02 2224 137.543 -25.957   5.0 3.47 MW AUST
1986 05 21 2042 116.220 -25.310   5.0 3.44 MW MGO
1986 05 26 0555 128.992 -27.768   5.0 4.13 MW BMR
1986 06 05 1115 129.340 -28.238  29.9 3.28 MW ADE
1986 06 15 0233 125.930 -25.340   5.0 3.11 MW MGO
1986 06 16 0442 129.360 -21.200   5.0 3.06 MW MGO
1986 06 23 1530 124.780 -27.590   5.0 3.68 MW MGO
1986 07 11 0613 130.555 -25.699   0.0 3.04 MW BMR
1986 07 18 0429 137.190 -29.846   3.6 2.93 MW ADE
1986 07 20 0125 126.460 -21.980   5.0 3.21 MW MGO
1986 08 24 0454 126.705 -21.648  10.0 3.48 MW ISC
1986 09 06 1041 119.050 -22.730   5.0 3.20 MW MGO
1986 10 01 1319 126.240 -32.250   5.0 3.01 MW MGO
1986 10 16 2136 114.590 -22.610   5.0 4.04 MW MGO
1986 10 27 1708 128.220 -23.110   5.0 3.02 MW MGO
1986 11 07 2153 139.860 -24.796  17.5 3.36 MW ADE
1986 11 28 1546 129.779 -25.433   5.0 3.93 MW BMR
1986 12 14 0932 121.510 -19.180   5.0 3.46 MW MGO
1986 12 18 0126 122.808 -17.265   5.0 3.37 MW ISC
1987 01 01 1209 137.562 -27.777   0.0 3.14 MW ADE
1987 03 30 0510 131.519 -26.062  33.0 3.72 MW BMR
1987 04 10 0643 122.100 -17.250   5.0 3.25 MW MGO
1987 04 17 1658 115.980 -25.460  23.0 3.10 MW MGO
1987 05 12 0900 135.632 -27.296  11.1 3.21 MW ADE
1987 05 17 1542 122.590 -17.470   5.0 3.04 MW MGO
1987 07 05 1105 120.700 -18.470   5.0 3.14 MW MGO
1987 07 24 0019 129.663 -22.573  25.0 3.09 MW BMR
1987 08 19 1621 128.619 -24.455   0.0 3.30 MW BMR
1987 08 21 0939 122.370 -32.660   5.0 3.13 MW MGO
1987 10 12 0453 118.470 -34.910   5.0 3.35 MW MGO
1987 11 01 1527 126.600 -22.080   5.0 3.19 MW MGO
1987 12 04 1315 120.624 -17.655  10.0 4.30 MW ISC
1987 12 13 1529 126.270 -29.610   5.0 3.18 MW MGO
1988 04 23 2338 126.628 -21.817   5.0 3.23 MW BMR
1988 05 08 1553 124.730 -22.830   5.0 3.14 MW MGO
1988 05 09 1924 126.430 -21.920   5.0 3.22 MW MGO
1988 05 18 0903 122.280 -18.960   5.0 3.20 MW MGO
1988 06 15 0913 126.500 -31.720   5.0 4.27 MW MGO
1988 07 05 0900 123.070 -22.500   5.0 3.08 MW MGO
1988 07 16 0016 117.050 -25.080   5.0 3.20 MW MGO
1988 07 30 0414 123.540 -18.410   5.0 3.17 MW MGO
1988 08 03 0739 138.921 -29.832  12.9 3.07 MW ADE
1988 08 08 1813 126.573 -27.243   5.0 3.95 MW BMR
1988 08 22 1313 121.660 -16.420   5.0 3.40 MW MGO
1988 10 19 1549 115.310 -22.840   5.0 3.33 MW MGO
1988 11 01 0425 129.540 -25.090   5.0 3.22 MW AUST
1988 11 24 2344 116.440 -25.350   5.0 3.25 MW MGO
1988 12 15 1856 124.583 -19.164   5.0 3.76 MW BMR
1988 12 23 0424 126.510 -22.000   5.0 3.13 MW MGO
1989 01 07 1141 116.060 -25.390   5.0 3.77 MW MGO
1989 03 03 0051 121.570 -21.690   5.0 3.12 MW MGO
1989 03 03 1326 123.661 -29.340  10.0 4.92 MW ISC
1989 03 21 1800 114.580 -23.240  10.0 3.60 MW MGO
1989 04 01 0517 127.770 -19.280  10.0 3.28 MW ISC
1989 04 17 0349 123.760 -28.746   5.0 3.29 MW MGO
1989 05 28 0255 130.755 -25.139  28.6 4.99 MW EHB
1989 07 26 2349 139.711 -29.376  23.3 3.27 MW ADE
1989 07 27 0607 125.467 -26.092   5.0 3.18 MW MGO
1989 08 10 1545 124.696 -29.952   5.0 3.02 MW MGO
1989 09 12 1007 116.081 -25.617   5.0 3.00 MW MGO
1989 09 13 2152 129.969 -21.517   5.0 3.12 MW BMR
1990 01 12 0549 131.570 -25.620   5.0 3.59 MW BMR
1990 01 12 0950 131.239 -23.053   5.0 4.31 MW AUST
1990 02 04 0850 135.753 -27.663  22.6 3.07 MW ADE
1990 02 08 0823 137.342 -27.891   9.0 4.40 MW ADE
1990 02 14 1350 137.633 -26.313  13.5 3.28 MW ADE
1990 03 03 0631 138.177 -25.859   8.4 3.21 MW ADE
1990 03 05 1258 127.775 -26.262   3.0 3.14 MW MGO
1990 03 20 2109 124.310 -18.506   5.0 3.51 MW ISC
1990 03 21 1337 129.510 -25.430  10.0 4.40 MW AUST
1990 03 24 1545 137.799 -25.945   5.8 3.14 MW ADE
1990 04 10 0627 138.130 -29.300   9.3 2.93 MW ADE
1990 04 21 2136 127.301 -26.144  10.0 3.28 MW MGO
1990 06 26 2030 126.799 -18.698   5.0 3.43 MW MGO
1990 06 27 1423 123.117 -18.833   5.0 3.28 MW MGO
1990 07 08 1100 121.453 -18.886  28.0 3.07 MW MGO
1990 08 11 1754 130.270 -23.120  10.0 4.40 MW ISC
1990 08 17 1214 122.631 -17.849  10.0 4.15 MW ISC
1990 09 03 1703 123.510 -31.180   9.0 3.00 MW MGO
1990 09 12 1205 122.870 -18.630   5.0 3.36 MW MGO
1990 09 27 1241 137.510 -25.910  10.0 3.82 MW ISC
1990 11 25 2146 126.400 -21.730   5.0 3.21 MW MGO
1990 12 01 2054 131.809 -26.527  12.9 3.43 MW ADE
1990 12 01 2235 131.325 -26.582  21.6 4.06 MW ADE
1991 01 09 1022 123.921 -17.534  10.0 3.74 MW ISC
1991 02 13 0735 125.653 -29.775   1.0 3.14 MW MGO
1991 03 09 1522 120.752 -20.570   5.0 3.14 MW MGO
1991 03 15 0429 124.655 -29.360   1.0 3.21 MW MGO
1991 03 24 0311 115.962 -21.914   5.0 3.21 MW MGO
1991 04 18 0450 132.807 -26.447  10.0 3.21 MW ADE
1991 05 16 0202 116.093 -25.457   9.0 3.14 MW MGO
1991 06 17 0452 121.678 -19.974   5.0 3.28 MW MGO
1991 07 28 0531 122.305 -17.719   5.0 3.28 MW MGO
1991 08 22 0916 123.763 -16.568   5.0 3.07 MW MGO
1991 11 05 0926 122.097 -32.836   5.0 3.82 MW MGO
1991 12 13 0448 117.360 -34.389   1.0 4.23 MW MGO
1992 01 18 0249 126.708 -19.856   5.0 3.21 MW MGO
1992 03 10 0347 130.077 -25.449   5.0 3.36 MW AUST
1992 03 15 0631 124.663 -28.752   5.0 3.07 MW MGO
1992 03 31 0214 126.875 -18.820  10.0 3.99 MW ISC
1992 03 31 1722 116.218 -25.524   5.0 3.07 MW MGO
1992 04 16 0801 116.674 -24.416   5.3 3.43 MW MGO
1992 04 18 2040 123.250 -17.322  10.0 3.59 MW ISC
1992 06 02 0116 127.954 -22.015   5.0 3.36 MW MGO
1992 06 13 1805 130.096 -23.862  16.0 4.40 MW ISC
1992 06 14 1528 129.200 -21.450  10.0 3.28 MW ISC
1992 06 15 0202 116.650 -24.410   5.0 3.00 MW MGO
1992 07 12 1746 123.066 -19.903   5.0 3.21 MW MGO
1992 07 14 0519 129.220 -22.160  10.0 3.43 MW ISC
1992 07 15 0017 126.433 -22.064   5.0 4.66 MW AUST
1992 07 27 0940 129.286 -24.284   5.0 3.21 MW MGO
1992 07 27 1159 122.139 -17.616   5.0 3.98 MW MGO
1992 08 02 0734 126.730 -19.906   5.0 3.36 MW MGO
1992 08 10 0024 136.387 -25.822   5.0 3.07 MW AUST
1992 08 20 1845 130.075 -23.693   5.0 3.00 MW AUST
1992 08 21 1131 137.671 -25.888   5.0 3.00 MW AUST
1992 08 22 1054 128.791 -27.452   5.0 3.82 MW ADE
1992 11 29 1557 116.356 -23.937  10.0 3.21 MW ISC
1992 12 02 1138 125.960 -32.066   5.0 3.07 MW MGO
1992 12 03 1737 131.395 -25.931  10.0 3.66 MW ISC
1992 12 12 0709 115.992 -25.378   5.0 3.07 MW MGO
1992 12 29 2020 129.870 -25.404   0.0 3.98 MW AUST
1993 03 22 0208 129.903 -25.392   0.0 3.36 MW AUST
1993 03 27 0808 122.821 -18.561   5.0 3.28 MW MGO
1993 04 05 1754 127.593 -25.768   5.0 3.21 MW MGO
1993 04 27 1155 116.497 -24.343   5.0 3.07 MW MGO
1993 07 06 2359 126.368 -22.569   5.0 3.43 MW MGO
1993 07 09 1006 115.713 -24.458   5.0 3.66 MW MGO
1993 08 11 1914 126.841 -19.514  10.0 3.59 MW ISC
1993 11 20 0738 125.726 -20.590   5.0 3.43 MW MGO
1993 11 30 0051 125.087 -29.892   5.0 3.36 MW MGO
1993 12 31 1040 126.731 -19.881   5.0 3.00 MW MGO
1994 02 20 1432 123.757 -29.608   5.0 3.36 MW MGO
1994 04 19 1125 126.548 -21.917   5.0 3.51 MW MGO
1994 06 24 1653 139.572 -28.280  12.5 2.92 MW ADE
1994 08 22 0331 126.315 -21.986   5.0 3.51 MW AUST
1994 09 01 0625 130.459 -22.873   5.0 3.28 MW AGSO
1994 09 04 1301 124.253 -30.688   5.0 4.23 MW AGSO
1994 10 08 1710 114.428 -22.604   5.0 3.07 MW MGO
1994 10 11 1034 121.307 -33.294   3.0 3.90 MW AGSO
1994 11 04 2200 135.440 -28.316  12.5 3.21 MW ADE
1994 12 02 1942 130.133 -23.587   0.0 4.15 MW AGSO
1994 12 10 1702 118.519 -34.969   1.0 3.00 MW MGO
1994 12 27 1910 130.248 -23.649   5.0 3.21 MW AGSO
1995 01 07 0330 126.620 -28.153   5.0 3.07 MW MGO
1995 01 11 2238 132.052 -23.401   3.0 3.07 MW AUST
1995 01 18 1302 131.906 -25.995   5.0 3.07 MW AUST
1995 01 27 1914 123.229 -18.859   5.0 3.51 MW MGO
1995 02 16 1227 122.109 -16.943   5.0 3.07 MW MGO
1995 02 21 0126 122.512 -18.886   5.0 3.28 MW MGO
1995 02 23 0403 126.226 -21.905   5.0 3.43 MW MGO
1995 03 06 1056 129.814 -22.129   6.0 3.43 MW AGSO
1995 03 16 2301 130.406 -23.347   5.0 3.21 MW AGSO
1995 03 17 0927 123.529 -18.086   5.0 3.14 MW MGO
1995 04 05 2338 126.953 -32.672   5.0 3.98 MW MGO
1995 05 29 2033 136.600 -24.800   5.0 3.36 MW AGSO
1995 06 04 2036 125.796 -24.119   5.0 3.74 MW MGO
1995 06 25 2023 121.439 -16.066   5.0 3.43 MW ISC
1995 07 01 1843 122.416 -17.483  36.5 3.36 MW MGO
1995 07 03 2316 135.072 -27.601  10.0 3.28 MW ADE
1995 07 10 1225 132.316 -22.357   0.0 3.36 MW ISC
1995 08 10 0650 131.704 -22.357   0.0 3.28 MW ISC
1995 08 15 0157 120.813 -18.414   5.0 3.28 MW MGO
1995 09 11 1903 117.100 -25.476   5.0 3.00 MW MGO
1995 09 15 0440 118.049 -19.354  22.0 3.21 MW MGO
1995 09 21 0940 127.504 -22.249  10.0 3.87 MW ISC
1995 10 19 0355 122.835 -18.546   5.0 3.43 MW MGO
1995 10 20 0739 116.411 -24.977   5.0 3.07 MW MGO
1995 11 05 0734 137.000 -29.880   9.3 3.00 MW ADE
1995 11 11 1034 131.767 -25.950  10.0 3.00 MW ISC
1995 11 20 1116 131.450 -25.991  10.0 3.59 MW ISC
1995 12 12 2211 124.282 -18.527   5.0 3.43 MW MGO
1995 12 16 0156 127.454 -21.081   5.0 3.51 MW MGO
1995 12 26 1259 114.526 -22.756   5.0 3.00 MW MGO
1996 02 04 1755 120.897 -18.863   5.0 3.51 MW MGO
1996 03 10 1800 128.420 -20.540   5.0 3.21 MW MGO
1996 04 08 0619 123.914 -31.266   5.0 3.00 MW MGO
1996 04 22 0958 126.595 -22.082   5.0 3.66 MW MGO
1996 05 21 2021 121.966 -18.535  30.0 3.36 MW MGO
1996 07 09 0926 129.936 -26.990   5.0 3.36 MW MGO
1996 09 04 1211 130.685 -26.444   0.0 3.21 MW AUST
1996 11 12 0502 130.005 -21.963  11.0 3.21 MW AUST
1996 11 30 1723 117.480 -25.230  10.0 3.50 MW USGS
1996 11 30 1738 116.682 -24.560   5.0 3.28 MW MGO
1996 12 01 0450 132.988 -26.695   5.0 3.51 MW MGO
1996 12 03 1734 137.973 -29.396   8.1 2.93 MW ADE
1996 12 06 0401 128.704 -23.405   5.0 3.14 MW MGO
1996 12 10 0602 128.448 -26.251   5.0 3.51 MW MGO
1996 12 31 1504 122.458 -17.708   5.0 3.36 MW MGO
1997 02 05 0015 139.241 -28.710  11.5 4.23 MW ADE
1997 02 21 0826 125.243 -27.411   5.0 3.07 MW MGO
1997 02 22 0848 126.327 -21.757  12.0 3.82 MW MGO
1997 03 18 2324 119.532 -19.209  33.0 3.43 MW ISC
1997 06 06 0617 125.812 -24.156   5.0 3.21 MW MGO
1997 06 23 2044 131.870 -23.110  19.0 4.15 MW AGSO
1997 07 01 0606 115.642 -21.419   5.0 3.36 MW MGO
1997 07 23 1829 126.541 -22.114   5.0 3.66 MW MGO
1997 07 29 0742 125.807 -28.360  10.0 4.15 MW MEL
1997 07 31 1914 123.284 -17.317   5.0 3.21 MW MGO
1997 08 09 2136 128.016 -21.140   5.0 3.00 MW MGO
1997 08 17 1305 121.784 -17.151   5.0 3.28 MW MGO
1997 09 01 0948 123.138 -18.116   5.0 4.40 MW MGO
1997 09 05 1152 120.820 -20.111   5.0 3.07 MW MGO
1997 09 11 1619 126.262 -30.968   5.0 3.21 MW MGO
1997 09 26 0810 127.560 -22.792   5.0 3.14 MW MGO
1997 10 02 0933 114.927 -23.049   5.0 3.21 MW MGO
1997 11 02 0718 129.606 -28.066   5.0 3.00 MW MGO
1997 11 20 0950 128.982 -26.271   5.0 3.00 MW MGO
1997 12 23 1011 115.064 -21.884   5.0 3.51 MW MGO
1998 01 02 0133 115.230 -23.662   5.0 3.00 MW MGO
1998 02 08 0446 122.259 -17.831   5.0 3.21 MW MGO
1998 02 11 0859 115.263 -23.558   5.0 3.21 MW MGO
1998 02 13 0510 124.087 -17.484   5.0 3.43 MW MGO
1998 04 26 1312 124.063 -31.851  14.0 3.00 MW MGO
1998 05 15 2354 130.940 -26.090   5.0 3.51 MW AGSO
1998 05 26 0104 123.934 -30.701   5.0 3.00 MW MGO
1998 06 16 1513 134.470 -23.650   7.0 3.36 MW AGSO
1998 06 23 0838 131.860 -26.080  10.0 3.28 MW AGSO
1998 07 17 1846 127.845 -26.502  11.0 3.51 MW MGO
1998 07 23 0149 131.350 -23.030   0.0 3.21 MW AGSO
1998 07 31 0046 125.694 -24.301   5.0 3.36 MW MGO
1998 08 17 0245 123.565 -17.662   5.0 3.21 MW MGO
1998 08 17 0457 135.246 -28.994   8.3 3.66 MW ADE
1998 09 11 0207 132.810 -26.410   0.0 3.28 MW AGSO
1998 11 05 2050 123.695 -30.814   5.0 3.00 MW MGO
1998 11 13 1154 124.887 -19.132   7.0 3.82 MW ISC
1998 11 19 0642 137.790 -25.000   0.0 3.14 MW AGSO
1999 01 02 0555 131.754 -20.418   0.0 3.00 MW AGSO
1999 01 18 1450 126.410 -27.788  10.0 4.15 MW ISC
1999 01 23 2256 115.553 -21.464   5.0 3.51 MW MGO
1999 02 01 0423 136.814 -28.400  25.5 3.14 MW ADE
1999 02 26 0008 136.420 -27.827   7.2 3.14 MW ADE
1999 03 01 0128 137.590 -25.800   0.0 3.59 MW AGSO
1999 03 06 1530 118.213 -23.589  10.0 3.66 MW ISC
1999 03 06 2354 139.137 -28.565   6.9 4.06 MW ADE
1999 03 27 2209 124.441 -30.832   5.0 3.21 MW MGO
1999 04 09 0728 129.812 -25.189   5.0 3.14 MW MGO
1999 04 10 2227 124.752 -19.621   5.0 3.36 MW MGO
1999 06 20 1143 122.680 -16.950   5.0 3.07 MW MGO
1999 08 10 2118 126.610 -22.040   5.0 3.07 MW MGO
1999 08 14 1245 131.044 -26.170  10.0 3.66 MW ADE
1999 09 29 1959 115.660 -22.210   5.0 3.00 MW MGO
1999 11 01 1438 117.490 -24.220   1.0 3.00 MW MGO
1999 11 11 1606 115.570 -22.330   5.0 3.07 MW MGO
1999 12 01 0511 123.220 -17.970   5.0 3.00 MW MGO
1999 12 01 1525 126.590 -27.180   5.0 3.36 MW MGO
2000 01 07 0302 121.430 -18.100   5.0 3.21 MW MGO
2000 01 10 2057 124.082 -28.554  10.0 3.21 MW ISC
2000 01 13 0224 123.806 -16.478   5.0 3.98 MW ISC
2000 02 06 1251 121.705 -17.121   5.0 3.36 MW ISC
2000 02 08 0426 128.814 -23.911   5.0 3.28 MW ISC
2000 02 17 1558 131.438 -25.729   0.0 3.00 MW AGSO
2000 02 28 0421 134.588 -27.158   0.0 3.07 MW AGSO
2000 02 29 0327 120.110 -23.530   5.0 3.00 MW MGO
2000 02 29 1124 120.960 -17.500   5.0 3.07 MW MGO
2000 05 22 1425 116.945 -25.326   5.0 3.21 MW AGSO
2000 06 19 1804 131.404 -22.832   5.0 3.59 MW ISC
2000 06 19 2124 131.351 -23.464   0.0 3.00 MW AGSO
2000 07 24 0337 139.320 -29.445  16.2 2.97 MW ADE
2000 07 25 2056 126.286 -22.291  10.0 3.14 MW ISC
2000 07 30 1850 122.760 -17.720  10.0 3.14 MW AUST
2000 08 01 1123 131.749 -26.787   0.0 3.43 MW AUST
2000 08 11 0401 121.788 -34.639   0.0 3.07 MW AGSO
2000 09 07 0107 131.205 -23.264  10.0 3.28 MW ISC
2000 09 24 0907 114.791 -22.090  10.0 3.43 MW ISC
2000 11 11 2200 126.172 -27.637   2.0 3.43 MW ISC
2000 11 15 0848 126.540 -22.039  11.0 3.43 MW AGSO
2000 11 16 0125 118.386 -34.537   0.0 3.14 MW AUST
2001 01 04 2123 123.887 -28.940  10.0 3.59 MW ISC
2001 01 10 1003 126.635 -27.890   0.0 3.14 MW ISC
2001 02 02 0322 122.410 -20.915  20.0 3.28 MW AGSO
2001 03 29 0600 138.757 -29.607  33.0 3.06 MW ISC
2001 03 29 1853 135.364 -27.071  20.6 3.36 MW ADE
2001 03 29 1928 115.838 -22.340   0.0 3.07 MW AGSO
2001 04 12 1822 137.370 -25.673  10.0 3.51 MW USGS
2001 04 12 2237 137.692 -25.843  10.0 3.59 MW USGS
2001 04 21 0856 127.611 -20.013  10.0 3.51 MW USGS
2001 04 25 2337 124.280 -30.910   5.0 3.43 MW AGSO
2001 05 28 0743 131.680 -26.500  10.0 3.21 MW AGSO
2001 06 26 2256 119.490 -20.170  10.0 3.21 MW AGSO
2001 07 12 0526 131.084 -26.297   7.0 3.00 MW AUST
2001 07 27 0423 124.366 -18.384   0.0 3.51 MW AGSO
2001 07 28 1949 126.662 -22.137  10.0 3.74 MW ISC
2001 08 14 0803 127.580 -22.940   0.0 3.82 MW AGSO
2001 08 18 0205 122.555 -33.416  10.0 3.21 MW USGS
2001 08 25 0338 120.940 -18.870   5.0 3.51 MW AGSO
2001 10 07 1354 139.767 -24.934   0.0 3.21 MW AUST
2001 10 13 0507 129.014 -30.501  12.6 3.07 MW AUST
2001 10 19 0418 129.547 -23.601   1.0 3.98 MW AUST
2001 10 19 1743 120.628 -33.712  10.0 5.02 MW ISC
2001 10 23 0617 124.381 -28.200  10.0 3.14 MW ISC
2001 10 29 0859 117.395 -24.947  15.0 3.00 MW ISC
2001 12 12 0043 138.912 -28.714  10.0 2.93 MW ADE
2002 02 05 1751 122.320 -17.457   0.0 3.59 MW AUST
2002 02 11 2133 136.300 -29.264   8.1 3.43 MW ADE
2002 03 17 0109 125.388 -27.539   5.0 3.43 MW AUST
2002 03 24 1156 131.680 -26.691   2.0 3.59 MW ADE
2002 04 13 0037 137.714 -26.480  12.0 3.21 MW AUST
2002 04 15 2244 130.040 -23.151   3.0 3.51 MW AUST
2002 04 16 1601 129.965 -23.024   2.0 3.51 MW AUST
2002 06 28 1257 130.090 -23.291   5.0 3.36 MW AUST
2002 08 16 2225 114.461 -22.814  10.0 3.90 MW ISC
2002 09 09 0657 126.709 -31.527   6.0 3.90 MW AUST
2002 10 06 1457 129.274 -22.186   1.0 3.74 MW AUST
2002 10 15 0359 118.581 -19.717  10.0 3.98 MW ISC
2002 10 25 0425 126.813 -32.415   5.0 3.59 MW AUST
2002 10 31 2251 123.752 -16.814   0.0 3.14 MW AUST
2002 11 05 1225 123.320 -16.362   0.0 4.15 MW IDC
2003 01 23 1048 129.944 -22.801   5.0 3.00 MW AUST
2003 03 06 0357 126.675 -22.162  10.0 3.43 MW ISC
2003 03 18 1906 123.629 -17.086   5.0 3.82 MW ISC
2003 05 03 2237 138.140 -28.062   3.1 2.96 MW ADE
2003 05 11 0305 135.095 -27.857   2.4 3.82 MW ADE
2003 06 06 1140 126.524 -22.073   0.0 3.36 MW AUST
2003 06 21 1551 132.673 -21.097   0.0 3.36 MW AUST
2003 07 18 1319 119.609 -34.372   5.0 3.14 MW AUST
2003 07 27 2257 125.142 -19.012  10.0 3.28 MW AUST
2003 08 07 0510 129.882 -23.343   0.0 3.36 MW AUST
2003 09 16 1616 130.389 -22.676   0.0 3.36 MW AUST
2004 01 17 1608 122.396 -18.783  10.0 3.98 MW AUST
2004 01 23 0928 132.786 -22.297  10.0 3.36 MW AUST
2004 01 23 1531 123.549 -31.672  14.9 4.23 MW AUST
2004 01 26 2039 131.849 -26.181  10.0 3.36 MW AUST
2004 02 23 1723 125.571 -20.832   5.0 3.82 MW AUST
2004 03 01 2233 123.171 -32.423   1.7 3.28 MW AUST
2004 03 05 0011 127.084 -32.346  10.0 4.31 MW ISC
2004 04 10 0555 130.093 -25.064  10.0 3.28 MW ISC
2004 05 05 1008 131.071 -26.042  10.0 3.59 MW ISC
2004 06 07 1340 125.483 -27.695   6.8 3.82 MW AUST
2004 07 01 1158 127.590 -22.940   0.0 3.21 MW AUST
2004 08 14 1537 130.950 -26.090   0.8 3.59 MW AUST
2004 09 02 1056 131.885 -26.548   0.0 3.07 MW AUST
2004 09 15 1623 125.035 -29.645  12.0 3.07 MW AUST
2004 11 01 1315 124.844 -19.111   8.9 3.90 MW AUST
2004 12 16 0955 125.120 -17.597  11.8 3.66 MW AUST
2005 01 12 1917 127.876 -23.004   0.9 3.07 MW AUST
2005 01 24 0943 122.587 -17.530  10.0 3.82 MW AUST
2005 03 04 0038 139.712 -30.788   7.3 3.33 MW ADE
2005 03 13 0209 131.694 -26.205   5.0 4.49 MW ISC
2005 03 19 0729 130.868 -26.091  10.0 4.06 MW AUST
2005 03 29 1615 126.605 -22.144   5.0 3.59 MW AUST
2005 05 18 2339 119.374 -20.108  26.0 4.49 MW AUST
2005 06 09 1644 115.068 -23.093  14.5 3.59 MW AUST
2005 06 30 0525 135.741 -29.070   6.2 3.22 MW ADE
2005 08 13 1516 127.740 -22.860  10.0 3.00 MW AUST
2006 04 01 0109 130.972 -26.046  10.0 3.99 MW ISC
2006 04 02 0839 119.081 -22.368  10.0 3.98 MW ISC
2006 04 03 2158 132.175 -26.034   0.0 3.00 MW IDC
2006 05 02 0247 137.341 -25.877  10.0 3.66 MW ISC
2006 05 14 0927 127.311 -18.327   0.0 3.00 MW AUST
2006 05 24 2134 129.984 -23.204  10.0 3.90 MW ISC
2006 06 03 1626 121.808 -16.813  10.0 3.36 MW ISC
2006 06 06 1534 117.838 -25.119  10.0 4.40 MW ISC
2006 06 15 1520 131.777 -23.003   0.0 3.07 MW AUST
2006 06 17 2041 132.479 -21.248   0.0 3.07 MW AUST
2006 09 02 1547 116.609 -24.482   2.0 3.59 MW ISC
2006 09 13 0547 126.611 -22.141  10.0 3.36 MW ISC
2006 11 28 2151 123.951 -28.561   9.0 3.28 MW AUST
2006 12 07 1058 117.411 -25.188  14.0 3.43 MW AUST
2006 12 10 1634 117.473 -25.085  10.0 3.00 MW AUST
2007 02 05 1717 125.413 -19.294   5.0 3.21 MW AUST
2007 02 09 1634 123.613 -17.818  15.0 3.36 MW AUST
2007 02 28 2022 123.232 -18.723  16.0 3.59 MW AUST
2007 03 02 1019 136.708 -23.580   6.9 3.66 MW ISC
2007 04 05 0942 132.208 -24.721   0.0 3.07 MW IDC
2007 04 20 0719 132.900 -26.572   0.0 3.28 MW IDC
2007 07 01 1356 128.633 -23.003  10.0 3.90 MW ISC
2007 08 02 0614 140.070 -29.264   0.0 2.91 MW IDC
2007 08 03 0838 120.571 -23.394   0.0 3.14 MW IDC
2007 08 06 2132 138.100 -29.527   0.0 3.14 MW IDC
2007 08 26 0034 115.369 -22.145   6.0 3.36 MW AUST
2007 09 28 0840 120.660 -23.150   0.0 3.28 MW IDC
2007 11 05 0641 129.666 -22.390   0.0 3.51 MW AUST
2007 11 07 1910 114.933 -23.833   0.0 4.31 MW AUST
2007 11 27 0248 115.047 -23.219  10.0 3.74 MW AUST
2007 12 01 2058 129.657 -22.291  10.0 3.51 MW AUST
2008 01 19 1224 122.127 -33.016   0.0 3.36 MW AUST
2008 02 22 0258 123.526 -19.097   2.1 3.28 MW AUST
2008 03 17 0656 137.427 -25.975  10.0 3.74 MW AUST
2008 03 20 0515 126.017 -23.696   0.0 3.21 MW AUST
2008 04 17 1822 122.519 -18.709  10.0 3.36 MW AUST
2008 04 19 1624 125.698 -20.470  10.0 3.00 MW AUST
2008 05 01 1352 124.316 -28.028   8.0 3.07 MW AUST
2008 05 20 0825 129.609 -23.363   0.0 3.66 MW AUST
2008 05 28 0430 122.323 -18.596   0.0 4.57 MW AUST
2008 06 23 1317 127.722 -18.176   0.0 3.07 MW AUST
2008 07 04 1525 125.965 -31.700   0.6 3.00 MW AUST
2008 07 09 2345 125.223 -26.034   1.4 4.62 MW AUST
2008 07 27 0644 127.744 -18.144   0.0 3.07 MW AUST
2008 12 05 1530 127.550 -22.203   3.0 3.21 MW AUST
2009 01 14 2257 133.172 -29.228  12.5 3.05 MW ADE
2009 02 27 1713 138.009 -29.488  38.0 3.01 MW ADE
2009 03 06 0135 121.240 -16.271  10.0 4.93 MW ISC
2009 06 21 0608 124.631 -30.308  10.0 3.28 MW AUST
2009 09 20 2058 136.101 -27.550  17.4 3.51 MW ADE
2009 10 16 0224 133.119 -34.419  32.3 4.15 MW ADE
2009 11 03 0654 125.792 -27.579   9.5 3.51 MW AUST
2009 11 17 1227 136.415 -27.935  33.0 3.14 MW ADE
2010 02 03 0502 138.098 -28.157   7.6 3.70 MW ADE
2010 03 11 1257 132.472 -22.413   0.0 3.07 MW AUST
2010 03 20 1056 126.785 -18.718   1.0 3.14 MW AUST
2010 06 09 1541 123.256 -22.166   0.0 3.43 MW AUST
2010 06 10 1749 138.263 -27.989   0.0 3.43 MW IDC
2010 06 21 0404 129.752 -21.524   5.0 3.63 MW AUST
2010 07 05 1229 131.061 -25.940   0.0 3.36 MW IDC
2010 07 27 0635 128.845 -23.113   0.0 3.51 MW IDC
2010 08 18 2054 117.219 -25.345   1.0 3.21 MW AUST
2010 08 30 0417 127.636 -22.936   0.0 3.21 MW IDC
2010 09 03 1505 123.232 -20.281  10.0 3.21 MW AUST
2010 09 18 1253 114.650 -22.045   0.0 3.14 MW AUST
2010 10 14 1100 135.707 -23.319   0.0 3.28 MW AUST
2010 10 15 1306 117.435 -19.603  10.0 3.62 MW AUST
2010 10 24 1017 124.228 -30.582  31.0 3.14 MW AUST
2010 10 24 1811 116.939 -25.367   5.6 3.00 MW AUST
2010 10 27 0825 135.708 -25.995   0.0 3.66 MW IDC
2010 11 10 0104 136.649 -23.320  10.0 3.28 MW AUST
2010 11 24 1744 121.321 -17.094  10.0 3.28 MW AUST
2010 12 25 1201 129.721 -22.197  15.0 3.36 MW AUST
2011 01 11 0311 124.491 -27.997   0.0 3.61 MW AUST
2011 02 24 0226 120.084 -26.564  10.0 3.21 MW AUST
2011 04 02 0607 117.345 -25.055   0.0 3.77 MW AUST
2011 04 14 0118 123.730 -18.197  20.0 3.63 MW AUST
2011 05 07 0523 123.021 -17.833  10.0 3.95 MW ISC
2011 05 11 1215 133.096 -26.709   0.0 3.14 MW IDC
2011 05 20 2003 119.504 -23.567  10.0 4.54 MW ISC
2011 06 27 2218 115.643 -25.283   0.0 3.58 MW AUST
2011 07 02 0048 123.958 -18.366   0.0 3.98 MW IDC
2011 07 08 1458 137.309 -25.899   0.0 3.00 MW IDC
2011 07 11 1219 139.746 -30.341  10.0 3.14 MW MEL
2011 07 13 1630 139.721 -29.968   4.0 3.14 MW AUST
2011 08 30 0242 137.405 -25.967  20.0 3.53 MW ADE
2011 09 01 0156 123.300 -18.845  10.0 3.83 MW AUST
2011 09 09 2224 136.522 -26.987  31.3 3.62 MW ADE
2011 09 24 0233 116.885 -25.486  10.0 3.21 MW AUST
2011 09 26 1624 139.171 -28.973  27.4 3.04 MW ADE
2011 10 21 0745 115.418 -24.538  10.0 3.07 MW AUST
2011 10 27 0705 126.529 -22.061  10.0 3.28 MW AUST
2011 11 11 1943 127.337 -21.368  15.0 3.07 MW AUST
2011 11 26 1530 138.567 -25.631  10.0 3.80 MW AUST
2011 11 26 2059 138.351 -26.012  28.2 3.60 MW ADE
2011 11 27 0340 138.492 -25.823   0.0 3.00 MW IDC
2011 12 05 1910 114.777 -21.809  10.0 5.28 MW ISC
2011 12 14 0549 123.152 -32.513  15.0 3.53 MW AUST
2012 02 18 1424 138.417 -29.546  18.8 2.92 MW ADE
2012 02 22 1411 137.819 -26.956  37.0 2.98 MW ADE
2012 03 23 0925 131.971 -26.178  10.0 5.18 MW GG
2012 04 08 1845 139.939 -28.822  22.1 3.33 MW ADE
2012 04 19 2103 132.976 -26.050  20.3 3.69 MW ADE
2012 05 10 2228 115.850 -23.903  10.0 3.07 MW AUST
2012 06 29 1228 136.882 -23.931  10.0 3.36 MW AUST
2012 08 19 1627 135.472 -27.528   7.7 3.52 MW ADE
2012 09 14 1710 129.475 -20.951   5.0 3.36 MW AUST
2012 09 26 0522 132.163 -26.054  13.0 3.56 MW AUST
2012 10 12 1927 127.681 -22.881  10.0 3.60 MW AUST
2012 11 08 0356 127.209 -29.907  32.5 3.63 MW ADE
2012 11 13 0747 139.784 -28.308  10.0 3.13 MW ADE
2012 11 21 0621 128.603 -22.974  10.0 3.41 MW AUST
2012 11 28 2235 125.943 -27.757   0.0 3.89 MW AUST
2012 11 30 1624 122.560 -32.374  14.0 3.28 MW AUST
2012 12 22 0929 122.512 -32.529  10.0 3.07 MW AUST
2013 01 07 0814 116.004 -25.380  13.0 3.28 MW AUST
2013 03 08 2159 122.228 -21.738  10.0 3.50 MW AUST
2013 03 15 0440 127.693 -22.755  10.0 3.63 MW AUST
2013 03 20 2314 123.373 -17.630  10.0 3.28 MW AUST
2013 03 21 0408 127.736 -25.581  10.0 3.14 MW AUST
2013 05 01 1941 136.747 -30.357   0.0 3.52 MW ADE
2013 05 03 1710 120.710 -33.768  12.0 3.07 MW AUST
2013 05 07 2148 132.113 -26.185   4.0 3.40 MW AUST
2013 06 03 2009 116.646 -34.435  10.0 3.00 MW AUST
2013 06 05 1317 121.548 -20.263   0.0 3.70 MW AUST
2013 06 09 1422 132.230 -25.953  33.4 5.38 MW ADE
2013 06 12 1330 127.743 -22.752   0.0 3.70 MW AUST
2013 07 14 0339 119.636 -22.577   0.0 3.14 MW AUST
2013 07 29 0521 131.669 -22.675   0.0 3.36 MW AUST
2013 08 02 1746 121.413 -26.146  10.0 3.21 MW AUST
2013 08 24 0639 123.662 -30.872   0.0 3.00 MW AUST
2013 10 14 1554 130.825 -24.050   0.0 3.54 MW AUST
2013 11 25 1539 124.529 -19.312  10.0 3.45 MW AUST
2013 11 30 0549 139.480 -28.545  21.5 3.73 MW ADE
2013 12 07 2024 125.528 -31.506  10.0 3.28 MW AUST
2013 12 15 0732 125.637 -31.637  10.0 3.07 MW AUST
2013 12 16 1838 125.154 -21.811  15.0 3.36 MW AUST
2014 02 01 0526 119.627 -34.614  10.0 3.00 MW AUST
2014 02 07 0118 126.183 -32.285   0.0 3.36 MW AUST
2014 02 15 0458 125.979 -31.640   0.0 3.21 MW AUST
2014 03 01 1414 122.304 -17.698  10.0 3.36 MW AUST
2014 03 16 0324 124.438 -17.414  10.0 3.99 MW AUST
2014 05 04 2237 128.589 -23.005  10.0 3.91 MW AUST
2014 06 02 1012 126.236 -32.693  10.0 3.40 MW AUST
2014 06 07 0554 135.116 -27.225  27.4 3.08 MW ADE
2014 07 09 1555 127.320 -23.122  10.0 3.58 MW AUST
2014 07 16 0035 128.382 -25.718  10.0 3.56 MW AUST
2014 07 18 0747 116.999 -25.288  13.0 3.00 MW AUST
2014 07 19 0540 119.432 -22.887  15.0 3.00 MW AUST
2014 07 19 2152 117.917 -19.503  23.0 3.58 MW AUST
2014 07 29 0650 123.863 -26.105  10.0 3.56 MW AUST
2014 08 17 0228 119.335 -23.055   0.0 3.07 MW AUST
2014 09 01 1418 139.617 -26.190  23.1 3.43 MW ADE
2014 09 06 1354 124.413 -30.018  13.0 3.36 MW AUST
2014 09 18 0321 126.970 -31.646  15.0 3.40 MW AUST
2014 09 26 1538 119.534 -20.100  10.0 4.02 MW AUST
2014 09 29 1927 120.989 -18.972  10.0 3.28 MW AUST
2014 10 22 0240 114.583 -22.501  10.0 3.07 MW AUST
2014 10 24 1821 129.685 -23.579   0.0 3.14 MW AUST
2014 11 12 0200 125.666 -18.287  18.0 3.84 MW AUST
2014 12 01 1025 131.300 -21.716  10.0 3.77 MW AUST
2014 12 05 2316 123.450 -19.017  10.0 3.14 MW AUST
2015 01 06 1241 133.071 -26.862   4.0 3.48 MW AUST
2015 01 06 1311 133.074 -27.030  16.3 3.51 MW SRC
2015 01 17 1741 119.300 -23.306   0.0 3.07 MW AUST
2015 03 15 1134 121.489 -33.545  10.0 3.28 MW AUST
2015 03 28 1214 128.154 -27.009   0.0 3.21 MW AUST
2015 04 13 0225 122.621 -17.544  10.0 3.36 MW AUST
2015 04 23 0405 116.328 -25.542  16.0 3.21 MW AUST
2015 04 28 1816 124.700 -18.383  10.0 3.59 MW AUST
2015 05 02 2131 132.111 -25.916  23.0 3.42 MW AUST
2015 05 11 1331 127.779 -18.152  10.0 3.00 MW AUST
2015 05 28 1831 123.598 -18.074  15.0 3.42 MW AUST
2015 07 20 2218 119.875 -18.557  15.0 3.89 MW AUST
2015 08 16 0013 133.254 -29.278  17.3 3.21 MW ADE
2015 08 28 0354 115.869 -24.360  15.0 3.00 MW AUST
2015 10 07 2030 121.874 -17.229  14.0 4.36 MW USGS
2015 10 27 0632 126.526 -20.267  10.0 3.77 MW AUST
2016 01 20 1006 116.673 -25.500  10.0 3.00 MW AUST
2016 02 29 1812 136.698 -28.288  39.8 2.94 MW ADE
2016 03 11 0148 121.576 -26.102  10.0 3.21 MW AUST
2016 04 30 1945 123.858 -19.061  10.0 3.59 MW AUST
2016 05 01 1525 137.160 -29.681  10.0 3.28 MW AUST
2016 05 16 2013 128.602 -22.904  10.0 4.15 MW AUST
2016 05 19 1346 119.029 -22.390   3.0 3.21 MW AUST
2016 05 20 1814 129.832 -25.579   0.0 6.09 MW AUST
2016 06 04 1106 141.233 -30.082  12.0 3.00 MW AUST
2016 06 09 1018 124.392 -30.880  10.0 3.66 MW AUST
2016 06 10 0149 126.347 -28.009   0.0 3.51 MW AUST
2016 07 01 0314 139.316 -25.364  10.0 3.28 MW AUST
2016 07 15 0547 116.570 -25.067  10.0 3.21 MW AUST
2016 07 16 0319 123.960 -17.064  10.0 3.44 MW AUST
2016 08 09 2052 139.123 -29.391  10.0 3.07 MW AUST
2016 08 25 0405 124.792 -19.502  10.0 3.28 MW AUST
2016 09 05 0946 123.566 -16.567   0.0 3.46 MW AUST
2016 09 10 1534 127.115 -23.514   0.0 3.36 MW AUST
2016 09 19 0705 119.611 -18.734  10.0 3.76 MW AUST
2016 09 20 0108 132.526 -26.517   9.0 3.43 MW AUST
2016 10 10 0429 119.320 -23.042  18.0 3.07 MW AUST
2016 10 16 1353 136.599 -28.266  15.0 3.14 MW AUST
2016 10 20 1605 139.450 -27.375  10.0 3.00 MW AUST
2016 11 03 1625 137.098 -29.627  10.0 3.73 MW AUST
2016 11 06 0954 128.002 -19.102  10.0 4.48 MW USGS
2016 11 09 0825 135.358 -28.711   0.0 2.91 MW ADE
2016 11 11 0621 115.325 -24.784  15.0 3.28 MW AUST
2016 11 26 1827 135.101 -27.082  10.0 3.14 MW AUST
2016 12 26 1259 137.217 -27.210  10.0 3.40 MW AUST
2017 01 15 0716 115.145 -23.670  10.0 3.59 MW AUST
2017 02 12 0919 131.951 -26.097  10.0 3.14 MW AUST
2017 03 22 0036 137.442 -25.870  10.0 3.07 MW AUST
2017 03 26 0753 135.271 -27.463  10.0 3.55 MW AUST
2017 04 04 0355 128.939 -25.903  10.0 3.96 MW AUST
2017 04 21 1201 140.382 -29.250  10.0 3.07 MW AUST
2017 04 22 1929 131.217 -29.953  10.0 3.00 MW AUST
2017 05 03 1756 127.936 -22.607  10.0 3.28 MW AUST
2017 05 15 1912 123.588 -27.167  10.0 3.90 MW AUST
2017 07 15 2127 131.897 -26.122   0.0 3.36 MW AUST
