1919 08 15 1021 150.700 -33.500 10.0 4.2 MW BurkeG
1960 12 09 0658 151.500 -33.500 0.0 3.7 MW CAN
1960 11 23 2247 151.000 -32.500 0.0 2.8 MW CAN
1961 10 30 0349 151.000 -32.800 0.0 3.2 MW CAN
1961 02 20 1434 151.000 -33.000 0.0 2.5 MW CAN
1973 06 21 1443 150.980 -33.050 0.0 3.3 MW CAN
1976 06 20 1642 150.810 -33.620 8.0 3.2 MW CAN
1961 04 19 0450 151.270 -33.200 0.0 2.5 MW CAN
1979 08 16 0527 151.270 -33.680 21.0 3.0 MW CAN
1961 04 20 0552 150.700 -32.700 0.0 2.7 MW CAN
1980 08 23 2225 151.010 -33.960 11.0 3.0 MW CAN
1961 05 28 1134 150.300 -33.000 0.0 2.6 MW CAN
1980 09 11 2306 151.140 -33.170 62.0 3.0 MW CAN
1980 10 17 0202 151.100 -33.370 24.0 3.0 MW CAN
1961 11 03 1323 151.000 -32.500 0.0 2.4 MW CAN
1967 07 29 0456 150.050 -33.070 0.0 2.7 MW CAN
1969 07 12 0704 151.360 -33.190 16.0 2.7 MW CAN
1969 10 25 0705 151.380 -33.280 0.0 2.7 MW CAN
1970 03 02 0817 151.470 -33.480 0.0 2.6 MW CAN
1970 07 04 0458 151.330 -33.300 0.0 2.5 MW CAN
1970 07 15 0208 151.020 -33.270 0.0 2.5 MW CAN
1970 07 25 0738 151.220 -33.250 0.0 2.6 MW CAN
1970 10 19 1917 150.950 -33.680 0.0 2.4 MW CAN
1971 08 14 0531 151.380 -33.220 0.0 2.8 MW CAN
1971 10 23 0458 151.270 -33.130 0.0 2.8 MW CAN
1972 04 20 0553 151.330 -33.230 0.0 2.6 MW CAN
1972 05 10 0854 150.750 -33.870 0.0 2.3 MW CAN
1973 08 18 0305 150.770 -33.500 0.0 2.5 MW CAN
1973 12 10 2025 149.950 -33.000 0.0 2.5 MW CAN
1976 07 20 1344 150.370 -33.060 0.0 2.6 MW CAN
1976 10 17 1708 150.780 -33.380 0.0 2.7 MW CAN
1976 12 02 0712 150.820 -33.570 0.0 2.4 MW CAN
1976 12 15 1603 151.030 -32.800 0.0 2.9 MW CAN
1977 03 13 1916 151.370 -33.380 0.0 2.6 MW CAN
1978 04 29 0446 151.270 -33.280 0.0 2.7 MW CAN
1978 08 18 0530 150.800 -33.950 15.0 2.5 MW CAN
1978 08 31 0540 151.030 -33.730 10.0 2.8 MW CAN
1978 09 19 0533 151.120 -33.780 11.0 2.5 MW CAN
1978 10 14 0652 151.430 -33.170 0.0 2.9 MW CAN
1978 12 07 0109 151.140 -33.750 18.0 2.3 MW CAN
1979 06 04 1319 150.960 -33.200 0.0 2.9 MW CAN
1980 05 27 0558 151.130 -33.250 10.0 2.9 MW CAN
1980 12 11 0438 151.230 -33.170 0.0 2.8 MW CAN
1981 01 07 0204 151.240 -33.240 14.0 2.9 MW CAN
1981 05 15 0547 150.690 -33.860 0.0 2.8 MW CAN
1983 04 16 0320 151.050 -33.360 3.0 2.9 MW CAN
1986 05 07 1200 150.290 -33.140 2.0 2.7 MW CAN
1987 06 21 1626 150.690 -33.760 14.0 2.3 MW CAN
1988 11 07 1136 151.058 -33.957 14.0 2.6 MW BMR
1992 01 16 0208 151.085 -32.574 0.0 2.5 MW MEL
1992 01 17 0252 150.996 -32.346 0.0 2.5 MW MEL
1992 07 02 0332 151.084 -32.585 0.0 2.9 MW MEL
1992 07 06 0211 151.096 -32.646 0.0 2.8 MW MEL
1992 07 10 0425 151.083 -32.561 0.0 2.9 MW MEL
1992 07 14 0334 150.997 -32.595 0.0 2.9 MW MEL
1992 08 03 0157 151.053 -32.510 0.0 2.7 MW MEL
1992 08 13 0337 150.843 -32.468 0.0 2.9 MW MEL
1992 08 15 0235 151.049 -32.489 0.0 2.6 MW MEL
1992 08 18 0308 150.941 -32.543 0.0 2.9 MW MEL
1992 08 27 0229 150.907 -32.313 0.0 2.8 MW MEL
1992 09 11 0115 150.881 -32.287 0.0 2.8 MW MEL
1992 09 17 0231 150.924 -32.486 0.0 2.7 MW MEL
1992 09 17 0235 150.959 -32.472 0.0 2.7 MW MEL
1992 10 14 2234 150.992 -32.404 0.0 2.9 MW MEL
1992 10 16 0348 150.935 -32.508 0.0 2.9 MW MEL
1992 10 24 0036 151.012 -32.514 0.0 2.8 MW MEL
1992 11 02 0252 151.074 -32.558 0.0 2.9 MW MEL
1992 11 19 0128 151.050 -32.607 0.0 2.7 MW MEL
1992 12 09 0313 150.940 -32.539 0.0 2.9 MW MEL
1992 12 10 0545 151.062 -32.550 0.0 2.9 MW MEL
1992 12 15 0129 150.983 -32.538 0.0 2.7 MW MEL
1992 12 18 0600 151.022 -32.458 0.0 2.9 MW MEL
1992 12 23 0222 151.061 -32.564 0.0 2.9 MW MEL
1992 12 30 0442 150.969 -32.370 0.0 2.9 MW MEL
1993 01 04 0210 151.046 -32.546 0.0 2.9 MW MEL
1993 01 14 0238 150.989 -32.563 0.0 2.9 MW MEL
1993 01 19 0241 150.835 -32.528 0.0 2.7 MW MEL
1993 02 05 0123 151.061 -32.613 0.0 2.9 MW MEL
1993 02 10 0235 150.999 -32.561 0.0 2.9 MW MEL
1993 02 23 0258 151.069 -32.557 0.0 2.9 MW MEL
1993 02 23 2138 150.942 -32.328 0.0 2.9 MW MEL
1993 03 02 0115 150.959 -32.607 0.0 2.7 MW MEL
1993 03 03 0149 150.835 -32.411 0.0 2.7 MW MEL
1993 03 10 0316 150.870 -32.314 0.0 2.9 MW MEL
1993 03 11 0240 150.924 -32.572 0.0 2.9 MW MEL
1993 03 18 0213 150.921 -32.629 0.0 2.9 MW MEL
1993 04 02 0221 151.124 -32.660 0.0 2.6 MW MEL
1993 04 10 2034 150.840 -33.720 4.6 2.1 MW MEL
1993 05 03 0319 151.085 -32.595 0.0 2.9 MW MEL
1993 07 13 0352 150.964 -33.771 0.0 2.1 MW MEL
1993 07 22 0223 151.032 -32.429 0.0 2.6 MW MEL
1993 07 22 0310 151.081 -32.577 0.0 2.9 MW MEL
1993 07 24 0235 150.912 -32.375 0.0 2.8 MW MEL
1993 07 28 0509 150.995 -32.377 0.0 2.9 MW MEL
1993 08 07 2212 150.850 -32.314 0.0 2.8 MW MEL
1993 08 14 0222 150.997 -32.375 0.0 2.9 MW MEL
1993 09 01 0233 151.044 -32.653 0.0 2.4 MW MEL
1993 09 10 0325 151.072 -32.613 0.0 2.4 MW MEL
1993 09 14 0425 150.990 -32.567 0.0 2.8 MW MEL
1993 09 29 0313 150.953 -32.549 0.0 2.9 MW MEL
1993 09 29 2311 150.948 -32.456 0.0 2.8 MW MEL
1993 10 08 0201 150.943 -33.779 0.0 2.2 MW MEL
1993 11 03 2357 150.961 -32.363 0.0 2.9 MW MEL
1993 11 04 0112 151.087 -32.585 0.0 2.9 MW MEL
1993 11 07 2159 150.947 -33.796 0.0 2.1 MW MEL
1993 11 09 0248 150.849 -32.473 0.0 2.7 MW MEL
1993 12 13 0114 151.022 -32.622 0.0 2.9 MW MEL
1993 12 15 0154 150.800 -32.425 0.0 2.5 MW MEL
1994 01 07 0227 150.982 -32.435 0.0 2.7 MW MEL
1994 01 20 0526 151.067 -32.553 0.0 2.8 MW MEL
1994 01 21 0241 150.808 -32.372 0.0 2.5 MW MEL
1994 01 24 0307 150.853 -32.279 0.0 2.7 MW MEL
1994 01 28 0128 150.965 -33.774 0.0 1.9 MW MEL
1994 01 31 0118 151.093 -32.595 0.0 2.8 MW MEL
1994 02 02 2303 151.040 -32.479 0.0 2.6 MW MEL
1994 02 05 0129 151.034 -32.589 0.0 2.8 MW MEL
1994 02 08 2349 150.904 -33.756 0.0 1.9 MW MEL
1994 02 17 0241 151.065 -32.588 0.0 2.9 MW MEL
1994 02 21 0122 150.969 -32.538 0.0 2.9 MW MEL
1994 02 25 0042 150.954 -32.369 0.0 2.7 MW MEL
1994 02 25 0206 150.957 -32.447 0.0 2.7 MW MEL
1994 03 07 0234 150.984 -32.350 0.0 2.7 MW MEL
1994 03 10 0419 150.947 -32.420 0.0 2.7 MW MEL
1994 03 11 0014 150.828 -32.312 0.0 2.8 MW MEL
1994 03 15 2259 150.814 -32.370 0.0 2.6 MW MEL
1994 03 17 0119 151.027 -32.455 0.0 2.9 MW MEL
1994 04 01 0057 150.333 -33.087 7.0 1.9 MW MEL
1994 04 02 0204 151.024 -32.429 0.0 2.9 MW MEL
1994 04 06 2310 150.912 -33.840 0.0 1.9 MW MEL
1994 04 07 0635 151.046 -32.550 0.0 2.8 MW MEL
1994 04 18 0534 150.920 -33.832 0.0 1.9 MW MEL
1994 06 03 0459 150.828 -33.815 0.0 2.2 MW MEL
1994 06 22 0214 151.054 -32.596 0.0 2.9 MW MEL
1994 07 18 1916 150.517 -33.073 8.6 2.6 MW MEL
1994 08 02 0315 151.044 -32.564 0.0 2.7 MW MEL
1994 08 10 2315 150.907 -33.814 0.0 1.8 MW MEL
1994 08 17 0218 151.087 -32.623 0.0 2.9 MW MEL
1994 08 29 0119 150.987 -32.413 0.0 2.5 MW MEL
1994 11 22 2317 150.828 -33.826 0.1 2.2 MW MEL
1994 11 30 0239 150.992 -32.432 0.0 2.7 MW MEL
1994 12 02 0120 151.069 -32.624 0.0 2.8 MW MEL
1994 12 03 0111 150.925 -32.396 0.0 2.6 MW MEL
1994 12 22 0702 150.923 -32.328 0.0 2.6 MW MEL
1994 12 30 0030 151.033 -32.434 0.0 2.7 MW MEL
1995 02 09 0308 151.082 -32.574 0.0 2.8 MW MEL
1995 02 15 2301 150.937 -32.422 0.0 2.6 MW MEL
1995 04 19 0332 151.018 -32.575 0.0 2.9 MW MEL
1995 05 12 0217 151.052 -32.624 0.0 2.9 MW MEL
1995 05 29 0054 150.866 -32.442 0.0 2.6 MW MEL
1995 07 03 0213 151.048 -32.524 0.0 2.7 MW MEL
1995 07 05 0352 150.986 -32.430 0.0 2.8 MW MEL
1995 07 06 0055 150.935 -32.348 0.0 2.8 MW MEL
1995 07 14 0125 150.898 -32.248 0.0 2.9 MW MEL
1995 07 20 0416 150.967 -32.444 0.0 2.9 MW MEL
1995 08 12 0648 149.997 -32.983 1.0 2.5 MW MEL
1995 10 10 0730 150.960 -32.440 0.0 2.8 MW MEL
1995 10 13 0217 151.051 -32.616 0.0 2.8 MW MEL
1995 10 16 0210 150.918 -33.841 0.0 1.8 MW MEL
1995 10 17 0326 150.744 -33.797 0.0 2.0 MW MEL
1995 10 19 0139 150.981 -32.455 0.0 2.8 MW MEL
1996 01 29 0030 151.043 -32.523 10.0 2.9 MW MEL
1996 03 08 0155 151.056 -32.558 0.0 2.9 MW MEL
1996 05 11 0734 149.952 -33.060 0.0 2.1 MW MEL
1996 10 02 0358 151.034 -32.564 0.0 2.9 MW MEL
1996 11 08 0112 151.015 -32.407 0.0 2.7 MW MEL
1996 11 11 0702 151.023 -32.439 0.0 2.7 MW MEL
1996 11 20 0303 150.917 -32.331 0.0 2.9 MW MEL
1997 02 13 2337 150.991 -32.374 0.0 2.5 MW MEL
1997 04 03 0357 150.969 -32.567 0.0 2.9 MW MEL
1997 04 07 0340 151.015 -32.588 0.0 2.9 MW MEL
1997 04 11 0236 151.001 -32.330 0.0 2.5 MW MEL
1997 04 14 0617 150.828 -33.819 0.0 2.0 MW MEL
1997 05 23 0355 150.764 -33.891 0.0 2.2 MW MEL
1997 06 02 0356 150.756 -33.891 0.0 2.2 MW MEL
1997 07 29 0356 150.757 -33.877 0.0 2.3 MW MEL
1997 08 21 0105 150.818 -33.793 0.0 2.1 MW MEL
1997 08 23 0850 149.960 -33.056 0.0 2.3 MW MEL
1997 09 24 0230 150.980 -32.551 0.0 2.9 MW MEL
1997 10 08 0400 150.741 -33.868 0.0 2.1 MW MEL
1997 10 14 0400 150.727 -33.818 0.0 2.0 MW MEL
1997 10 30 0136 150.929 -33.798 0.0 2.1 MW MEL
1997 11 04 0851 150.009 -32.981 0.0 2.5 MW MEL
1998 06 15 0427 150.919 -32.435 0.0 2.4 MW MEL
1998 10 30 0203 150.771 -33.918 6.6 2.4 MW MEL
1998 11 06 0258 150.764 -33.889 0.0 1.8 MW MEL
1999 11 02 0024 150.897 -32.315 10.0 2.7 MW MEL
1999 11 02 0331 151.023 -32.552 0.0 2.8 MW MEL
2000 03 02 0229 150.979 -32.522 0.0 2.7 MW MEL
2000 05 10 0641 149.995 -33.040 11.0 2.5 MW MEL
2000 06 08 0209 150.966 -32.367 0.0 2.7 MW MEL
2000 06 27 0222 151.052 -32.577 0.0 2.8 MW MEL
2000 09 18 0809 150.699 -32.671 2.0 2.7 MW MEL
2000 10 08 0352 150.936 -33.920 19.9 2.7 MW MEL
2000 11 27 0208 150.809 -33.763 0.0 1.8 MW MEL
2001 01 04 0152 151.281 -33.130 10.0 2.6 MW MEL
2001 02 21 0552 151.042 -32.576 0.0 2.5 MW MEL
2001 08 03 0217 151.016 -32.501 0.0 2.5 MW MEL
2001 08 31 0634 151.075 -32.616 0.0 2.9 MW MEL
2001 08 31 2151 150.937 -32.496 0.0 2.7 MW GG
2001 10 04 0547 150.627 -32.510 0.0 2.8 MW MEL
2001 10 10 0339 151.086 -32.601 0.0 2.6 MW MEL
2001 11 24 0132 151.080 -32.607 0.0 2.8 MW MEL
2002 01 11 0456 151.033 -32.568 0.0 2.9 MW MEL
2002 01 30 2208 150.864 -32.521 0.0 2.8 MW MEL
2002 08 01 0541 150.924 -33.864 0.0 2.1 MW MEL
2002 10 15 0614 150.970 -32.297 0.0 2.9 MW MEL
2002 11 04 0012 150.855 -32.472 0.0 2.8 MW MEL
2002 11 19 0502 150.953 -33.215 10.0 2.7 MW MEL
2002 11 29 0123 150.824 -33.814 0.0 2.2 MW MEL
2003 01 28 0501 150.871 -33.862 0.0 2.3 MW MEL
2003 07 18 0532 150.935 -33.788 0.0 2.1 MW MEL
2003 08 20 2253 150.894 -33.735 0.0 2.5 MW MEL
2004 03 06 0849 150.044 -32.975 10.0 2.2 MW MEL
2004 03 10 0316 150.856 -33.771 0.0 2.7 MW MEL
2004 03 12 0512 150.937 -32.448 10.0 2.8 MW MEL
2004 03 26 2011 150.756 -33.949 13.2 2.5 MW MEL
2004 05 26 0549 151.041 -32.496 10.0 2.9 MW MEL
2004 07 05 0240 150.998 -32.645 0.0 2.2 MW MEL
2004 07 09 0417 150.961 -32.589 0.0 2.8 MW MEL
2004 08 09 0014 150.989 -32.332 0.0 2.4 MW MEL
2004 09 06 0310 150.754 -32.487 0.0 2.9 MW MEL
2004 10 29 0420 150.885 -32.454 10.0 2.8 MW MEL
2004 12 29 0548 150.730 -33.933 9.6 2.9 MW AUST
2005 04 08 1332 150.659 -32.715 10.0 2.8 MW MEL
2005 05 19 1330 150.729 -33.884 10.0 2.3 MW MEL
2006 08 12 0011 150.949 -32.320 14.4 2.6 MW MEL
2007 06 12 1615 150.767 -33.906 10.0 2.1 MW MEL
2008 02 09 0105 151.064 -33.917 7.0 2.8 MW MEL
2008 03 14 0249 150.917 -33.880 3.6 2.2 MW MEL
2008 04 07 1516 150.691 -33.839 11.5 2.4 MW MEL
2008 06 19 1605 151.304 -33.881 2.9 2.0 MW MEL
2008 12 04 0535 149.963 -32.966 0.0 2.8 MW MEL
2008 12 04 1109 150.872 -32.410 10.0 2.8 MW MEL
