1965 06 03 2159 150.220 -28.080 10.0 4.8 MW BMR
1966 05 03 1907 147.168 -37.042 15.0 5.3 MW Denham
1968 03 08 1148 149.120 -34.160 9.0 4.2 MW CAN
1968 07 08 1150 150.510 -34.570 13.0 4.2 MW CAN
1968 10 08 1023 146.120 -36.780 6.0 4.1 MW CAN
1968 12 31 1608 149.260 -31.040 0.0 4.4 MW CAN
1970 08 08 1605 148.350 -29.080 0.0 4.0 MW CAN
1971 02 08 1449 145.020 -36.010 22.0 4.0 MW CAN
1971 11 03 2005 149.166 -34.777 3.0 4.0 MW BMR
1972 02 25 1522 147.470 -34.220 0.0 4.1 MW CAN
1973 03 09 1909 150.340 -34.187 28.9 5.3 MW MEL
1977 03 05 0604 150.350 -28.136 33.0 4.1 MW ISC
1977 06 30 1248 148.869 -34.667 12.0 4.2 MW BMR
1978 11 28 1733 152.520 -23.337 0.0 4.2 MW ISC
1980 02 08 0442 150.537 -21.794 9.0 3.7 MW GSQ
1980 04 04 1142 144.177 -36.011 6.2 3.6 MW MEL
1980 05 01 2110 149.750 -32.890 13.0 3.6 MW CAN
1980 07 02 0313 149.226 -36.191 16.6 3.9 MW MEL
1980 07 07 1230 148.950 -34.510 19.0 3.5 MW CAN
1980 07 27 0406 151.961 -26.718 0.0 3.5 MW BRS
1980 09 04 2105 150.937 -29.126 1.0 4.0 MW BMR
1980 12 15 1506 151.410 -32.760 16.0 3.5 MW CAN
1980 12 27 0440 143.693 -35.537 17.2 3.9 MW MEL
1981 01 23 1600 147.229 -37.361 2.6 3.7 MW MEL
1981 02 22 1312 150.510 -32.980 10.0 3.5 MW CAN
1981 02 25 0529 151.460 -32.780 21.0 3.6 MW CAN
1981 03 03 1811 144.495 -35.849 5.0 3.6 MW MEL
1981 05 10 1439 150.730 -26.330 19.0 3.6 MW BRS
1981 06 20 1308 150.340 -34.160 21.0 3.5 MW CAN
1981 09 06 1927 149.407 -30.777 0.0 3.8 MW BMR
1981 09 07 0245 150.990 -32.460 19.0 4.0 MW CAN
1981 10 23 0046 151.300 -29.320 0.0 3.6 MW BRS
1981 10 25 0828 150.480 -36.340 24.0 3.9 MW CAN
1981 11 11 1749 151.020 -30.260 7.0 3.6 MW BMR
1981 11 15 1658 150.847 -34.210 18.0 4.1 MW MEL
1981 11 25 1310 149.350 -31.340 0.0 3.5 MW CAN
1981 11 30 0209 148.312 -36.695 9.9 3.6 MW MEL
1981 12 07 1755 150.650 -32.650 29.0 3.5 MW CAN
1982 03 04 1001 151.280 -29.820 12.0 3.7 MW BRS
1982 04 19 2014 148.880 -33.110 15.0 3.5 MW CAN
1982 05 20 0736 147.237 -33.965 2.0 3.6 MW BMR
1982 06 09 0432 151.570 -29.660 2.0 3.6 MW BRS
1982 09 30 2221 146.522 -36.828 14.1 3.5 MW MEL
1982 11 13 1054 144.415 -35.722 10.7 3.6 MW MEL
1982 11 21 1134 146.972 -37.211 14.5 5.2 MW MEL
1982 11 25 1842 139.919 -36.968 22.2 3.7 MW ADE
1982 11 26 0011 147.338 -34.006 14.1 4.3 MW MEL
1982 12 25 1648 151.900 -33.000 0.0 3.5 MW CAN
1983 01 15 1645 148.580 -36.630 17.0 3.6 MW CAN
1983 02 06 2313 151.330 -31.080 25.0 4.3 MW CAN
1983 03 07 2326 148.984 -34.651 17.2 3.8 MW MEL
1983 03 19 0500 149.240 -32.880 0.0 3.9 MW CAN
1983 03 22 1339 150.400 -34.350 19.0 3.5 MW CAN
1983 03 24 0653 149.220 -34.770 13.0 3.6 MW CAN
1983 04 08 1933 142.068 -29.786 45.0 4.1 MW ISC
1983 04 29 1651 151.390 -32.560 10.0 3.6 MW CAN
1983 05 08 1217 143.519 -34.451 17.2 3.5 MW MEL
1983 05 18 0842 150.650 -33.980 22.0 3.5 MW CAN
1983 06 17 0259 150.920 -32.440 20.0 3.5 MW CAN
1983 09 24 0725 150.130 -33.600 16.0 3.6 MW CAN
1983 10 05 2349 151.190 -30.360 0.0 3.9 MW BMR
1983 12 19 0618 148.580 -34.736 12.3 3.7 MW MEL
1984 01 17 1509 151.440 -30.457 18.2 3.5 MW GSQ
1984 01 20 1527 149.170 -34.820 13.0 3.6 MW CAN
1984 02 06 1443 147.436 -35.386 2.6 3.5 MW MEL
1984 07 20 2156 151.340 -32.590 0.0 3.5 MW BMR
1984 07 28 0518 148.900 -35.100 10.0 3.5 MW CAN
1984 08 09 0630 149.129 -34.797 15.6 4.0 MW MEL
1984 10 30 0629 151.965 -26.313 6.5 3.8 MW BRS
1984 11 07 1819 149.120 -34.775 13.6 3.6 MW MEL
1984 11 24 2248 150.703 -24.698 30.0 3.6 MW GSQ
1985 02 13 0801 150.204 -33.448 14.6 4.0 MW MEL
1985 07 27 1643 148.483 -19.281 5.0 3.5 MW QDM
1985 08 02 1216 149.203 -19.443 9.8 4.2 MW GSQ
1985 08 05 0838 147.586 -36.703 14.5 3.7 MW MEL
1985 08 12 0702 149.259 -28.709 0.0 3.9 MW ISC
1985 08 20 0655 150.592 -30.258 10.0 3.5 MW GSQ
1985 11 14 0359 148.337 -23.513 0.0 3.5 MW BRS
1986 02 20 2143 150.580 -33.296 11.8 3.8 MW MEL
1986 04 10 1853 144.851 -35.798 5.4 4.0 MW MEL
1986 09 22 1421 145.566 -34.264 17.2 3.8 MW MEL
1987 05 15 0405 148.027 -22.363 0.0 3.9 MW BMR
1987 06 24 1504 150.105 -33.401 5.1 4.0 MW MEL
1987 09 27 1601 147.825 -19.304 9.0 4.3 MW BMR
1987 09 28 1937 150.641 -29.394 0.0 3.5 MW GSQ
1987 10 31 0602 152.841 -23.828 10.0 3.5 MW GSQ
1987 12 16 0455 142.853 -24.817 6.0 3.5 MW BMR
1987 12 22 1506 141.479 -36.158 15.7 4.6 MW GG
1988 04 09 0122 149.667 -32.239 10.0 3.8 MW USGS
1988 07 03 0823 144.496 -35.672 3.6 3.9 MW MEL
1988 08 14 2323 152.333 -27.561 9.6 3.8 MW BRS
1989 01 05 2048 147.171 -33.842 5.4 3.8 MW MEL
1989 04 18 0351 148.586 -36.416 11.0 3.5 MW MEL
1989 05 23 1208 143.978 -28.843 5.0 3.6 MW BMR
1989 12 06 2200 149.678 -23.153 4.3 3.8 MW BRS
1989 12 27 2326 151.610 -32.952 10.5 5.4 MW MEL
1990 01 13 1555 149.176 -34.752 0.0 3.5 MW MEL
1990 01 23 0731 152.613 -24.676 7.9 3.0 MW GSQ
1990 03 04 0237 147.430 -33.960 0.0 3.0 MW CAN
1990 03 08 0955 140.748 -37.499 14.5 3.2 MW ADE
1990 03 30 1133 150.830 -34.250 0.0 3.2 MW CAN
1990 04 01 1204 149.738 -36.662 5.6 3.1 MW MEL
1990 04 15 1743 149.197 -34.761 3.6 3.3 MW MEL
1990 04 27 1602 147.247 -27.499 10.0 3.1 MW GSQ
1990 05 04 1206 150.515 -36.304 4.9 3.1 MW MEL
1990 05 10 0648 148.387 -22.207 10.0 3.6 MW BRS
1990 05 22 0639 150.332 -32.026 10.0 3.5 MW MEL
1990 05 28 0336 152.350 -25.670 5.0 3.5 MW AGSO
1990 06 09 0406 147.822 -23.364 19.0 3.1 MW GSQ
1990 06 11 2028 144.551 -34.932 10.0 3.3 MW MEL
1990 08 03 1206 149.262 -28.580 10.0 3.0 MW GSQ
1990 09 13 1749 148.780 -34.060 5.0 3.2 MW AUST
1990 11 14 1856 150.808 -30.430 10.0 3.6 MW GSQ
1990 11 26 0832 148.752 -34.071 8.5 3.0 MW MEL
1991 01 04 0247 146.732 -28.930 10.0 3.4 MW GSQ
1991 01 10 1107 139.211 -37.331 2.7 3.6 MW ADE
1991 01 14 1443 151.550 -30.630 10.0 3.3 MW BMR
1991 01 23 0426 149.067 -34.183 1.4 3.3 MW MEL
1991 02 23 1249 148.933 -34.418 22.1 3.0 MW MEL
1991 04 06 0144 149.814 -20.499 8.0 3.2 MW GSQ
1991 05 03 1728 144.086 -36.898 1.4 3.5 MW MEL
1991 05 11 0904 140.053 -36.427 9.9 3.2 MW ADE
1991 05 20 1336 148.850 -34.055 11.8 3.5 MW MEL
1991 06 10 1200 150.658 -23.609 0.5 3.0 MW GSQ
1991 06 22 0419 148.259 -22.492 10.0 3.4 MW ISC
1991 06 23 0830 147.560 -36.556 15.9 3.0 MW MEL
1991 07 17 0234 150.910 -32.540 3.0 3.3 MW BMR
1991 08 27 0243 151.500 -32.500 0.0 3.1 MW MEL
1991 09 08 2139 152.722 -23.977 10.0 3.0 MW GSQ
1991 09 11 0536 148.895 -19.712 8.8 3.3 MW GSQ
1991 09 24 0436 149.051 -27.890 7.6 3.9 MW GSQ
1991 11 22 0711 146.144 -36.618 10.1 3.3 MW MEL
1991 11 22 1739 151.698 -26.127 3.0 3.1 MW GSQ
1991 11 24 0801 149.148 -34.730 10.0 3.3 MW MEL
1991 12 01 1813 152.502 -26.527 2.4 3.6 MW BRS
1992 01 21 1100 148.584 -33.071 3.9 3.1 MW MEL
1992 01 23 2014 151.249 -32.913 13.3 3.8 MW MEL
1992 05 10 0159 148.284 -34.377 3.8 3.1 MW MEL
1992 05 22 0403 151.112 -32.597 0.0 3.0 MW MEL
1992 06 02 0218 151.142 -32.607 0.0 3.1 MW MEL
1992 06 04 0135 150.974 -32.317 0.0 3.0 MW MEL
1992 06 05 0020 148.340 -34.398 5.7 3.0 MW MEL
1992 06 05 0304 150.628 -32.416 0.0 3.1 MW MEL
1992 06 16 0425 151.123 -32.598 0.0 3.2 MW MEL
1992 06 24 0118 150.983 -32.287 0.0 3.0 MW MEL
1992 06 26 0130 150.817 -32.265 0.0 3.0 MW MEL
1992 07 02 1845 149.231 -34.753 5.1 3.2 MW MEL
1992 07 23 2307 151.104 -32.361 0.0 3.0 MW MEL
1992 07 27 0350 151.070 -32.569 0.0 3.1 MW MEL
1992 08 02 2240 151.148 -32.407 0.0 3.0 MW MEL
1992 08 04 0454 148.971 -34.538 3.6 3.1 MW MEL
1992 08 08 0309 151.060 -32.586 0.0 3.1 MW MEL
1992 08 19 1118 151.366 -30.243 0.0 3.2 MW GSQ
1992 08 21 0315 149.178 -32.483 5.0 3.1 MW MEL
1992 08 22 0226 151.147 -32.340 0.0 3.0 MW MEL
1992 08 25 0222 150.962 -32.616 0.0 3.1 MW MEL
1992 08 31 0335 151.054 -32.549 0.0 3.0 MW MEL
1992 09 01 2317 151.115 -32.444 0.0 3.0 MW MEL
1992 09 02 0439 150.594 -32.095 10.0 3.0 MW MEL
1992 09 02 1051 150.034 -33.772 9.6 3.1 MW MEL
1992 09 08 0559 151.118 -32.568 0.0 3.0 MW MEL
1992 09 21 0313 151.023 -32.566 0.0 3.1 MW MEL
1992 09 24 0328 150.844 -32.519 0.0 3.0 MW MEL
1992 10 06 0121 150.970 -32.311 0.0 3.1 MW MEL
1992 10 08 0212 151.196 -32.608 0.0 3.3 MW MEL
1992 10 11 0203 147.508 -34.367 17.2 3.7 MW MEL
1992 10 13 0121 150.894 -32.284 0.0 3.0 MW MEL
1992 11 09 1530 141.012 -37.183 4.6 3.1 MW ADE
1992 11 10 0142 140.831 -37.175 0.8 3.1 MW ADE
1992 11 23 0323 151.097 -32.601 0.0 3.0 MW MEL
1992 11 25 0458 151.080 -32.605 0.0 3.0 MW MEL
1992 11 26 0036 151.075 -32.598 0.0 3.0 MW MEL
1992 11 27 0139 150.719 -32.259 0.0 3.1 MW MEL
1992 11 30 0336 151.408 -30.261 8.0 3.2 MW BRS
1992 12 02 0214 151.115 -32.597 0.0 3.1 MW MEL
1992 12 03 0321 151.114 -32.602 0.0 3.1 MW MEL
1992 12 12 0502 148.704 -34.376 2.1 3.5 MW MEL
1992 12 15 0223 150.913 -32.333 0.0 3.0 MW MEL
1992 12 16 0057 150.837 -32.271 0.0 3.0 MW MEL
1992 12 17 0247 151.071 -32.598 0.0 3.0 MW MEL
1992 12 21 0120 151.106 -32.395 0.0 3.0 MW MEL
1992 12 21 2218 151.436 -30.264 8.0 3.2 MW BRS
1993 02 06 0213 151.021 -32.401 0.0 3.0 MW MEL
1993 02 09 1435 147.402 -35.502 12.6 3.1 MW MEL
1993 02 17 0204 151.023 -32.547 0.0 3.1 MW MEL
1993 02 17 0837 150.977 -32.336 0.0 3.1 MW MEL
1993 02 18 0600 151.080 -32.548 0.0 3.0 MW MEL
1993 02 25 0100 149.405 -32.306 0.0 3.0 MW MEL
1993 03 15 0435 150.960 -32.340 0.0 3.0 MW MEL
1993 03 16 0126 151.217 -32.423 0.0 3.0 MW MEL
1993 03 16 0403 151.084 -32.549 0.0 3.0 MW MEL
1993 03 17 0211 151.089 -32.565 0.0 3.0 MW MEL
1993 03 19 0700 149.630 -32.282 0.0 3.0 MW MEL
1993 03 20 0158 151.076 -32.379 0.0 3.1 MW MEL
1993 03 21 0703 150.670 -29.870 0.0 3.1 MW AGSO
1993 03 21 0704 150.670 -29.870 0.0 3.1 MW AUST
1993 03 24 0207 151.059 -32.535 0.0 3.0 MW MEL
1993 03 24 0209 150.970 -32.586 0.0 3.0 MW MEL
1993 03 30 0614 151.075 -32.565 0.0 3.0 MW MEL
1993 04 06 0357 151.019 -32.589 0.0 3.0 MW MEL
1993 04 08 0310 151.048 -32.579 0.0 3.0 MW MEL
1993 04 14 0326 151.025 -32.529 0.0 3.0 MW MEL
1993 04 20 0159 149.773 -32.249 0.0 3.2 MW MEL
1993 04 23 0151 150.998 -32.483 0.0 3.0 MW MEL
1993 04 23 0302 151.096 -32.594 0.0 3.1 MW MEL
1993 04 28 0116 151.098 -32.428 0.0 3.0 MW MEL
1993 04 28 0158 149.814 -32.157 0.0 3.2 MW MEL
1993 05 17 0247 150.856 -32.291 5.0 3.0 MW MEL
1993 05 22 0005 151.320 -32.863 0.0 3.2 MW MEL
1993 05 28 0326 151.080 -32.604 0.0 3.0 MW MEL
1993 05 30 0705 150.908 -32.304 0.0 3.2 MW MEL
1993 06 03 0320 151.057 -32.566 0.0 3.1 MW MEL
1993 06 04 0627 150.944 -32.512 0.0 3.0 MW MEL
1993 06 09 0147 150.917 -32.332 0.0 3.1 MW MEL
1993 06 09 0326 151.006 -32.579 0.0 3.0 MW MEL
1993 06 15 0315 151.089 -32.594 0.0 3.1 MW MEL
1993 06 21 0606 151.037 -32.601 0.0 3.0 MW MEL
1993 06 24 0300 151.071 -32.537 0.0 3.0 MW MEL
1993 06 27 0358 151.039 -32.366 0.0 3.0 MW MEL
1993 06 29 0304 150.868 -32.276 0.0 3.0 MW MEL
1993 07 09 0239 150.850 -32.307 0.0 3.0 MW MEL
1993 07 16 0334 150.790 -32.279 0.0 3.1 MW MEL
1993 08 03 0323 150.864 -32.336 0.0 3.0 MW MEL
1993 08 03 0744 149.193 -34.538 15.2 3.0 MW MEL
1993 08 04 1343 151.029 -32.524 0.0 3.0 MW MEL
1993 08 12 0327 151.062 -32.548 0.0 3.0 MW MEL
1993 08 31 0306 150.828 -32.294 0.0 3.0 MW MEL
1993 08 31 0430 151.507 -32.670 0.3 3.0 MW MEL
1993 09 06 0132 150.965 -32.341 0.0 3.0 MW MEL
1993 09 17 0143 151.124 -32.611 0.0 3.1 MW MEL
1993 09 23 1151 147.402 -34.186 10.0 3.1 MW MEL
1993 09 28 0129 150.847 -32.270 0.0 3.2 MW MEL
1993 09 28 0216 151.117 -32.625 0.0 3.0 MW MEL
1993 09 29 1749 140.448 -26.115 5.0 3.0 MW AUST
1993 09 30 0220 151.179 -32.708 0.0 3.0 MW MEL
1993 09 30 2313 151.569 -32.746 0.0 3.0 MW MEL
1993 10 07 0313 151.089 -32.572 0.0 3.0 MW MEL
1993 10 11 0423 146.888 -37.317 15.3 3.1 MW MEL
1993 10 13 0312 151.043 -32.583 0.0 3.1 MW MEL
1993 10 15 0003 150.789 -32.271 0.0 3.0 MW MEL
1993 10 19 1551 150.516 -30.552 0.0 3.1 MW BRS
1993 10 20 0047 150.764 -32.280 0.0 3.1 MW MEL
1993 10 20 0140 151.143 -32.455 0.0 3.1 MW MEL
1993 10 22 0212 151.081 -32.591 0.0 3.0 MW MEL
1993 10 23 0150 149.061 -33.050 4.8 3.1 MW MEL
1993 11 04 0356 149.404 -32.669 3.6 3.1 MW MEL
1993 11 09 0119 151.059 -32.603 0.0 3.0 MW MEL
1993 11 16 0111 151.045 -32.545 0.0 3.0 MW MEL
1993 11 17 0105 151.048 -32.550 0.0 3.0 MW MEL
1993 11 25 0406 152.632 -23.922 1.7 3.7 MW BRS
1993 12 13 0258 151.022 -32.300 0.0 3.0 MW MEL
1993 12 17 1918 145.993 -36.405 3.6 3.1 MW MEL
1993 12 18 2116 148.649 -36.313 9.1 3.1 MW MEL
1994 01 12 0206 151.056 -32.557 0.0 3.0 MW MEL
1994 02 02 0152 150.961 -32.374 0.0 3.0 MW MEL
1994 02 16 0105 151.013 -32.402 0.0 3.1 MW MEL
1994 03 11 0328 151.032 -32.636 0.0 3.0 MW MEL
1994 03 17 2017 151.293 -32.883 0.0 3.0 MW MEL
1994 03 27 0130 149.587 -24.524 8.0 3.0 MW BRS
1994 05 20 0327 150.871 -32.270 0.0 3.1 MW MEL
1994 05 21 0859 146.962 -36.034 3.0 3.2 MW MEL
1994 05 25 0613 151.047 -32.567 0.0 3.1 MW MEL
1994 06 06 0620 151.034 -32.567 0.0 3.1 MW MEL
1994 06 09 0331 151.019 -32.563 0.0 3.1 MW MEL
1994 06 17 1152 148.867 -20.208 4.1 3.5 MW BRS
1994 06 30 0241 151.044 -32.549 0.0 3.0 MW MEL
1994 07 06 0316 151.069 -32.588 0.0 3.0 MW MEL
1994 07 09 1430 144.997 -31.996 6.3 4.0 MW MEL
1994 07 17 1135 151.444 -29.992 8.0 3.2 MW BRS
1994 08 06 1103 151.292 -32.917 0.6 4.7 MW MEL
1994 08 21 0553 148.361 -33.423 0.7 3.9 MW MEL
1994 08 30 0331 151.045 -32.572 0.0 3.0 MW MEL
1994 09 01 0820 148.315 -35.348 5.6 3.0 MW MEL
1994 09 18 0408 148.199 -33.834 1.6 3.3 MW MEL
1994 09 27 0758 148.646 -36.219 9.5 3.1 MW MEL
1994 11 08 0022 150.973 -32.447 0.0 3.0 MW MEL
1994 11 18 1210 146.004 -37.278 9.1 3.0 MW MEL
1995 01 03 0715 148.200 -22.200 50.0 3.2 MW BRS
1995 01 03 2211 147.928 -21.683 0.0 3.2 MW BRS
1995 01 05 0222 148.764 -34.314 1.2 3.1 MW MEL
1995 01 12 1250 151.078 -30.083 2.4 3.2 MW BRS
1995 01 14 0223 145.980 -30.815 10.0 3.6 MW MEL
1995 01 14 2232 145.980 -30.815 10.0 3.5 MW AUST
1995 01 18 1824 150.755 -30.125 8.0 3.0 MW BRS
1995 01 31 2120 148.271 -34.391 0.0 3.1 MW MEL
1995 02 12 0112 150.000 -24.600 0.0 3.2 MW BRS
1995 03 02 1932 148.355 -33.422 1.5 3.0 MW MEL
1995 03 16 1231 148.242 -36.279 0.7 3.1 MW MEL
1995 03 17 0803 146.463 -17.982 10.0 3.6 MW BRS
1995 03 26 0653 147.233 -35.958 3.7 3.2 MW MEL
1995 03 27 0117 150.000 -24.600 0.0 3.0 MW BRS
1995 04 13 0023 150.908 -32.274 0.0 3.0 MW MEL
1995 04 13 0532 147.348 -35.727 4.5 3.0 MW MEL
1995 05 03 0424 150.249 -33.186 10.7 3.2 MW MEL
1995 05 05 0338 151.022 -32.579 0.0 3.0 MW MEL
1995 05 20 1129 150.083 -33.868 13.8 3.5 MW MEL
1995 05 28 2312 151.549 -32.543 13.7 3.6 MW MEL
1995 05 30 0330 151.091 -32.573 0.0 3.0 MW MEL
1995 06 03 1820 143.374 -36.109 5.6 3.1 MW MEL
1995 06 23 0302 148.019 -22.304 0.0 4.0 MW ISC
1995 07 14 0313 151.102 -32.576 0.0 3.0 MW MEL
1995 07 21 1426 148.859 -36.031 4.8 3.3 MW MEL
1995 07 30 0441 147.658 -36.761 11.3 3.5 MW MEL
1995 08 19 0901 148.741 -34.312 1.3 3.1 MW MEL
1995 09 12 1023 148.720 -34.310 0.0 3.2 MW MEL
1995 09 28 0148 147.635 -21.967 10.0 4.0 MW ISC
1995 09 30 2250 143.347 -35.959 3.7 3.1 MW MEL
1995 10 14 0411 148.761 -34.317 3.0 3.2 MW MEL
1995 11 02 0318 148.076 -22.384 10.0 3.5 MW ISC
1995 11 17 1243 144.571 -36.196 3.9 3.1 MW MEL
1995 11 17 1301 145.133 -33.126 10.0 3.5 MW MEL
1995 11 18 0932 144.764 -37.114 13.5 3.5 MW MEL
1995 12 24 0804 147.946 -34.781 2.0 3.1 MW MEL
1996 02 09 1303 148.040 -18.887 10.0 3.0 MW UQ
1996 02 18 1934 148.666 -36.152 12.8 3.5 MW MEL
1996 02 19 0241 147.785 -21.791 33.0 3.3 MW ISC
1996 02 24 0206 150.582 -24.123 0.0 3.0 MW BRS
1996 03 04 0415 148.500 -21.630 0.0 3.7 MW EIDC
1996 03 05 0027 143.286 -36.102 2.3 3.0 MW MEL
1996 03 06 0533 148.462 -21.999 0.0 3.2 MW BRS
1996 04 01 0313 147.945 -22.397 33.0 3.3 MW ISC
1996 04 05 1715 148.246 -19.475 33.0 3.5 MW ISC
1996 04 05 1751 148.246 -19.475 33.0 3.5 MW ISC
1996 04 11 0210 147.540 -22.500 0.0 3.5 MW EIDC
1996 04 30 2211 149.760 -23.080 0.0 3.6 MW EIDC
1996 06 04 0827 144.257 -29.037 8.5 3.3 MW BRS
1996 06 13 0700 147.808 -22.384 10.0 3.5 MW ISC
1996 07 03 0238 151.003 -32.483 0.0 3.1 MW MEL
1996 07 12 0209 148.117 -22.413 33.0 3.6 MW ISC
1996 07 18 0540 153.040 -27.597 10.0 3.0 MW BRS
1996 08 13 0430 143.613 -30.141 8.1 4.8 MW MEL
1996 08 13 1233 149.214 -34.749 0.0 3.0 MW MEL
1996 09 01 0801 151.444 -26.112 0.0 3.7 MW BRS
1996 09 07 1105 141.742 -37.394 11.2 3.2 MW MEL
1996 09 09 0646 150.929 -32.284 0.0 3.1 MW MEL
1996 09 10 1835 141.998 -37.575 17.2 3.1 MW MEL
1996 09 12 1453 146.529 -28.354 10.0 3.6 MW BRS
1996 09 20 0056 148.857 -34.409 1.2 3.1 MW MEL
1996 09 20 0339 150.989 -32.547 0.0 3.1 MW MEL
1996 09 28 1303 153.192 -23.510 10.0 3.0 MW BRS
1996 10 01 2142 150.393 -33.830 8.7 3.2 MW MEL
1996 10 05 0341 151.547 -23.177 10.0 3.1 MW BRS
1996 11 01 0126 150.854 -32.519 0.0 3.0 MW MEL
1996 11 02 2007 151.492 -32.534 0.0 3.0 MW MEL
1996 11 19 0244 151.090 -32.654 0.0 3.0 MW MEL
1996 11 23 0757 148.324 -33.234 10.0 3.1 MW MEL
1996 12 10 1254 150.501 -34.153 12.3 3.1 MW MEL
1996 12 21 0242 151.444 -26.112 0.0 3.1 MW BRS
1996 12 27 1628 151.256 -29.841 2.7 3.3 MW MEL
1996 12 31 0216 151.444 -26.112 0.0 3.2 MW BRS
1997 01 02 0711 148.778 -28.454 17.2 3.3 MW MEL
1997 01 21 2057 148.557 -35.715 1.3 3.1 MW MEL
1997 02 15 1328 146.553 -20.440 10.0 3.5 MW BRS
1997 03 15 0144 148.370 -22.584 0.0 3.1 MW BRS
1997 03 16 0402 148.408 -22.604 10.0 3.1 MW BRS
1997 03 29 2057 143.628 -30.713 0.0 3.0 MW AUST
1997 05 27 0412 147.933 -22.259 33.0 3.5 MW ISC
1997 05 28 1755 152.816 -24.449 8.1 3.2 MW BRS
1997 06 16 1525 153.277 -24.371 10.0 3.0 MW BRS
1997 06 27 0320 146.094 -36.781 8.5 3.9 MW MEL
1997 07 08 2318 148.141 -22.559 10.0 3.4 MW BRS
1997 07 30 1530 142.600 -28.090 11.0 3.2 MW AGSO
1997 08 06 0401 148.975 -24.114 10.0 3.5 MW BRS
1997 08 21 0301 151.019 -32.335 0.0 3.1 MW MEL
1997 08 23 0012 148.197 -34.627 3.6 3.2 MW MEL
1997 09 17 0014 148.300 -21.950 0.0 3.6 MW EIDC
1997 10 03 0108 147.164 -22.789 10.0 3.5 MW ISC
1997 10 07 0149 148.018 -22.302 0.0 3.4 MW EIDC
1997 10 12 1451 149.563 -32.046 3.6 3.0 MW MEL
1997 10 22 0401 146.640 -22.430 33.0 3.4 MW ISC
1997 10 24 1831 147.098 -20.400 19.1 3.2 MW BRS
1997 11 25 0550 148.582 -35.269 1.2 3.1 MW MEL
1997 12 04 0330 147.641 -22.833 0.0 3.2 MW EIDC
1998 01 11 0132 148.081 -36.412 10.4 3.0 MW MEL
1998 01 21 0135 151.097 -32.583 0.0 3.0 MW MEL
1998 01 22 0016 151.023 -32.512 0.0 3.1 MW MEL
1998 01 30 1336 140.351 -35.272 7.5 3.1 MW ADE
1998 02 13 0349 148.027 -22.378 33.0 3.7 MW ISC
1998 02 13 2320 150.650 -25.707 3.6 4.0 MW GG
1998 02 14 1823 148.702 -35.375 8.5 3.8 MW MEL
1998 03 09 0423 148.460 -22.029 0.0 3.6 MW EIDC
1998 03 09 1240 150.055 -32.171 3.7 3.3 MW MEL
1998 03 11 0327 140.452 -36.667 21.0 3.7 MW ADE
1998 03 28 0902 152.323 -32.828 8.0 3.1 MW MEL
1998 05 01 0210 151.122 -32.620 0.0 3.1 MW MEL
1998 05 11 0422 151.047 -32.612 0.0 3.0 MW MEL
1998 05 13 0217 147.000 -30.360 15.0 3.2 MW AUST
1998 05 17 0030 144.000 -28.750 10.0 3.1 MW UQ
1998 05 22 1901 147.928 -34.610 11.7 3.7 MW MEL
1998 06 23 0202 151.040 -32.618 0.0 3.0 MW MEL
1998 06 30 0258 152.659 -22.658 10.0 3.8 MW SRC
1998 07 17 0122 148.007 -36.439 19.0 3.9 MW MEL
1998 08 11 1825 144.432 -32.258 16.2 3.7 MW MEL
1998 08 19 1112 148.911 -35.631 3.6 3.2 MW MEL
1998 08 31 0014 153.418 -24.319 10.0 3.0 MW SRC
1998 09 27 0147 147.437 -34.218 3.6 3.0 MW MEL
1998 10 16 1346 147.457 -34.751 15.6 3.8 MW MEL
1998 10 21 0000 147.111 -34.048 3.6 3.0 MW MEL
1998 11 02 1709 151.146 -22.808 0.0 4.4 MW AGSO
1998 11 06 1912 151.446 -34.270 16.0 3.0 MW MEL
1998 11 07 2242 148.893 -35.144 6.7 3.0 MW MEL
1998 12 31 0611 149.154 -35.783 4.4 3.2 MW MEL
1999 01 05 0240 151.033 -32.602 0.0 3.0 MW MEL
1999 02 02 2359 140.080 -26.288 10.0 3.3 MW MEL
1999 02 21 0651 142.960 -28.770 0.0 3.3 MW AGSO
1999 03 10 0006 148.184 -33.958 4.5 3.3 MW MEL
1999 03 14 0013 147.070 -34.009 12.2 3.9 MW MEL
1999 03 17 0158 150.748 -34.253 5.3 4.3 MW MEL
1999 03 25 1226 146.755 -20.359 0.0 3.4 MW AGSO
1999 04 16 1051 145.984 -37.413 3.6 3.2 MW MEL
1999 04 24 2148 146.966 -20.159 0.0 3.0 MW AGSO
1999 04 26 2114 151.278 -29.750 3.6 3.1 MW MEL
1999 05 25 0044 150.179 -30.262 8.6 3.1 MW MEL
1999 06 23 0550 143.739 -35.079 16.0 3.3 MW MEL
1999 07 13 0142 148.976 -34.286 3.6 3.2 MW MEL
1999 09 26 0530 144.140 -27.990 0.0 3.0 MW AGSO
2000 01 01 1155 147.827 -37.348 14.4 3.0 MW MEL
2000 02 18 0102 150.126 -30.690 0.0 3.0 MW AGSO
2000 02 27 1749 148.392 -34.472 3.6 3.3 MW MEL
2000 03 16 1326 146.103 -37.496 8.4 3.5 MW MEL
2000 05 09 1612 148.486 -35.757 10.0 3.1 MW MEL
2000 06 06 0250 151.040 -32.627 0.0 3.0 MW MEL
2000 06 07 0602 149.694 -32.146 0.0 3.0 MW MEL
2000 06 11 1906 150.167 -29.492 3.6 3.3 MW MEL
2000 06 13 0058 147.468 -37.015 11.3 3.0 MW MEL
2000 06 22 1813 144.864 -36.815 5.7 3.3 MW MEL
2000 08 02 0309 150.679 -32.254 0.0 3.0 MW MEL
2000 08 03 0931 143.302 -28.676 0.0 3.2 MW AGSO
2000 08 29 1459 153.170 -24.320 5.0 3.2 MW SEQW
2000 09 06 0101 149.191 -32.251 10.0 3.0 MW MEL
2000 10 23 0120 148.835 -35.451 3.6 3.1 MW MEL
2000 10 23 2138 141.755 -34.464 11.9 3.6 MW MEL
2000 12 05 0521 151.001 -32.560 0.0 3.2 MW MEL
2000 12 07 0121 150.792 -32.214 10.0 3.0 MW MEL
2000 12 07 0618 150.893 -32.353 0.0 3.3 MW MEL
2001 02 08 0208 148.659 -23.490 10.0 3.3 MW ISC
2001 02 23 0715 150.264 -29.178 17.0 3.0 MW MEL
2001 02 24 0640 152.730 -30.583 0.0 3.0 MW AUST
2001 02 27 0102 142.082 -28.670 0.0 3.2 MW AUST
2001 03 09 1609 141.995 -28.604 8.0 3.1 MW AUST
2001 03 13 1235 147.173 -33.923 3.6 3.3 MW MEL
2001 04 01 0530 147.397 -33.917 8.5 3.1 MW MEL
2001 05 01 0521 151.012 -32.559 0.0 3.0 MW MEL
2001 05 02 0135 144.442 -37.174 17.8 3.1 MW MEL
2001 05 03 0328 147.846 -22.396 10.0 3.3 MW ISC
2001 05 12 2211 148.870 -27.780 18.0 3.0 MW SEQW
2001 05 16 0411 148.244 -22.286 10.0 3.4 MW ISC
2001 05 18 1837 148.780 -34.290 2.0 3.3 MW AGSO
2001 05 20 1147 146.500 -32.190 10.0 3.1 MW AGSO
2001 06 06 0511 147.386 -21.472 10.0 3.5 MW ISC
2001 06 07 1538 147.440 -35.930 2.0 3.0 MW AGSO
2001 06 13 2027 149.480 -34.890 17.0 3.3 MW AGSO
2001 08 10 1251 147.380 -34.000 11.0 3.0 MW AGSO
2001 08 28 0451 148.810 -36.290 10.0 3.1 MW AGSO
2001 09 19 0559 150.980 -32.616 0.0 3.1 MW MEL
2001 10 07 1354 139.767 -24.934 0.0 3.2 MW AUST
2001 10 12 0005 152.883 -24.119 2.7 3.9 MW AUST
2001 10 13 0442 147.675 -36.833 8.2 3.4 MW MEL
2001 10 25 1856 148.297 -35.280 8.2 3.1 MW AUST
2001 10 27 0758 143.643 -35.356 14.1 4.2 MW MEL
2001 10 27 1856 146.409 -32.425 2.7 3.0 MW AUST
2001 11 08 0534 150.997 -32.591 0.0 3.2 MW MEL
2001 11 11 1158 144.180 -29.320 6.0 3.3 MW AUST
2001 11 23 0333 148.198 -33.892 10.0 3.6 MW MEL
2001 11 27 1529 146.620 -32.540 3.0 3.1 MW AUST
2001 12 06 2010 148.822 -28.709 0.0 3.1 MW AUST
2001 12 16 2038 147.155 -37.119 15.0 3.5 MW AUST
2001 12 18 0616 149.488 -33.199 33.0 3.3 MW ISC
2001 12 21 0307 148.214 -33.938 5.0 3.6 MW MEL
2001 12 28 0159 150.999 -32.604 0.0 3.0 MW MEL
2002 01 22 0918 144.701 -36.443 13.3 3.4 MW MEL
2002 01 25 0105 151.081 -32.611 0.0 3.2 MW MEL
2002 01 25 0144 151.124 -32.604 0.0 3.2 MW MEL
2002 02 09 0834 148.333 -33.896 5.0 3.0 MW MEL
2002 02 14 1327 150.659 -34.425 14.3 3.5 MW MEL
2002 02 27 1147 148.684 -34.340 5.0 3.2 MW MEL
2002 03 04 0750 147.296 -33.862 3.6 3.0 MW MEL
2002 03 12 0114 151.047 -32.607 0.0 3.0 MW MEL
2002 03 17 0750 148.744 -33.869 5.0 3.1 MW AUST
2002 04 08 2140 148.516 -35.443 10.0 3.1 MW AUST
2002 04 19 0002 143.103 -36.179 6.4 3.1 MW MEL
2002 04 28 0104 148.742 -34.335 10.0 3.0 MW MEL
2002 05 02 2148 150.975 -25.413 5.0 3.2 MW AUST
2002 06 02 0012 148.126 -34.613 7.4 3.1 MW MEL
2002 06 19 2034 153.120 -24.830 5.0 3.5 MW SEQW
2002 06 20 1220 148.669 -34.320 1.1 3.1 MW MEL
2002 07 02 0611 149.731 -32.404 0.0 3.1 MW MEL
2002 07 05 0414 148.693 -32.361 10.0 3.0 MW MEL
2002 07 23 1838 145.586 -31.633 5.0 3.0 MW AUST
2002 07 30 0643 148.665 -36.335 6.2 3.0 MW MEL
2002 08 10 1208 148.772 -33.798 5.0 3.0 MW AUST
2002 08 13 0403 150.849 -32.531 10.0 3.2 MW MEL
2002 08 13 0509 150.463 -32.480 10.0 3.0 MW MEL
2002 08 22 0658 149.069 -28.443 0.0 3.2 MW AUST
2002 08 22 2123 148.245 -33.897 4.1 3.6 MW MEL
2002 09 18 0544 151.003 -32.542 10.0 3.2 MW MEL
2002 10 03 0033 149.748 -32.261 0.0 3.0 MW MEL
2002 10 04 0430 148.281 -22.171 10.0 3.3 MW ISC
2002 10 04 0522 151.032 -32.598 0.0 3.0 MW MEL
2002 10 04 2302 150.854 -32.266 0.0 3.0 MW MEL
2002 10 11 0709 140.762 -27.960 13.6 3.0 MW ADE
2002 10 13 2336 150.914 -32.500 0.0 3.0 MW MEL
2002 10 18 0459 151.080 -32.200 10.0 3.0 MW MEL
2002 10 24 2203 142.250 -35.666 10.0 3.2 MW MEL
2002 11 04 1934 144.106 -35.043 2.7 3.3 MW MEL
2002 11 09 1227 148.866 -36.254 0.2 3.1 MW AUST
2002 12 01 0038 145.830 -18.533 0.0 3.1 MW RC
2002 12 14 1338 152.983 -27.384 5.0 3.1 MW AUST
2002 12 23 2303 150.980 -32.470 0.0 3.0 MW MEL
2002 12 26 2107 151.288 -30.258 3.0 3.2 MW AUST
2003 01 08 1641 152.562 -24.886 1.0 3.0 MW RC
2003 01 08 2131 150.464 -32.486 10.0 3.2 MW MEL
2003 01 10 0027 151.128 -32.316 0.0 3.2 MW MEL
2003 01 13 0530 150.466 -32.518 0.0 3.2 MW MEL
2003 01 14 1343 149.012 -35.019 1.0 3.3 MW AUST
2003 03 10 1228 144.089 -35.077 14.9 3.3 MW MEL
2003 04 06 0626 150.949 -32.360 0.0 3.1 MW MEL
2003 04 17 2150 149.143 -21.237 2.0 3.7 MW RC
2003 05 09 0638 145.804 -36.971 9.6 3.0 MW MEL
2003 05 17 0651 148.416 -36.208 2.0 3.2 MW AUST
2003 06 02 0553 150.897 -32.485 0.0 3.0 MW MEL
2003 06 24 1607 152.133 -27.458 1.9 3.0 MW AUST
2003 06 28 0220 151.390 -25.837 2.0 3.3 MW RC
2003 07 03 1225 148.771 -36.354 7.0 3.0 MW AUST
2003 07 11 0818 147.859 -34.611 1.0 3.4 MW AUST
2003 07 15 1414 148.870 -34.036 0.0 3.1 MW AUST
2003 07 18 0434 147.983 -22.347 10.0 3.3 MW ISC
2003 07 27 2250 149.751 -34.224 6.0 3.3 MW AUST
2003 08 01 0551 148.653 -23.884 10.0 3.5 MW ISC
2003 08 11 0704 146.911 -18.529 12.0 4.5 MW ISC
2003 08 15 0410 147.897 -22.681 0.0 3.2 MW MEL
2003 09 10 0003 143.610 -34.487 10.0 3.3 MW MEL
2003 09 26 0124 148.021 -36.633 10.0 3.0 MW MEL
2003 10 06 0606 152.237 -26.545 10.0 3.6 MW MEL
2003 10 17 0345 148.622 -21.894 10.0 3.5 MW ISC
2003 11 26 0439 149.247 -34.773 0.0 3.2 MW AUST
2003 12 01 1429 149.387 -36.236 5.8 3.0 MW MEL
2003 12 02 0200 149.700 -32.100 0.0 3.3 MW MEL
2003 12 05 0505 152.197 -32.065 10.0 3.1 MW MEL
2003 12 05 1745 140.618 -27.793 6.7 3.7 MW ISC
2003 12 11 1019 150.464 -34.498 12.2 3.8 MW MEL
2003 12 18 0203 151.559 -32.799 0.0 3.0 MW MEL
2003 12 18 0731 144.131 -29.041 10.0 3.3 MW AUST
2003 12 29 0503 146.454 -20.556 10.0 3.0 MW MEL
2003 12 29 1331 144.531 -35.413 11.0 3.6 MW AUST
2003 12 30 0135 148.125 -23.295 10.0 3.1 MW MEL
2004 01 16 1505 151.601 -25.069 17.0 4.1 MW GG
2004 01 16 1506 151.429 -24.891 9.0 4.6 MW SRC
2004 01 20 0359 149.437 -22.269 10.0 3.0 MW MEL
2004 01 23 0201 149.655 -32.045 0.0 3.2 MW MEL
2004 02 21 2355 151.323 -26.416 1.0 3.7 MW RC
2004 02 28 1132 147.694 -35.005 10.8 3.5 MW MEL
2004 03 11 2218 150.186 -32.686 0.0 3.0 MW MEL
2004 03 26 0407 147.203 -22.904 10.0 3.3 MW ISC
2004 04 12 0214 146.024 -37.322 10.0 3.0 MW MEL
2004 04 24 1701 151.380 -29.780 5.0 3.0 MW SEQW
2004 05 15 2138 152.044 -32.210 10.0 3.3 MW MEL
2004 05 21 0611 151.128 -32.583 0.0 3.0 MW MEL
2004 05 28 0241 151.288 -32.658 10.0 4.3 MW MEL
2004 06 14 0927 150.387 -34.384 0.0 3.2 MW MEL
2004 06 19 0805 151.490 -31.751 3.3 3.0 MW MEL
2004 07 29 0324 150.934 -32.527 0.0 3.0 MW MEL
2004 08 03 0629 147.755 -20.539 10.0 4.6 MW MEL
2004 08 06 0414 148.452 -22.576 0.0 3.1 MW MEL
2004 08 08 2333 151.180 -32.613 0.0 3.2 MW MEL
2004 08 09 0035 148.520 -22.401 0.0 3.0 MW MEL
2004 08 11 0050 148.180 -22.238 0.0 3.5 MW MEL
2004 08 11 0226 151.011 -32.445 0.0 3.1 MW MEL
2004 08 12 0217 151.183 -32.387 0.0 3.0 MW MEL
2004 08 26 0302 150.899 -32.433 0.0 3.0 MW MEL
2004 09 05 1015 148.833 -21.432 0.0 4.9 MW MEL
2004 09 10 0334 150.426 -32.483 0.0 3.0 MW MEL
2004 09 21 0600 151.066 -32.397 10.0 3.1 MW MEL
2004 09 21 1154 148.569 -34.674 0.0 3.1 MW MEL
2004 10 06 0156 151.481 -22.515 0.0 4.4 MW MEL
2004 10 06 0335 148.299 -21.472 10.0 3.9 MW MEL
2004 10 07 0200 149.816 -32.177 0.0 3.2 MW MEL
2004 10 07 0525 147.373 -21.535 0.0 4.0 MW MEL
2004 10 08 0116 148.333 -25.372 0.0 3.0 MW MEL
2004 10 10 0658 142.603 -36.367 0.0 3.1 MW MEL
2004 10 12 0204 148.054 -22.956 0.0 3.1 MW MEL
2004 10 12 0456 148.077 -23.656 0.0 3.3 MW MEL
2004 11 22 0825 149.561 -34.205 10.0 3.0 MW MEL
2004 11 26 0021 151.121 -32.517 35.6 3.5 MW MEL
2004 12 06 0519 148.450 -21.346 0.0 3.0 MW MEL
2004 12 17 0200 150.881 -32.639 0.0 3.4 MW MEL
2005 01 02 0156 148.650 -35.388 10.0 3.1 MW AUST
2005 01 05 0120 150.843 -32.578 10.0 3.0 MW MEL
2005 01 05 0831 153.415 -26.097 1.7 3.5 MW RC
2005 01 06 0439 148.964 -22.292 35.6 3.8 MW MEL
2005 01 18 1009 147.191 -33.845 13.0 3.7 MW AUST
2005 01 19 0211 151.211 -32.571 0.0 3.2 MW MEL
2005 02 06 0935 146.071 -37.343 3.1 3.2 MW MEL
2005 02 20 0916 148.683 -34.013 12.0 3.1 MW AUST
2005 03 11 0032 148.117 -22.204 0.0 3.5 MW MEL
2005 03 25 0910 145.834 -20.353 26.0 3.0 MW RC
2005 04 05 0444 148.799 -33.475 35.6 3.0 MW MEL
2005 04 14 1316 149.272 -28.550 0.0 3.3 MW AUST
2005 04 30 0159 151.358 -32.261 11.0 3.0 MW MEL
2005 05 04 0313 151.020 -32.551 0.0 3.2 MW MEL
2005 05 20 0426 148.513 -21.984 0.0 3.2 MW MEL
2005 05 22 0423 148.084 -21.819 10.0 3.2 MW MEL
2005 05 26 0604 151.127 -32.550 0.0 3.3 MW MEL
2005 06 02 0521 148.461 -22.292 0.0 3.6 MW MEL
2005 06 03 0404 150.567 -32.127 17.8 3.1 MW MEL
2005 06 03 0445 150.443 -32.427 0.0 3.3 MW MEL
2005 06 09 0226 151.130 -32.439 0.0 3.2 MW MEL
2005 06 09 0403 151.315 -32.430 10.0 3.1 MW MEL
2005 06 22 0323 151.109 -32.536 4.5 3.3 MW MEL
2005 07 04 0703 151.142 -32.526 0.6 3.0 MW MEL
2005 07 11 2019 144.777 -31.253 9.0 3.2 MW AUST
2005 07 14 0623 147.160 -34.085 0.0 3.1 MW AUST
2005 08 01 0531 151.860 -26.795 0.0 3.7 MW MEL
2005 08 02 0524 151.188 -32.546 0.0 3.3 MW MEL
2005 08 23 0242 150.505 -32.301 0.0 3.2 MW MEL
2005 09 03 2305 148.654 -34.401 4.1 3.5 MW AUST
2005 09 05 1108 151.147 -28.840 2.5 3.1 MW RC
2005 09 12 1604 140.558 -27.737 2.0 3.2 MW AUST
2005 09 13 0044 147.176 -18.256 10.0 3.5 MW RC
2005 09 15 0019 151.161 -27.984 0.0 3.2 MW MEL
2005 09 29 0516 148.031 -21.865 0.0 3.0 MW MEL
2005 09 30 0209 150.851 -32.324 0.0 3.2 MW MEL
2005 10 04 0114 148.160 -21.815 0.0 3.0 MW MEL
2005 10 31 1813 150.151 -33.612 7.9 3.5 MW MEL
2005 12 18 0215 150.108 -24.519 0.0 3.0 MW MEL
2005 12 28 2054 147.894 -28.191 0.0 4.1 MW AUST
2006 01 02 2043 150.938 -29.978 15.0 3.3 MW RC
2006 01 12 2219 146.595 -23.880 10.0 3.5 MW MEL
2006 02 04 1631 148.168 -37.465 13.1 4.0 MW MEL
2006 02 28 0513 147.117 -36.818 12.2 3.1 MW MEL
2006 03 02 0617 149.200 -34.828 8.7 3.6 MW MEL
2006 03 27 2157 150.478 -29.190 0.0 3.8 MW MEL
2006 04 21 0811 149.144 -34.811 5.2 3.3 MW AUST
2006 05 26 0142 150.265 -29.149 10.0 3.1 MW RC
2006 06 15 1801 146.982 -27.904 10.0 3.1 MW RC
2006 06 18 1549 150.425 -34.077 6.4 3.1 MW MEL
2006 06 30 1234 148.744 -34.021 10.0 3.0 MW AUST
2006 07 02 2319 150.867 -32.348 12.0 3.1 MW AUST
2006 07 28 0200 149.693 -32.237 0.0 3.1 MW MEL
2006 07 28 0549 147.359 -18.323 0.9 3.8 MW RC
2006 07 30 0145 153.907 -26.604 10.0 3.0 MW RC
2006 08 13 1330 149.201 -34.780 10.0 3.6 MW MEL
2006 10 01 0724 140.969 -35.549 7.7 3.5 MW MEL
2006 10 19 1429 147.260 -18.343 10.0 3.1 MW SRC
2006 10 21 0951 149.167 -34.031 18.4 3.8 MW MEL
2007 01 29 0435 148.981 -22.583 10.0 3.3 MW MEL
2007 04 11 0058 151.010 -34.253 20.0 3.3 MW AUST
2007 04 27 1328 142.741 -36.286 10.0 3.0 MW MEL
2007 04 28 0853 151.397 -24.975 9.9 3.1 MW RC
2007 04 29 0604 148.624 -34.866 11.6 3.0 MW GG
2007 05 22 1930 142.048 -29.776 10.3 3.5 MW AUST
2007 07 15 0124 152.554 -23.979 10.0 3.0 MW MEL
2007 07 15 0126 152.635 -23.922 10.0 3.2 MW MEL
2007 07 19 0019 150.517 -32.172 0.0 3.0 MW MEL
2007 08 09 0304 148.611 -34.291 10.0 3.2 MW MEL
2007 08 18 0357 150.372 -34.357 22.6 3.3 MW MEL
2007 08 22 1024 150.242 -34.063 7.0 3.1 MW MEL
2007 08 24 1347 148.493 -32.294 10.0 3.1 MW MEL
2007 08 25 0606 151.432 -26.495 4.0 3.8 MW AUST
2007 09 14 0906 148.072 -29.465 10.0 3.5 MW MEL
2007 09 27 1059 143.340 -36.140 10.0 3.0 MW AUST
2007 09 27 1059 143.459 -35.992 10.0 3.0 MW MEL
2007 11 08 0510 152.630 -23.290 10.0 3.3 MW AUST
2007 11 14 0252 147.258 -22.003 0.0 3.0 MW MEL
2007 11 28 0157 151.216 -32.275 10.0 3.0 MW MEL
2008 02 13 2157 146.593 -27.523 10.0 4.0 MW MEL
2008 03 01 0024 144.668 -36.154 10.0 3.7 MW AUST
2008 03 09 0441 149.123 -34.939 10.0 3.1 MW MEL
2008 03 18 0102 148.433 -32.519 11.0 3.7 MW AUST
2008 03 24 0622 149.620 -23.430 0.0 3.8 MW MEL
2008 04 11 0000 148.697 -34.381 5.5 3.0 MW AUST
2008 05 23 0916 150.226 -36.447 10.0 3.3 MW MEL
2008 05 31 0509 148.362 -21.460 10.0 3.0 MW MEL
2008 06 06 0803 152.329 -31.907 10.0 3.2 MW MEL
2008 06 09 0137 146.881 -30.167 10.0 3.7 MW AUST
2008 06 17 2347 150.644 -23.877 0.0 3.4 MW MEL
2008 06 23 1604 139.762 -37.513 11.1 3.0 MW ADE
2008 07 12 1132 146.662 -32.262 10.0 3.0 MW MEL
2008 07 17 0258 147.163 -35.657 10.0 3.0 MW MEL
2008 07 25 1848 147.731 -34.690 10.0 3.0 MW MEL
2008 08 26 0534 149.208 -34.730 3.0 3.2 MW MEL
2008 09 05 0539 150.776 -32.848 0.0 3.3 MW AUST
2008 09 21 1116 153.242 -24.936 5.0 3.0 MW MEL
2008 09 24 2331 144.490 -35.733 10.0 3.5 MW MEL
2008 10 30 1311 146.008 -36.245 3.8 3.0 MW MEL
2008 12 06 1805 144.332 -35.170 10.0 3.0 MW AUST
2009 01 12 0925 152.939 -23.538 10.0 3.0 MW MEL
2009 03 11 1325 150.743 -32.535 11.5 3.5 MW MEL
2009 04 09 0304 148.728 -32.418 10.0 3.1 MW MEL
2009 04 18 1535 150.460 -34.518 3.0 3.0 MW MEL
2009 04 26 1253 147.478 -18.269 5.0 3.9 MW SRC
2009 06 13 1436 147.787 -36.717 11.3 3.0 MW MEL
2009 06 25 0813 148.145 -33.772 10.0 3.0 MW MEL
2009 08 28 2220 150.338 -34.217 3.4 3.5 MW AUST
2009 09 28 0853 148.953 -33.442 0.0 3.3 MW AUST
2009 12 10 1136 147.497 -18.528 10.0 3.6 MW MEL
2009 12 10 1136 147.020 -18.468 10.0 3.6 MW SRC
2010 01 08 1424 146.997 -37.397 10.0 3.2 MW MEL
2010 01 12 0044 147.889 -21.669 0.0 3.2 MW MEL
2010 01 12 0115 148.851 -23.284 10.0 3.3 MW MEL
2010 02 20 1850 149.618 -34.723 10.0 3.2 MW MEL
2010 02 28 0508 146.399 -37.311 10.0 3.0 MW MEL
2010 03 14 1829 148.949 -33.451 0.8 3.2 MW MEL
2010 04 18 2320 150.870 -32.122 3.0 3.2 MW MEL
2010 05 24 0056 145.805 -36.855 9.5 3.1 MW MEL
2010 05 26 1009 144.746 -36.748 10.0 3.3 MW MEL
2010 06 07 1230 140.791 -28.007 0.0 3.3 MW AUST
2010 07 15 1743 143.225 -35.884 10.0 3.1 MW AUST
2010 07 23 2220 148.879 -36.315 0.0 3.1 MW AUST
