1968 07 31 1651 124.400 -30.800 18.0 4.3 mb MGO
1968 11 12 1023 124.000 -31.600 18.0 4.6 mb MGO
1970 02 08 1631 125.080 -27.400 1.0 5.1 mb ISC
1971 09 10 1634 127.280 -26.310 0.0 4.2 mb BMR
1972 02 05 1620 125.610 -27.070 0.0 4.4 ML BMR
1972 05 20 0347 124.600 -28.100 0.0 4.0 mb MGO
1972 07 22 0419 126.710 -28.030 0.0 4.7 mb MGO
1972 12 21 1343 124.300 -30.700 0.0 4.1 mb MGO
1974 04 17 0721 123.986 -29.581 33.0 4.8 ML ISC
1975 01 10 0820 126.110 -27.740 nan 5.6 mb MGO
1975 07 21 2139 123.500 -30.200 nan 4.7 mb MGO
1977 04 10 1018 122.920 -30.510 nan 4.6 ML MGO
1977 08 17 2116 125.424 -29.797 0.0 4.6 ML ISC
1977 11 17 1756 123.670 -30.590 nan 4.6 ML MGO
1977 12 26 1740 123.700 -30.600 nan 3.5 ML MGO
1978 11 24 0104 120.770 -33.320 10.0 4.3 ML MGO
1979 06 18 2015 123.925 -29.643 0.0 3.9 ML ISC
1980 03 08 0051 124.410 -31.130 19.0 3.5 ML MGO
1980 08 02 0531 124.820 -29.410 nan 3.3 ML MGO
1980 08 07 2047 123.534 -29.304 0.0 4.2 ML ISC
1980 11 23 1932 123.360 -30.000 10.0 3.5 ML MGO
1981 04 16 1913 121.460 -33.100 10.0 3.3 ML MGO
1981 07 26 1324 127.060 -26.390 0.0 3.2 ML MGO
1981 09 12 1320 124.090 -30.880 37.0 3.0 ML MGO
1981 11 14 2313 123.920 -29.790 10.0 3.6 ML MGO
1982 01 27 2312 125.390 -27.350 10.0 3.6 ML MGO
1982 06 06 1406 122.257 -32.358 33.0 4.1 ML USGS
1982 09 11 1015 123.030 -30.330 10.0 3.4 ML MGO
1983 05 04 0115 124.560 -29.590 10.0 3.2 ML MGO
1983 07 06 1941 122.290 -32.650 10.0 3.0 ML MGO
1983 12 25 0306 120.090 -33.480 10.0 3.0 ML MGO
1984 01 03 0318 126.850 -26.320 10.0 3.2 ML MGO
1984 02 21 0559 122.720 -31.820 10.0 3.7 ML MGO
1984 02 21 0559 122.720 -31.820 10.0 4.2 ML MGO
1984 03 30 1015 124.550 -27.140 10.0 3.3 ML MGO
1984 07 07 0439 126.659 -28.219 33.0 4.5 ML ISC
1984 09 10 0751 123.550 -31.590 10.0 3.3 ML MGO
1984 12 13 1648 124.910 -26.250 10.0 3.2 ML MGO
1985 06 05 0341 122.430 -32.650 10.0 3.2 ML MGO
1985 07 02 2345 125.300 -27.700 10.0 3.5 ML MGO
1985 07 28 0739 122.582 -32.554 5.8 5.2 mb EHB
1985 07 28 0807 122.220 -32.510 10.0 3.2 ML MGO
1985 07 28 0901 122.220 -32.510 10.0 3.2 ML MGO
1985 07 28 0922 122.220 -32.510 10.0 3.6 ML MGO
1985 07 28 1039 122.220 -32.510 10.0 4.5 ML MGO
1985 07 28 1447 122.220 -32.510 10.0 3.9 ML MGO
1985 07 29 0713 124.260 -28.100 10.0 3.5 ML MGO
1985 07 29 0735 122.220 -32.510 10.0 4.0 ML MGO
1985 07 30 1348 122.220 -32.510 10.0 3.1 ML MGO
1985 07 30 1452 122.220 -32.510 10.0 3.2 ML MGO
1985 07 31 1504 122.220 -32.510 10.0 3.0 ML MGO
1985 08 03 1639 122.220 -32.510 10.0 3.1 ML MGO
1985 08 06 0952 122.220 -32.510 10.0 3.2 ML MGO
1985 08 07 0346 122.220 -32.510 10.0 3.0 ML MGO
1985 08 07 0935 122.220 -32.510 10.0 3.1 ML MGO
1985 08 14 0400 122.220 -32.510 10.0 4.6 ML MGO
1985 08 19 0722 122.220 -32.510 10.0 3.6 ML MGO
1985 08 24 1634 122.220 -32.510 10.0 3.3 ML MGO
1985 09 02 0038 122.220 -32.510 10.0 3.1 ML MGO
1985 09 09 1707 122.220 -32.510 10.0 3.1 ML MGO
1985 09 20 2008 122.220 -32.510 10.0 3.1 ML MGO
1985 09 23 1545 122.220 -32.510 10.0 4.0 ML MGO
1985 10 06 0016 122.220 -32.510 10.0 4.0 ML MGO
1985 10 06 0303 122.220 -32.510 10.0 3.5 ML MGO
1985 10 23 1730 122.220 -32.510 10.0 3.0 ML MGO
1985 10 25 0618 122.220 -32.510 10.0 3.1 ML MGO
1985 10 28 1112 122.220 -32.510 10.0 3.8 ML MGO
1985 10 28 1217 122.220 -32.510 10.0 3.0 ML MGO
1985 10 29 1103 122.220 -32.510 10.0 3.0 ML MGO
1985 10 30 1410 122.250 -32.480 10.0 4.3 ML MGO
1985 12 01 0648 122.220 -32.510 10.0 3.4 ML MGO
1985 12 14 2239 122.220 -32.510 10.0 3.6 ML MGO
1986 01 20 0746 122.340 -32.360 5.0 4.2 ML MGO
1986 01 20 1016 122.300 -32.480 5.0 3.6 ML MGO
1986 01 20 2331 124.220 -29.050 10.0 3.8 ML MGO
1986 03 16 0644 126.610 -28.100 5.0 3.6 ML MGO
1986 04 03 1834 122.220 -32.510 5.0 3.2 ML MGO
1986 04 03 2230 122.220 -32.510 5.0 3.4 ML MGO
1986 04 29 1924 122.220 -32.510 5.0 3.2 ML MGO
1986 05 01 1949 122.310 -32.590 5.0 3.1 ML MGO
1986 05 17 1457 119.800 -33.760 5.0 3.6 ML MGO
1986 06 23 1530 124.780 -27.590 5.0 3.8 ML MGO
1986 09 16 1616 122.310 -32.590 5.0 3.5 ML MGO
1986 10 05 1240 122.200 -32.430 5.0 3.0 ML MGO
1986 12 17 0913 122.270 -32.360 5.0 3.3 ML MGO
1986 12 27 0743 122.220 -32.510 5.0 3.2 ML MGO
1987 02 24 0810 122.220 -32.510 5.0 3.0 ML MGO
1987 04 19 2241 122.260 -32.610 5.0 3.2 ML MGO
1987 05 08 1335 122.220 -32.510 5.0 3.0 ML MGO
1987 06 04 0333 122.310 -32.590 5.0 3.5 ML MGO
1987 06 14 1806 122.310 -32.590 5.0 3.0 ML MGO
1987 07 08 1038 122.280 -32.540 5.0 4.7 ML MGO
1987 07 08 1157 122.280 -32.540 5.0 3.1 ML MGO
1987 07 12 1951 122.280 -32.540 5.0 3.3 ML MGO
1987 08 21 0939 122.370 -32.660 5.0 3.1 ML MGO
1987 11 15 1227 122.220 -32.510 5.0 3.1 ML MGO
1988 06 16 2258 122.230 -32.570 5.0 3.4 ML MGO
1988 07 16 1919 122.180 -32.480 5.0 3.1 ML MGO
1988 07 16 2050 122.180 -32.480 5.0 3.6 ML MGO
1988 08 08 1813 126.573 -27.243 5.0 4.7 ML BMR
1988 08 15 0413 122.220 -32.510 5.0 3.7 ML MGO
1988 09 17 0605 122.220 -32.510 5.0 3.0 ML MGO
1988 11 27 1407 123.010 -30.370 5.0 3.3 ML MGO
1988 12 18 0409 123.790 -28.940 5.0 3.0 ML MGO
1989 03 03 0922 123.905 -28.863 10.0 4.8 ML ISC
1989 03 03 1326 123.661 -29.340 10.0 5.0 ML ISC
1989 03 03 1409 123.745 -29.071 10.0 3.5 ML ISC
1989 03 03 1449 123.650 -29.600 5.0 3.2 ML MGO
1989 04 17 0349 123.760 -28.746 5.0 3.5 ML MGO
1989 07 27 0607 125.467 -26.092 5.0 3.0 ML MGO
1989 08 10 1545 124.696 -29.952 5.0 3.1 ML MGO
1990 04 21 2136 127.301 -26.144 10.0 3.1 ML MGO
1991 03 15 0429 124.655 -29.360 1.0 3.0 ML MGO
1991 06 14 1222 122.318 -32.603 5.0 3.6 ML MGO
1991 11 05 0926 122.097 -32.836 5.0 3.8 ML MGO
1992 01 07 0631 123.374 -30.496 37.0 3.1 ML MGO
1993 02 27 2208 122.317 -32.625 5.0 3.4 ML MGO
1993 06 10 0336 122.298 -32.458 5.0 3.3 ML MGO
1993 11 30 0051 125.087 -29.892 5.0 3.2 ML MGO
1994 01 07 1213 122.297 -32.425 5.0 3.0 ML MGO
1994 02 20 1432 123.757 -29.608 5.0 3.2 ML MGO
1994 09 04 1301 124.253 -30.688 5.0 4.3 ML AGSO
1994 10 11 1034 121.307 -33.294 3.0 3.9 ML AGSO
1997 02 05 1455 123.271 -29.851 5.0 3.3 ML MGO
1997 02 06 1356 123.916 -30.128 5.0 3.3 ML MGO
1997 07 29 0742 125.807 -28.360 10.0 4.2 ML MEL
1997 12 28 1556 122.313 -32.621 5.0 3.0 ML MGO
1998 04 10 0346 122.343 -32.589 5.0 4.3 ML MGO
1998 07 17 1846 127.845 -26.502 11.0 3.4 ML MGO
1999 01 12 0308 126.402 -27.780 10.0 3.7 ML ISC
1999 01 18 1450 126.410 -27.788 10.0 4.2 ML ISC
1999 03 27 2209 124.441 -30.832 5.0 3.0 ML MGO
1999 12 01 1525 126.590 -27.180 5.0 3.2 ML MGO
2000 01 10 2057 124.082 -28.554 10.0 3.0 ML ISC
2000 07 29 0245 123.749 -29.933 10.0 3.2 ML ISC
2000 11 11 2200 126.172 -27.637 2.0 3.3 ML ISC
2001 01 04 2123 123.887 -28.940 10.0 3.5 ML ISC
2001 03 27 0458 122.408 -32.029 10.0 3.3 ML ISC
2001 04 25 2337 124.280 -30.910 5.0 3.3 ML AGSO
2001 10 19 1743 120.628 -33.712 10.0 5.1 mb ISC
2001 10 19 2233 120.600 -33.508 10.0 3.5 ML ISC
2001 10 19 2344 120.664 -33.624 10.0 3.8 ML ISC
2002 03 17 0109 125.388 -27.539 5.0 3.3 ML AUST
2004 01 23 1531 123.549 -31.672 14.9 4.3 ML AUST
2004 03 01 2233 123.171 -32.423 1.7 3.1 ML AUST
2004 03 24 0627 124.144 -29.849 10.0 3.1 ML AUST
2004 06 07 1340 125.483 -27.695 6.8 3.8 ML AUST
2005 01 27 1729 122.381 -32.467 10.0 3.3 ML AUST
2005 02 18 1757 121.085 -32.827 0.0 3.3 ML AUST
2006 11 28 2151 123.951 -28.561 9.0 3.1 ML AUST
2007 03 06 0407 124.341 -29.933 1.0 3.9 ML AUST
2007 11 26 1005 123.719 -30.127 2.0 3.3 ML AUST
2008 01 19 1224 122.127 -33.016 0.0 3.2 ML AUST
2008 07 09 2345 125.223 -26.034 1.4 4.5 ML AUST
2008 07 10 0005 125.316 -26.029 9.2 3.6 ML AUST
2009 06 21 0608 124.631 -30.308 10.0 3.1 ML AUST
2009 10 24 1626 120.659 -33.468 10.0 3.3 MS AUST
2009 11 03 0654 125.792 -27.579 9.5 3.4 ML AUST
2011 01 11 0311 124.491 -27.997 0.0 3.5 ML AUST
2011 05 12 1836 122.068 -32.463 19.0 3.1 ML AUST
2011 12 14 0549 123.152 -32.513 15.0 3.4 ML AUST
2012 11 28 2235 125.943 -27.757 0.0 4.0 ML AUST
2012 11 30 1624 122.560 -32.374 14.0 3.1 ML AUST
2013 03 26 1807 120.887 -33.017 15.0 3.0 ML AUST
2014 09 06 1354 124.413 -30.018 13.0 3.2 ML AUST
2015 03 15 1134 121.489 -33.545 10.0 3.1 ML AUST
2015 07 24 1137 123.050 -30.517 10.0 3.1 ML AUST
2016 05 28 1530 122.466 -32.497 0.0 5.0 ML AUST
2016 05 28 1638 122.438 -32.460 0.0 5.1 ML AUST
2016 05 28 1744 122.497 -32.536 0.0 3.5 ML AUST
2016 05 28 1801 122.294 -32.409 0.0 3.2 ML AUST
2016 05 28 2102 122.333 -32.455 0.0 3.1 ML AUST
2016 05 28 2208 122.207 -32.434 0.0 3.0 ML AUST
2016 05 29 1124 122.417 -32.441 0.0 3.2 ML AUST
2016 06 01 1300 122.481 -32.457 0.0 3.8 ML AUST
2016 06 05 1217 122.365 -32.350 0.0 3.4 ML AUST
2016 06 08 0201 122.493 -32.506 0.0 4.4 ML AUST
2016 06 09 1018 124.392 -30.880 10.0 3.6 ML AUST
2016 06 10 0149 126.347 -28.009 0.0 3.4 ML AUST
2016 06 11 1035 122.370 -32.473 0.0 3.1 ML AUST
2016 06 27 2336 122.453 -32.516 0.0 3.6 ML AUST
2016 06 30 1711 122.349 -32.385 0.0 3.4 ML AUST
2016 07 08 0940 122.346 -32.541 10.0 5.2 mb USGS
2016 07 08 0954 122.203 -32.104 0.0 3.3 ML AUST
2016 07 08 1020 122.313 -32.374 0.0 3.2 ML AUST
2016 07 08 1041 122.355 -32.366 0.0 3.1 ML AUST
2016 07 08 1119 122.379 -32.458 0.0 3.0 ML AUST
2016 07 08 1137 122.330 -32.354 0.0 3.2 ML AUST
2016 07 08 1202 122.362 -32.382 0.0 3.1 ML AUST
2016 07 08 1335 122.416 -32.525 0.0 3.1 ML AUST
2016 07 08 1410 122.341 -32.653 0.0 3.0 ML AUST
2016 07 08 1431 122.211 -32.393 0.0 3.3 ML AUST
2016 07 08 1544 122.372 -32.380 0.0 3.2 ML AUST
2016 07 08 1638 122.383 -32.126 0.0 3.1 ML AUST
2016 07 08 1947 122.241 -32.196 0.0 3.0 ML AUST
2016 07 08 2237 122.238 -32.335 0.0 3.1 ML AUST
2016 07 09 1139 122.268 -32.294 0.0 3.3 ML AUST
2016 07 12 0206 122.305 -32.340 10.0 3.7 ML SRC
