1922 04 10 1046 144.850 -39.140 0.0 5.70 MW Leiba
1931 03 13 2111 144.500 -39.500 10.0 5.70 MW Underwood
1960 05 03 0200 146.500 -38.500 10.0 3.70 MW MELobs
1960 10 20 2022 146.450 -38.560 8.0 4.00 MW CAN
1960 10 21 1447 146.500 -38.900 0.0 3.90 MW CAN
1960 12 24 1642 143.590 -38.880 0.0 5.30 MW ADE
1961 04 11 0035 146.470 -38.280 46.0 4.00 MW CAN
1961 06 01 0935 144.210 -38.670 0.0 4.10 MW ADE
1961 10 09 2343 145.882 -39.211 49.0 4.00 MW CAN
1962 01 10 0540 146.500 -38.500 0.0 3.80 MW CAN
1962 04 11 1828 146.330 -38.900 0.0 3.50 MW CAN
1962 05 27 1134 146.390 -38.580 0.0 3.50 MW CAN
1962 11 20 1215 146.070 -38.620 10.0 3.50 MW Underwood
1963 06 14 1923 146.425 -38.657 1.6 4.80 MW CAN
1964 11 17 2116 146.352 -38.416 16.1 4.00 MW CAN
1965 01 06 1944 145.973 -38.844 9.6 3.50 MW CAN
1965 05 01 1817 146.412 -38.519 5.7 3.50 MW CAN
1965 05 08 0625 149.159 -38.658 26.5 3.80 MW CAN
1965 09 14 1253 144.300 -38.700 10.0 5.70 MW Underwood
1966 02 13 1056 145.895 -38.904 6.0 3.30 MW CAN
1966 07 05 2226 144.964 -39.647 62.0 4.10 MW CAN
1966 08 15 2227 149.121 -37.957 36.0 3.20 MW CAN
1966 09 29 1805 146.104 -38.267 0.0 3.30 MW CAN
1967 10 21 2104 146.100 -38.470 0.0 3.50 MW CAN
1968 05 31 0141 147.350 -38.017 0.0 4.00 MW CAN
1968 11 16 2311 148.000 -38.000 0.0 3.00 MW CAN
1969 04 08 0553 148.400 -38.170 0.0 3.00 MW CAN
1969 06 20 1115 146.300 -38.470 19.0 5.30 MW BMR
1969 07 28 0147 147.710 -37.980 0.0 3.30 MW CAN
1970 01 21 1124 148.150 -37.720 4.0 3.00 MW CAN
1970 11 01 0926 146.190 -38.270 28.0 3.20 MW CAN
1970 11 08 1157 149.070 -38.030 0.0 2.50 MW CAN
1971 01 09 1150 146.480 -38.140 7.0 3.70 MW CAN
1971 01 27 0202 148.930 -38.520 0.0 3.10 MW CAN
1971 04 05 1046 148.420 -38.100 0.0 2.50 MW CAN
1971 07 06 2154 145.048 -38.452 17.0 5.00 MW MEL
1971 08 01 1119 148.070 -37.920 0.0 2.50 MW CAN
1971 11 30 0456 148.720 -38.230 0.0 2.60 MW CAN
1972 06 05 0616 148.000 -38.960 10.0 3.20 MW TAU
1972 07 14 1126 144.950 -38.860 0.0 3.20 MW BMR
1972 08 22 1323 148.640 -38.360 0.0 3.30 MW TAU
1972 08 28 1245 142.090 -38.660 10.0 3.30 MW BMR
1972 11 05 1922 143.593 -38.934 10.0 3.10 MW ISC
1973 01 23 2345 143.430 -39.020 10.0 3.30 MW BMR
1973 02 17 0856 145.390 -38.810 10.0 3.80 MW BMR
1973 03 22 2241 147.850 -37.730 0.0 3.10 MW CAN
1973 09 21 0256 146.790 -38.570 10.0 3.90 MW BMR
1974 06 01 0420 146.670 -39.180 0.0 3.50 MW CAN
1974 08 01 1437 149.371 -37.962 29.0 2.70 MW CAN
1974 08 10 0155 149.900 -37.900 0.0 3.20 MW CAN
1974 08 10 0433 144.860 -39.400 0.0 2.60 MW BMR
1974 09 16 0737 149.550 -38.380 0.0 3.50 MW BMR
1975 01 22 0037 143.550 -38.440 32.0 3.00 MW BMR
1975 06 14 0518 143.600 -38.880 10.0 2.50 MW BMR
1975 07 22 1130 146.180 -38.400 10.0 2.70 MW BMR
1975 09 08 1741 145.890 -38.540 0.0 3.20 MW BMR
1976 02 22 1518 144.081 -38.640 11.6 3.30 MW MEL
1976 03 08 1922 146.594 -38.076 11.3 2.70 MW MEL
1976 04 05 0747 146.171 -38.724 12.7 2.50 MW MEL
1976 06 26 2055 144.880 -38.708 17.1 3.00 MW MEL
1976 07 01 1725 142.169 -38.022 12.2 2.80 MW MEL
1976 11 01 0127 145.251 -39.209 15.1 2.60 MW MEL
1977 02 14 1639 143.636 -39.113 0.4 2.90 MW MEL
1977 02 21 1018 146.452 -38.127 7.8 2.60 MW MEL
1977 08 17 0412 143.023 -39.352 10.6 2.70 MW MEL
1977 09 02 1848 144.885 -39.188 10.3 2.90 MW MEL
1977 09 17 2205 149.630 -38.000 0.0 3.00 MW CAN
1977 09 22 2055 144.723 -38.175 16.7 3.10 MW MEL
1977 11 07 0929 144.868 -39.220 11.6 2.90 MW MEL
1977 11 12 1840 143.544 -38.949 12.5 3.30 MW MEL
1977 12 04 0208 145.491 -39.503 3.6 3.40 MW MEL
1978 01 22 2159 145.123 -38.543 2.0 2.70 MW MEL
1978 02 03 2256 143.494 -39.098 11.7 2.50 MW MEL
1978 06 10 0705 145.966 -38.492 17.2 2.50 MW MEL
1978 08 17 0255 146.454 -38.552 14.2 3.00 MW MEL
1978 08 25 2023 146.305 -38.416 3.6 3.00 MW MEL
1978 10 23 1053 144.659 -39.249 10.2 2.70 MW MEL
1978 11 09 0114 145.029 -38.750 0.0 2.50 MW MEL
1978 12 24 0244 146.332 -38.451 17.2 2.80 MW MEL
1979 01 24 0907 146.343 -38.429 3.6 2.50 MW MEL
1979 04 15 2020 144.792 -39.059 0.0 2.70 MW MEL
1979 06 26 1215 147.106 -38.699 0.0 2.80 MW MEL
1979 07 11 0005 144.592 -39.960 17.0 3.90 MW MEL
1979 08 30 0101 147.590 -38.614 17.2 2.80 MW MEL
1979 09 09 0852 146.417 -38.616 11.6 2.50 MW MEL
1979 09 10 1524 144.439 -39.745 17.2 3.60 MW MEL
1979 12 06 0752 148.530 -37.860 15.0 2.70 MW CAN
1979 12 28 1112 144.398 -38.904 0.0 3.10 MW MEL
1980 01 16 0249 145.483 -39.554 17.2 3.50 MW MEL
1980 01 24 0930 148.502 -38.284 11.2 2.50 MW MEL
1980 06 05 1419 148.566 -38.006 17.2 3.30 MW MEL
1980 07 15 0844 147.348 -38.459 21.7 2.60 MW MEL
1980 08 01 0907 145.552 -39.385 1.8 2.60 MW MEL
1980 09 18 0551 145.678 -38.360 10.4 3.10 MW MEL
1980 09 19 1328 144.796 -40.122 8.8 2.50 MW MEL
1980 12 05 0736 144.972 -37.692 12.8 2.70 MW MEL
1980 12 11 1031 146.231 -38.379 0.0 2.50 MW MEL
1981 01 23 1436 145.893 -38.567 0.0 2.60 MW MEL
1981 05 16 2255 141.664 -38.480 12.5 3.00 MW ADE
1981 06 16 2133 144.245 -38.899 17.2 5.10 MW MEL
1981 09 16 2313 146.188 -38.403 0.3 2.50 MW MEL
1981 12 07 2253 144.599 -39.947 1.8 2.60 MW MEL
1982 02 11 1458 147.484 -38.531 17.2 2.80 MW MEL
1982 03 23 0728 145.750 -38.387 4.0 2.70 MW MEL
1982 04 09 0317 144.308 -38.999 17.2 2.50 MW MEL
1982 10 04 0009 145.201 -39.554 0.0 2.50 MW MEL
1982 11 09 2147 149.100 -38.060 0.0 3.40 MW CAN
1982 12 01 2000 145.196 -39.911 12.8 2.70 MW MEL
1983 01 23 2014 143.584 -38.935 13.7 2.70 MW MEL
1983 06 05 0726 144.506 -38.497 19.2 2.50 MW MEL
1983 08 07 0357 146.033 -38.280 6.7 2.50 MW MEL
1983 08 15 0711 150.000 -38.000 0.0 3.40 MW CAN
1983 08 31 1025 146.349 -38.517 17.0 3.00 MW MEL
1983 10 15 2050 145.046 -39.770 15.3 4.40 MW MEL
1983 11 05 0444 141.891 -37.922 2.6 2.60 MW MEL
1984 07 10 2212 146.182 -38.449 17.2 2.70 MW MEL
1984 08 26 0723 142.389 -39.153 17.2 3.70 MW MEL
1984 10 20 0516 145.904 -38.970 16.7 4.30 MW MEL
1985 01 19 1502 145.957 -38.815 12.8 3.20 MW MEL
1985 05 29 1749 146.010 -38.334 13.3 3.20 MW MEL
1985 10 06 0136 146.368 -38.387 11.2 2.50 MW MEL
1986 01 13 0634 145.614 -38.690 15.8 2.60 MW MEL
1986 02 04 0110 144.728 -38.247 15.8 2.50 MW MEL
1986 08 24 0819 146.578 -37.982 15.6 3.10 MW MEL
1986 09 20 1605 146.555 -37.971 13.7 2.60 MW MEL
1986 12 20 1204 143.349 -39.212 13.9 3.50 MW MEL
1987 02 05 1351 148.146 -39.068 17.2 2.50 MW MEL
1987 03 28 2341 148.321 -38.343 16.7 2.50 MW MEL
1987 06 24 1853 144.220 -38.895 24.9 3.10 MW MEL
1987 08 17 0136 149.000 -38.300 0.0 2.80 MW CAN
1987 12 07 1054 149.325 -37.921 12.3 2.90 MW MEL
1987 12 20 0802 145.583 -38.410 16.2 3.30 MW MEL
1988 01 09 0806 146.655 -38.387 11.9 2.60 MW MEL
1988 02 07 0013 145.235 -39.552 15.4 2.80 MW MEL
1988 02 19 1108 145.520 -38.213 14.0 2.60 MW MEL
1988 05 14 1355 146.507 -38.558 15.8 2.50 MW MEL
1989 02 09 1714 147.679 -38.175 10.0 3.00 MW MEL
1989 04 30 2352 146.308 -38.404 8.5 2.70 MW MEL
1989 05 23 1131 143.254 -39.291 10.0 2.50 MW MEL
1989 05 31 0009 142.692 -38.821 0.0 3.00 MW BMR
1989 11 17 1337 144.777 -39.231 3.6 3.00 MW MEL
1990 01 25 1333 148.477 -38.166 3.6 3.00 MW MEL
1990 06 19 0746 146.413 -38.326 12.7 2.50 MW MEL
1990 08 16 0306 149.743 -38.111 15.4 3.70 MW MEL
1990 09 13 0812 147.133 -37.933 16.1 2.50 MW MEL
1990 10 28 0759 144.817 -39.350 10.0 2.60 MW TAU
1991 03 28 2126 146.249 -38.525 20.6 3.40 MW MEL
1991 04 08 1703 145.089 -39.326 10.5 2.70 MW MEL
1991 04 16 1608 147.370 -38.510 1.0 2.80 MW MEL
1991 06 15 0207 142.364 -37.828 3.4 2.60 MW MEL
1991 12 28 1805 142.734 -37.693 0.6 2.60 MW MEL
1992 03 17 0540 144.903 -39.096 3.6 2.50 MW MEL
1992 06 04 0247 143.469 -39.010 12.6 2.60 MW MEL
1992 07 11 1003 146.783 -38.481 14.3 2.70 MW MEL
1992 11 08 0140 143.529 -38.922 12.8 3.30 MW MEL
1993 07 24 1333 146.485 -38.353 15.0 3.19 MW MEL
1993 08 21 0110 146.347 -38.533 4.6 2.60 MW MEL
1993 09 25 0240 146.530 -38.311 10.2 3.32 MW MEL
1993 11 24 0759 147.026 -38.484 17.3 2.90 MW MEL
1994 02 01 0553 146.350 -38.536 17.1 3.72 MW MEL
1994 04 20 0517 145.548 -38.682 15.3 2.70 MW MEL
1994 05 14 1433 143.496 -38.714 12.0 3.10 MW MEL
1994 05 24 1146 143.131 -38.512 8.8 2.50 MW MEL
1994 06 27 0152 145.962 -38.722 11.6 2.90 MW MEL
1994 10 16 1731 146.287 -38.472 20.0 2.50 MW MEL
1995 01 11 0711 145.992 -38.165 8.7 3.15 MW MEL
1995 02 01 1021 146.259 -38.462 10.1 3.07 MW MEL
1995 03 27 0738 147.124 -38.503 10.9 2.70 MW MEL
1995 05 03 1748 146.283 -38.472 15.0 3.36 MW MEL
1995 09 16 0738 146.281 -38.484 12.5 2.50 MW MEL
1995 09 19 0632 143.167 -38.629 16.0 2.60 MW MEL
1995 10 04 1505 144.820 -38.507 15.6 2.60 MW MEL
1996 01 16 1030 145.070 -38.284 10.7 3.00 MW MEL
1996 04 21 1458 145.427 -38.594 14.5 2.60 MW MEL
1996 12 24 2228 145.534 -38.696 17.2 3.29 MW MEL
1997 01 20 1103 145.031 -38.379 19.3 3.50 MW MEL
1997 03 31 2026 145.450 -39.522 14.8 3.00 MW MEL
1997 05 04 2233 145.959 -38.135 14.0 3.21 MW MEL
1997 08 25 2232 144.699 -38.437 20.4 2.50 MW MEL
1997 09 08 1659 146.778 -39.839 5.0 2.50 MW MEL
1997 10 31 1733 145.396 -38.459 18.8 2.70 MW MEL
1998 04 04 0955 146.124 -38.709 16.2 3.42 MW MEL
1998 04 07 2119 146.132 -38.478 16.3 2.70 MW MEL
1998 04 18 1023 146.854 -38.486 18.1 2.60 MW MEL
1998 09 15 1323 147.289 -38.371 20.6 3.40 MW MEL
1998 09 27 2232 144.741 -38.290 20.5 3.80 MW MEL
1998 10 08 1205 145.848 -39.462 17.1 3.30 MW MEL
1998 11 02 1904 144.645 -39.189 10.0 2.80 MW MEL
1998 11 17 1908 146.296 -38.071 21.7 2.60 MW MEL
1998 11 19 0317 146.280 -38.410 14.9 2.70 MW MEL
1999 01 13 0940 146.317 -38.097 12.3 3.54 MW MEL
1999 03 01 1854 147.428 -38.198 9.1 2.90 MW MEL
1999 07 13 0820 145.837 -38.407 5.4 2.90 MW MEL
1999 09 11 1947 144.792 -39.235 17.2 2.80 MW MEL
1999 10 09 0817 148.285 -37.738 11.9 3.00 MW MEL
1999 12 26 0148 146.149 -38.325 1.6 2.60 MW MEL
2000 03 23 1040 143.580 -38.965 16.3 2.60 MW MEL
2000 05 17 1729 143.563 -38.710 17.1 2.90 MW MEL
2000 06 17 1643 146.208 -38.513 15.5 2.50 MW MEL
2000 08 03 1129 145.989 -38.752 16.2 3.24 MW MEL
2000 08 22 0835 145.814 -39.424 3.8 2.60 MW MEL
2000 08 29 1205 146.246 -38.404 15.4 4.15 MW MEL
2000 10 30 1730 146.044 -38.567 15.5 3.20 MW MEL
2000 12 29 2339 144.482 -38.793 17.1 3.60 MW MEL
2001 01 05 1604 146.006 -38.238 7.2 2.92 MW MEL
2001 03 13 1247 144.005 -38.510 3.6 2.70 MW MEL
2001 03 16 0622 145.666 -38.426 16.2 2.60 MW MEL
2001 07 04 0416 146.294 -38.420 6.0 3.40 MW MEL
2001 08 21 2313 145.472 -38.119 13.0 3.66 MW MEL
2001 09 03 1628 150.050 -37.990 11.0 2.50 MW AGSO
2001 09 08 0713 146.300 -38.500 0.0 2.80 MW MEL
2002 05 04 2238 145.751 -38.708 13.9 2.70 MW MEL
2002 07 19 0540 144.819 -39.245 8.5 3.00 MW MEL
2002 09 24 0742 146.066 -38.691 3.0 3.67 MW MEL
2002 12 06 1339 148.768 -38.002 24.0 2.70 MW AUST
2003 04 06 2330 145.384 -38.563 11.0 2.70 MW MEL
2003 04 10 0711 145.928 -39.241 18.3 3.90 MW MEL
2003 04 22 0739 146.211 -38.558 4.2 3.30 MW MEL
2003 07 07 0935 148.128 -38.099 3.0 3.20 MW AUST
2003 09 09 0930 146.360 -38.517 12.3 2.60 MW MEL
2004 08 09 1427 143.595 -39.095 10.0 2.70 MW MEL
2004 10 11 1636 143.552 -37.903 10.0 2.80 MW MEL
2004 10 20 0004 147.089 -39.060 10.0 2.50 MW MEL
2005 01 28 0124 146.342 -38.195 8.0 2.50 MW MEL
2005 04 20 2153 146.554 -38.517 7.4 3.50 MW MEL
2005 04 24 0210 146.683 -38.319 12.4 2.70 MW MEL
2005 05 19 1021 142.663 -38.942 10.0 2.50 MW MEL
2005 06 30 1413 142.307 -39.067 22.3 3.10 MW MEL
2005 09 28 2137 146.027 -38.568 7.2 2.90 MW MEL
2006 04 08 0034 142.258 -38.874 5.8 3.40 MW MEL
2006 06 18 1317 146.861 -38.484 13.0 3.20 MW AUST
2006 06 28 1626 145.626 -39.617 9.4 2.50 MW MEL
2006 10 22 1236 145.025 -37.873 16.1 2.90 MW MEL
2006 10 22 1322 146.267 -38.524 18.2 2.80 MW MEL
2006 12 04 0254 144.844 -39.055 13.5 3.20 MW GG
2007 01 03 2227 146.259 -38.467 17.8 3.20 MW GG
2007 01 20 1717 145.526 -38.419 10.0 2.70 MW MEL
2007 02 18 1004 146.279 -38.633 10.3 3.20 MW GG
2007 03 16 0612 145.611 -39.547 10.0 3.00 MW MEL
2007 05 08 1805 144.701 -39.177 17.8 2.60 MW AUST
2007 05 28 1809 145.566 -38.339 22.3 2.60 MW MEL
2007 06 06 0104 146.345 -38.552 19.5 2.50 MW AUST
2007 07 28 1650 144.373 -39.594 10.0 3.00 MW MEL
2007 08 09 0525 144.665 -38.917 10.0 2.60 MW MEL
2007 09 16 1143 145.167 -38.359 10.0 2.60 MW MEL
2008 01 24 0321 144.627 -38.757 14.3 3.40 MW MEL
2008 06 01 0217 144.788 -38.610 14.1 2.60 MW MEL
2008 09 30 0703 149.992 -37.975 10.0 3.00 MW MEL
2008 10 06 0138 146.071 -39.214 10.0 2.50 MW MEL
2008 10 24 0039 149.506 -38.390 10.0 2.50 MW MEL
2008 10 28 1224 144.281 -38.264 6.1 3.00 MW MEL
2008 11 22 0129 146.116 -39.310 10.0 2.70 MW MEL
2009 02 05 0404 144.994 -39.024 10.0 3.50 MW MEL
2009 03 06 0955 145.852 -38.413 9.8 4.42 MW MEL
2009 05 23 0748 144.752 -39.125 10.0 2.60 MW MEL
2009 09 22 0820 145.233 -38.199 5.0 3.00 MW MEL
2009 10 08 0837 148.461 -38.192 10.0 3.20 MW MEL
2009 10 15 2318 145.291 -39.389 10.0 3.00 MW MEL
2009 10 29 0217 148.924 -37.918 10.0 2.50 MW MEL
2009 12 18 1005 148.649 -37.905 0.4 2.70 MW AUST
2010 03 30 0808 144.903 -38.089 9.0 3.20 MW MEL
2010 04 03 1749 146.022 -38.532 14.1 3.10 MW MEL
2010 04 06 0637 147.438 -38.271 10.0 2.90 MW MEL
2010 08 06 0650 146.044 -38.555 14.9 3.00 MW MEL
2010 08 14 2123 147.541 -38.504 0.0 2.50 MW AUST
2010 10 22 1632 146.268 -38.564 10.0 2.70 MW MEL
2010 12 08 0910 149.018 -38.236 10.0 2.70 MW MEL
2010 12 28 0851 147.300 -38.570 35.7 3.10 MW MEL
2011 04 15 1337 145.772 -39.994 10.0 3.00 MW MEL
2011 07 20 1919 143.600 -38.951 10.0 2.70 MW MEL
2011 07 28 2041 148.557 -38.194 10.0 2.50 MW MEL
2012 01 02 1246 146.370 -38.562 14.4 2.70 MW MEL
2012 04 23 0029 143.027 -38.484 7.1 2.70 MW GG
2012 06 15 1737 144.326 -38.065 7.1 2.50 MW MEL
2012 06 19 1053 146.290 -38.259 18.1 5.00 MW GG
2012 06 19 1344 148.421 -38.298 10.0 2.60 MW MEL
2012 07 31 0008 146.716 -38.605 10.0 2.90 MW MEL
2012 10 11 2247 143.584 -37.885 11.2 3.20 MW MEL
2012 10 31 0835 145.802 -38.128 14.4 2.50 MW MEL
2013 01 17 2356 144.749 -39.716 5.0 2.80 MW MEL
2013 04 14 2220 144.871 -38.404 12.8 2.50 MW MEL
2013 05 01 1641 144.487 -38.126 11.6 2.90 MW GG
2013 08 10 0403 145.387 -38.113 15.4 2.50 MW MEL
2013 12 08 0647 146.322 -38.596 14.8 3.40 MW GG
2014 04 02 2018 144.563 -39.561 10.0 3.20 MW MEL
2014 05 20 1833 146.053 -38.426 13.3 2.80 MW SRC
2014 05 20 2253 147.444 -38.552 10.0 3.20 MW MEL
2014 06 28 0642 145.295 -39.448 9.5 3.30 MW GG
2014 07 12 0344 146.060 -38.437 16.4 2.60 MW GG
2014 08 06 1340 142.201 -38.918 10.0 2.60 MW MEL
2014 10 04 2203 146.728 -38.526 10.0 2.50 MW MEL
2014 10 17 0813 146.227 -38.219 10.6 3.30 MW SRC
2014 12 02 1634 145.846 -38.418 8.8 3.40 MW SRC
2014 12 03 1905 145.460 -38.067 18.4 3.48 MW SRC
2014 12 06 2054 144.041 -38.225 12.6 2.60 MW GG
2014 12 20 0950 148.733 -38.276 7.2 3.26 MW SRC
2015 03 05 0135 146.193 -38.255 9.5 2.90 MW SRC
2015 04 28 1442 146.203 -38.248 8.6 2.60 MW SRC
2015 05 29 1504 146.247 -38.254 11.3 2.50 MW SRC
2015 08 05 0700 149.269 -37.988 10.0 2.50 MW SRC
2016 04 04 1942 146.034 -38.572 19.3 3.31 MW GG
2016 06 12 1251 145.810 -39.061 14.0 3.20 MW GG
2017 01 08 1920 143.444 -39.009 12.6 3.10 MW SRC
2017 01 14 2037 148.957 -38.358 12.2 2.60 MW SRC
2017 01 31 1940 146.274 -38.429 19.7 3.57 MW SRC
2017 05 13 1743 146.277 -38.185 10.0 2.80 MW AUST
