1961 06 18 1613 119.300 -20.100 13.0 5.1 MW MGO
1963 02 26 1410 121.200 -22.200 18.0 5.3 MW MGO
1963 04 15 0043 120.300 -21.800 18.0 5.2 MW MGO
1964 03 23 2241 123.042 -17.875 27.3 5.6 MW EHB
1965 09 10 1224 122.200 -18.100 18.0 4.4 MW MGO
1967 10 12 1031 123.900 -17.900 18.0 4.3 MW MGO
1968 08 06 1908 123.200 -18.500 18.0 5.0 MW MGO
1969 06 23 1414 123.100 -17.600 7.0 4.6 MW MGO
1969 09 14 2258 123.100 -17.900 7.0 4.5 MW MGO
1969 09 24 2339 118.200 -21.700 7.0 4.7 MW MGO
1970 02 01 1840 118.500 -20.300 7.0 4.7 MW MGO
1971 03 05 0359 119.200 -21.800 10.0 3.8 MW MGO
1971 04 15 1748 120.500 -21.800 0.0 4.1 MW MGO
1972 04 12 2213 120.000 -20.620 0.0 4.6 MW MGO
1972 07 25 0243 119.050 -22.730 0.0 3.9 MW BMR
1972 12 07 0744 120.600 -18.100 0.0 3.9 MW MGO
1973 06 10 0807 119.700 -21.200 10.0 3.6 MW MGO
1975 07 24 2223 120.470 -21.090 0.0 4.7 MW MGO
1977 11 22 0800 120.400 -19.600 0.0 4.0 MW MGO
1978 03 08 1757 120.470 -22.668 23.0 3.5 MW ISC
1978 07 10 1648 120.140 -21.250 19.0 3.7 MW MGO
1979 02 07 2248 120.850 -21.420 0.0 3.7 MW MGO
1979 07 14 0940 122.755 -18.103 15.0 5.0 MW EHB
1979 09 11 0205 120.507 -21.443 5.0 3.9 MW ISC
1980 01 02 1749 122.090 -17.810 37.0 3.6 MW MGO
1980 02 09 1850 122.740 -19.780 8.0 3.7 MW MGO
1980 03 15 0709 121.640 -18.770 0.0 4.3 MW BMR
1980 04 01 1522 123.790 -17.170 0.0 3.5 MW BMR
1980 07 31 1219 120.960 -19.510 nan 4.0 MW MGO
1980 11 24 1954 123.868 -15.853 33.0 3.8 MW ISC
1981 01 01 0900 122.756 -17.510 33.0 4.7 MW ISC
1981 01 21 0325 120.230 -20.690 nan 3.2 MW MGO
1981 03 02 1450 120.330 -21.190 0.0 3.0 MW MGO
1981 03 15 1829 123.412 -18.590 37.0 3.7 MW ISC
1981 03 17 2138 123.230 -18.660 37.0 3.5 MW MGO
1981 04 03 2000 123.150 -18.120 0.0 4.0 MW MGO
1981 05 05 0552 121.840 -18.940 37.0 3.8 MW MGO
1981 05 06 1835 123.320 -19.230 10.0 3.2 MW MGO
1981 06 02 1213 121.630 -18.590 37.0 3.6 MW MGO
1981 06 27 2333 122.654 -17.784 37.0 3.7 MW ISC
1981 11 04 2135 120.750 -18.500 37.0 3.2 MW MGO
1982 01 09 0608 120.409 -21.278 28.0 3.8 MW MGO
1982 02 19 0111 123.349 -18.902 0.0 4.0 MW MGO
1982 02 26 1524 122.490 -17.670 37.0 3.7 MW MGO
1982 02 27 1843 121.180 -18.860 37.0 3.3 MW MGO
1982 05 26 1755 120.830 -22.240 10.0 3.4 MW MGO
1982 11 03 0240 120.480 -20.530 37.0 4.9 MW MGO
1982 12 16 1431 121.150 -18.320 37.0 3.5 MW MGO
1983 06 29 1524 122.621 -18.972 10.0 3.5 MW ISC
1983 08 31 0721 120.180 -20.560 10.0 3.7 MW MGO
1983 10 30 0109 123.740 -16.530 37.0 3.9 MW MGO
1984 03 02 0501 122.420 -17.660 10.0 3.9 MW MGO
1984 08 08 1524 119.340 -19.610 10.0 3.1 MW MGO
1984 09 10 0154 123.250 -20.090 10.0 3.3 MW MGO
1984 11 18 2119 122.890 -17.670 37.0 3.4 MW MGO
1984 12 07 1600 123.250 -18.630 10.0 3.2 MW MGO
1985 04 09 0718 120.520 -20.490 10.0 3.1 MW MGO
1985 04 09 1152 119.860 -21.570 10.0 3.1 MW MGO
1985 04 21 1456 121.897 -19.965 10.0 3.7 MW ISC
1985 05 20 2258 120.860 -18.410 10.0 3.7 MW MGO
1985 05 26 1243 118.580 -20.350 10.0 3.1 MW MGO
1986 01 27 1717 123.000 -18.290 5.0 3.3 MW MGO
1986 04 16 0601 123.480 -20.450 5.0 3.6 MW MGO
1986 05 26 1034 123.550 -17.590 5.0 3.3 MW MGO
1986 09 06 1041 119.050 -22.730 5.0 3.2 MW MGO
1986 09 13 1323 121.200 -18.440 5.0 3.2 MW MGO
1986 09 23 2041 119.820 -21.500 11.0 3.2 MW MGO
1986 12 14 0932 121.510 -19.180 5.0 3.5 MW MGO
1986 12 18 0126 122.808 -17.265 5.0 3.7 MW ISC
1987 02 11 0706 119.600 -21.470 3.0 3.1 MW AUST
1987 04 10 0643 122.100 -17.250 5.0 3.6 MW MGO
1987 05 17 1542 122.590 -17.470 5.0 3.4 MW MGO
1987 07 05 1105 120.700 -18.470 5.0 3.3 MW MGO
1987 09 23 0229 123.380 -17.650 5.0 3.2 MW MGO
1987 09 24 1553 120.240 -21.330 5.0 3.1 MW MGO
1987 11 19 1800 120.150 -21.300 25.0 3.9 MW MGO
1987 12 04 1315 120.624 -17.655 10.0 4.7 MW ISC
1988 01 28 0156 119.600 -21.050 5.0 4.7 MW MGO
1988 02 06 0524 124.730 -16.601 15.0 5.1 MW EHB
1988 05 16 1816 120.190 -21.420 5.0 3.1 MW MGO
1988 05 18 0903 122.280 -18.960 5.0 3.5 MW MGO
1988 07 30 0414 123.540 -18.410 5.0 3.5 MW MGO
1989 04 04 0311 120.093 -21.490 5.0 3.0 MW MGO
1989 10 13 0959 122.407 -17.666 31.0 5.5 MW EHB
1989 12 05 2249 118.942 -21.318 10.0 3.5 MW ISC
1990 06 27 1423 123.117 -18.833 5.0 3.2 MW MGO
1990 08 17 1214 122.631 -17.849 10.0 3.9 MW ISC
1990 09 12 1205 122.870 -18.630 5.0 3.2 MW MGO
1991 01 09 1022 123.921 -17.534 10.0 3.6 MW ISC
1991 03 09 1522 120.752 -20.570 5.0 3.0 MW MGO
1991 06 17 0452 121.678 -19.974 5.0 3.2 MW MGO
1991 07 28 0531 122.305 -17.719 5.0 3.2 MW MGO
1991 08 30 1404 119.671 -20.535 5.0 3.3 MW MGO
1991 09 23 2119 120.786 -21.171 10.0 3.8 MW ISC
1991 10 25 0505 119.907 -20.460 5.0 3.1 MW MGO
1991 11 18 0449 119.420 -20.398 5.0 3.4 MW MGO
1992 04 18 2040 123.250 -17.322 10.0 3.5 MW ISC
1992 07 07 1609 121.052 -21.360 10.0 3.2 MW ISC
1992 07 12 1746 123.066 -19.903 5.0 3.1 MW MGO
1992 07 27 1159 122.139 -17.616 5.0 3.8 MW MGO
1993 03 08 1142 120.793 -21.108 5.0 3.4 MW MGO
1993 03 27 0808 122.821 -18.561 5.0 3.2 MW MGO
1995 01 09 0533 120.526 -20.936 5.0 3.5 MW MGO
1995 01 20 0804 120.780 -20.891 5.0 3.2 MW MGO
1995 01 27 1914 123.229 -18.859 5.0 3.4 MW MGO
1995 02 21 0126 122.512 -18.886 5.0 3.2 MW MGO
1995 03 17 0927 123.529 -18.086 5.0 3.0 MW MGO
1995 07 01 1843 122.416 -17.483 36.5 3.2 MW MGO
1995 08 07 0030 120.146 -21.362 5.0 3.2 MW MGO
1995 08 15 0157 120.813 -18.414 5.0 3.2 MW MGO
1995 10 19 0355 122.835 -18.546 5.0 3.3 MW MGO
1996 01 22 1234 120.813 -21.123 5.0 3.1 MW MGO
1996 02 04 1755 120.897 -18.863 5.0 3.4 MW MGO
1996 05 10 1248 120.163 -20.856 14.6 3.4 MW MGO
1996 05 21 2021 121.966 -18.535 30.0 3.2 MW MGO
1996 08 29 1214 120.132 -21.034 5.0 3.6 MW MGO
1996 12 31 1504 122.458 -17.708 5.0 3.2 MW MGO
1997 03 18 2324 119.532 -19.209 33.0 3.3 MW ISC
1997 07 31 1914 123.284 -17.317 5.0 3.1 MW MGO
1997 08 10 0920 124.333 -16.159 20.0 6.2 MW EHB
1997 08 17 1305 121.784 -17.151 5.0 3.2 MW MGO
1997 09 01 0948 123.138 -18.116 5.0 4.1 MW MGO
1998 01 31 1322 120.399 -21.214 5.0 3.6 MW MGO
1998 02 08 0446 122.259 -17.831 5.0 3.1 MW MGO
1998 02 13 0510 124.087 -17.484 5.0 3.3 MW MGO
1998 06 22 0946 119.947 -21.886 5.0 3.8 MW ISC
1998 08 08 0736 123.997 -15.634 0.0 3.4 MW EIDC
1998 08 17 0245 123.565 -17.662 5.0 3.1 MW MGO
1999 11 30 1512 119.770 -21.240 5.0 3.2 MW MGO
1999 12 09 1928 119.517 -20.470 5.0 3.2 MW ISC
2000 01 07 0302 121.430 -18.100 5.0 3.1 MW MGO
2000 01 13 0224 123.806 -16.478 5.0 3.8 MW ISC
2000 02 06 1251 121.705 -17.121 5.0 3.2 MW ISC
2000 07 30 1850 122.760 -17.720 10.0 3.0 MW AUST
2000 09 09 1731 124.086 -16.678 10.0 3.7 MW ISC
2001 06 26 2256 119.490 -20.170 10.0 3.1 MW AGSO
2001 08 25 0338 120.940 -18.870 5.0 3.4 MW AGSO
2002 02 05 1751 122.320 -17.457 0.0 3.5 MW AUST
2002 02 06 0448 120.413 -22.785 10.0 3.6 MW AUST
2002 10 15 0359 118.581 -19.717 10.0 3.8 MW ISC
2002 10 31 2251 123.752 -16.814 0.0 3.0 MW AUST
2003 03 18 1906 123.629 -17.086 5.0 3.7 MW ISC
2004 01 17 1608 122.396 -18.783 10.0 3.8 MW AUST
2005 01 24 0943 122.587 -17.530 10.0 3.7 MW AUST
2005 03 22 1951 119.610 -21.004 10.0 4.1 MW AUST
2005 05 18 2339 119.374 -20.108 26.0 4.2 MW AUST
2007 02 09 1634 123.613 -17.818 15.0 3.2 MW AUST
2007 02 28 2022 123.232 -18.723 16.0 3.5 MW AUST
2008 02 22 0258 123.526 -19.097 2.1 3.2 MW AUST
2008 04 17 1822 122.519 -18.709 10.0 3.2 MW AUST
2008 05 28 0430 122.323 -18.596 0.0 4.3 MW AUST
2010 08 26 1108 121.148 -21.221 0.0 3.1 MW AUST
