1965 05 19 0213 111.953 -25.027   4.7 5.22 MW EHB
1966 11 13 0341 111.900 -24.200  33.0 4.59 MW ISC
1967 03 02 0704 110.700 -26.800  18.0 4.59 MW MGO
1971 01 14 1744 114.600 -24.730   0.0 4.71 MW BMR
1975 04 18 1634 113.860 -24.400   0.0 4.23 MW MGO
1979 07 17 1727 113.790 -25.600  10.0 3.02 MW MGO
1981 02 21 0619 114.550 -29.420   0.0 3.02 MW MGO
1981 06 29 0639 111.217 -26.356  37.0 3.58 MW ISC
1981 12 06 0140 114.169 -22.902   0.0 3.84 MW ISC
1982 02 19 2026 113.900 -22.290  10.0 3.03 MW MGO
1982 03 27 1543 114.000 -22.470  10.0 3.39 MW MGO
1983 07 15 1704 111.810 -25.070  10.0 3.32 MW MGO
1983 08 06 0227 112.520 -26.270  10.0 3.15 MW MGO
1983 09 02 1822 113.030 -23.990  10.0 3.10 MW MGO
1983 10 03 0751 112.940 -25.010  10.0 3.14 MW MGO
1984 05 22 1852 110.740 -24.630  37.0 3.30 MW MGO
1984 06 02 1536 113.380 -22.750  10.0 3.37 MW MGO
1985 03 28 2240 112.960 -24.150  37.0 3.00 MW MGO
1985 04 24 1538 114.060 -21.730  10.0 3.45 MW MGO
1985 06 10 1500 113.435 -22.398  33.0 3.95 MW ISC
1985 08 18 0109 113.960 -22.960  10.0 3.73 MW MGO
1985 11 05 2205 113.700 -21.780  37.0 3.23 MW MGO
1985 11 15 0835 113.530 -23.740  10.0 3.76 MW MGO
1985 11 29 1932 114.360 -25.930  10.0 3.05 MW MGO
1986 01 14 0038 113.440 -23.870   5.0 3.96 MW MGO
1986 09 13 1913 113.250 -22.680   5.0 3.07 MW MGO
1987 03 14 1925 114.100 -22.750   5.0 3.15 MW MGO
1987 07 19 0303 113.060 -27.220   5.0 4.22 MW MGO
1987 10 16 1119 112.560 -25.760   5.0 3.98 MW MGO
1987 10 21 0233 112.840 -26.360   5.0 3.33 MW MGO
1987 11 15 1237 114.000 -23.310   5.0 3.23 MW MGO
1989 12 21 1729 114.086 -21.867   5.0 3.13 MW MGO
1990 03 30 1131 113.385 -24.022   5.0 3.59 MW MGO
1990 04 15 0620 114.057 -22.327   5.0 3.36 MW MGO
1990 05 28 0823 113.839 -27.549   5.0 3.14 MW MGO
1990 10 15 1949 113.924 -22.505   5.0 3.36 MW ISC
1991 02 08 0015 114.246 -24.638   5.0 3.14 MW MGO
1991 03 12 1040 114.573 -27.775   5.0 3.00 MW MGO
1991 03 17 0938 114.010 -28.092   5.0 3.43 MW MGO
1991 04 14 0746 111.306 -26.664   5.0 3.74 MW ISC
1991 04 20 1508 112.506 -27.384   5.0 3.28 MW MGO
1991 06 23 1520 113.147 -27.431   5.0 3.00 MW MGO
1991 07 02 0648 111.266 -26.954   5.0 3.66 MW MGO
1991 09 05 0611 112.678 -25.093   5.0 3.21 MW MGO
1991 09 11 0212 114.042 -22.536   5.0 3.14 MW MGO
1991 10 04 1746 114.126 -27.916   5.0 3.00 MW MGO
1991 12 06 1458 112.167 -26.763   5.0 3.43 MW MGO
1992 03 16 2044 114.272 -22.435   5.0 3.07 MW MGO
1992 06 25 1959 113.135 -23.552   5.0 3.36 MW MGO
1993 02 21 1823 113.596 -22.337   5.0 3.07 MW MGO
1993 03 03 0723 113.955 -22.859   5.0 3.00 MW MGO
1993 03 26 0020 113.925 -22.043  37.5 3.21 MW MGO
1993 05 14 2014 113.472 -22.978   5.0 3.98 MW MGO
1993 10 03 0231 113.722 -22.019   5.0 3.21 MW MGO
1993 11 20 0120 113.978 -23.051   5.0 3.14 MW MGO
1994 05 02 1230 111.727 -26.118   5.0 3.07 MW MGO
1994 10 08 1710 114.428 -22.604   5.0 3.07 MW MGO
1994 11 03 1338 111.634 -25.902   5.0 3.00 MW MGO
1995 02 11 0812 113.904 -27.206   5.0 3.14 MW MGO
1995 08 17 1336 113.199 -25.618   5.0 3.28 MW MGO
1995 08 25 1150 112.183 -23.754   5.0 4.35 MW ISC
1995 10 29 0655 113.531 -24.063   5.0 3.51 MW MGO
1995 12 26 1259 114.526 -22.756   5.0 3.00 MW MGO
1996 03 11 0039 113.860 -29.209   5.0 3.21 MW MGO
1996 03 17 2239 114.302 -21.820   5.0 3.51 MW MGO
1997 01 22 1504 112.051 -23.659  17.0 3.07 MW MGO
1997 04 21 1337 113.898 -22.729   5.0 3.28 MW MGO
1997 05 18 0835 112.975 -23.740   5.0 3.21 MW MGO
1997 07 08 2134 114.330 -28.465   5.0 4.15 MW MGO
1997 08 12 1811 111.128 -24.657   5.0 3.21 MW MGO
1997 09 13 1158 113.653 -24.219   5.0 3.14 MW MGO
1997 10 22 1255 113.499 -21.919   5.0 3.14 MW MGO
1997 12 14 1836 112.980 -23.943  84.0 3.43 MW MGO
1998 02 21 0209 113.487 -27.437   5.0 3.00 MW MGO
1998 03 12 1240 113.308 -23.750   5.0 3.36 MW MGO
1998 04 17 0716 113.066 -24.875   5.0 3.07 MW MGO
1998 05 18 2145 111.366 -24.705   5.0 3.21 MW MGO
1998 07 21 1223 113.504 -28.226   5.0 3.21 MW MGO
1999 06 25 0036 113.910 -22.850   5.0 3.98 MW MGO
1999 08 21 0714 112.260 -23.660   5.0 3.07 MW MGO
1999 08 25 1223 112.570 -24.340   5.0 3.21 MW MGO
1999 10 29 0615 113.780 -22.170  18.0 3.36 MW MGO
2000 01 20 1501 114.050 -24.130   5.0 3.51 MW MGO
2000 03 19 2307 113.190 -24.100  11.0 3.21 MW AGSO
2000 04 01 1329 111.629 -25.186   0.0 4.23 MW AGSO
2000 05 14 1239 112.960 -23.282  10.0 3.75 MW ISC
2000 07 25 0333 113.630 -24.190   5.0 3.82 MW AUST
2000 09 16 0429 113.055 -22.612  27.0 3.21 MW AGSO
2000 10 02 1133 113.143 -22.696  13.0 3.66 MW AUST
2001 04 29 1954 114.042 -27.651   9.0 3.50 MW ISC
2001 04 30 2338 113.070 -24.500  18.0 3.51 MW AGSO
2002 04 05 1910 112.388 -25.181  10.0 4.06 MW ISC
2002 04 06 1135 114.450 -26.355   5.0 3.07 MW AUST
2002 05 11 1350 113.192 -25.023   6.0 3.14 MW AUST
2002 08 16 2225 114.461 -22.814  10.0 3.90 MW ISC
2003 03 02 0936 110.782 -24.219  97.4 3.43 MW AUST
2003 04 10 0041 114.333 -29.330  10.0 3.43 MW AUST
2003 04 30 0255 111.072 -25.086  22.0 3.43 MW AUST
2003 06 01 0255 114.108 -21.933   1.7 3.00 MW AUST
2003 06 19 0726 113.192 -25.481   1.0 3.21 MW AUST
2003 10 19 0842 112.143 -24.983 116.0 3.51 MW AUST
2004 05 10 1839 113.004 -24.516  20.0 3.51 MW AUST
2004 09 26 0903 113.761 -22.813  27.0 3.07 MW AUST
2004 12 13 2334 113.895 -21.936   0.0 3.07 MW AUST
2005 03 07 1452 112.565 -24.309  10.0 3.43 MW AUST
2005 12 20 1949 114.102 -29.400  10.0 3.82 MW AUST
2005 12 27 0932 112.757 -24.860   0.0 3.59 MW AUST
2006 10 06 1206 113.904 -22.269  26.0 3.21 MW AUST
2007 02 15 1538 113.383 -25.918  10.0 5.10 MW ISC
2008 01 28 1537 113.872 -22.683   7.2 3.28 MW AUST
2008 02 18 1918 112.770 -26.693  10.0 3.07 MW AUST
2008 03 31 0827 112.332 -27.666  18.0 4.31 MW AUST
2008 06 01 1214 113.506 -24.208  10.0 3.28 MW AUST
2009 06 06 1826 113.267 -28.278   0.0 3.51 MW AUST
2009 12 05 1540 114.013 -22.036  21.0 3.21 MW AUST
2010 05 19 2008 111.125 -24.985  50.0 3.69 MW AUST
2010 06 08 2007 113.534 -21.935  34.0 3.86 MW AUST
2010 07 04 0348 113.667 -22.370  13.0 3.28 MW AUST
2010 08 22 0410 110.795 -24.777  10.0 3.51 MW AUST
2011 05 09 0818 112.972 -27.250  10.0 3.56 MW AUST
2011 06 21 2003 113.481 -25.292   0.0 3.28 MW AUST
2012 02 18 0402 113.603 -24.096  10.0 3.14 MW AUST
2012 03 16 1304 113.952 -27.009   5.0 3.21 MW AUST
2012 03 29 0505 114.224 -29.031   3.0 3.49 MW AUST
2012 07 20 1702 113.708 -27.303   8.0 3.14 MW AUST
2012 09 10 0316 113.395 -24.438   0.0 3.07 MW AUST
2012 12 19 2350 112.497 -24.921   0.0 3.21 MW AUST
2012 12 28 1204 112.396 -24.344   3.0 3.77 MW AUST
2012 12 29 1743 113.024 -24.529  10.0 3.21 MW AUST
2013 01 15 0711 112.861 -25.040   0.0 3.53 MW AUST
2013 06 23 1248 114.766 -25.094   0.0 3.36 MW AUST
2013 08 19 1214 114.120 -23.772  10.0 3.14 MW AUST
2013 10 04 1335 113.311 -23.878  10.0 3.14 MW AUST
2013 12 06 1207 112.649 -25.349  10.0 3.36 MW AUST
2014 02 03 0106 114.251 -24.941  10.0 3.14 MW AUST
2014 08 14 1708 114.219 -24.595  10.0 3.00 MW AUST
2014 09 13 2209 113.285 -24.903  15.0 3.36 MW AUST
2014 10 10 0423 113.734 -27.269  10.0 3.57 MW AUST
2014 11 03 1337 112.773 -26.559   0.0 3.07 MW AUST
2014 11 28 0301 112.569 -26.054  15.0 3.98 MW AUST
2015 07 06 2254 113.626 -27.700  10.0 3.21 MW SRC
2015 12 19 1213 113.267 -25.144  10.0 3.40 MW AUST
2016 03 26 1454 111.834 -24.981  15.0 3.21 MW AUST
2016 05 03 1728 114.402 -29.520  10.0 3.14 MW AUST
2016 05 27 1602 111.510 -24.717  32.0 3.36 MW AUST
2016 12 12 1733 113.115 -27.652  10.0 3.21 MW AUST
2017 02 26 1741 112.877 -24.785  10.0 3.36 MW AUST
2017 04 27 0153 111.506 -24.840  10.0 3.48 MW AUST
