1929 08 16 2128 120.660 -16.990 33.0 6.2 Ms BMR
1961 08 23 1801 119.000 -18.500 18.0 5.3 mb MGO
1965 05 18 1017 121.000 -17.500 18.0 4.5 ML MGO
1966 04 30 0325 120.500 -16.400 18.0 5.1 M? ISC
1967 01 31 0625 120.200 -17.400 18.0 4.3 mb MGO
1967 11 12 0505 120.200 -17.800 18.0 4.3 mb MGO
1968 06 30 1921 121.400 -16.400 18.0 5.1 mb ISC
1968 07 04 0648 117.100 -20.800 18.0 4.8 mb MGO
1969 06 30 1738 120.100 -18.000 7.0 4.9 mb MGO
1969 10 09 0129 117.460 -18.820 0.0 5.0 mb BMR
1971 09 13 2158 117.560 -20.190 0.0 4.4 mb BMR
1972 04 07 0812 120.340 -16.460 0.0 4.6 mb BMR
1972 12 07 0744 120.600 -18.100 0.0 4.2 ML MGO
1973 01 13 0808 121.060 -17.080 10.0 4.6 mb MGO
1974 11 07 0153 118.650 -18.160 nan 5.3 mb MGO
1977 07 20 1219 120.200 -17.300 nan 4.1 ML MGO
1977 11 07 1905 119.250 -18.000 0.0 3.7 ML MGO
1979 04 22 2106 120.420 -16.956 39.0 5.3 mb ISC
1979 04 23 0545 120.163 -16.617 30.8 6.2 Mw EHB
1979 04 23 0603 120.200 -16.500 0.0 4.2 ML MGO
1979 04 23 0929 120.200 -16.500 0.0 3.9 ML MGO
1979 04 23 1207 120.200 -16.500 0.0 3.6 ML MGO
1979 04 23 1300 120.248 -16.576 0.0 4.1 ML ISC
1979 04 24 0035 120.200 -16.500 0.0 3.7 ML MGO
1979 04 24 0308 119.965 -16.280 0.0 4.6 ML ISC
1979 04 25 2213 120.083 -16.876 26.8 4.8 mb EHB
1979 04 25 2238 120.200 -16.500 0.0 4.4 ML ISC
1979 04 27 0607 120.200 -16.500 0.0 3.6 ML MGO
1979 04 27 0826 119.875 -16.238 0.0 4.4 ML ISC
1979 04 27 2014 120.257 -16.745 40.0 4.4 mb ISC
1979 04 30 0400 120.331 -16.952 0.0 3.9 ML ISC
1979 05 01 2121 120.200 -16.500 0.0 3.8 ML MGO
1979 05 05 1852 120.200 -16.500 0.0 3.8 ML MGO
1979 05 07 0617 120.200 -16.500 0.0 3.5 ML MGO
1979 05 09 0218 120.137 -16.479 37.0 4.7 ML ISC
1979 05 16 0135 120.200 -16.500 0.0 4.1 ML MGO
1979 05 16 1150 120.200 -16.500 0.0 4.1 ML MGO
1979 05 26 0418 117.340 -18.660 37.0 4.1 ML MGO
1979 06 29 0049 120.200 -16.500 0.0 3.9 ML MGO
1979 07 08 1011 120.200 -16.500 0.0 3.7 ML MGO
1979 09 23 0344 120.386 -16.793 37.0 4.0 ML ISC
1979 09 25 0924 120.110 -16.420 37.0 3.5 ML MGO
1979 10 21 2046 120.346 -16.785 42.0 4.8 ML ISC
1979 10 21 2255 120.200 -16.500 0.0 3.5 ML MGO
1980 04 01 1847 120.370 -17.390 0.0 3.7 ML BMR
1980 04 02 1711 120.310 -16.630 0.0 4.0 ML BMR
1980 04 09 0542 118.790 -17.220 0.0 3.9 ML BMR
1980 05 01 1231 118.310 -18.360 37.0 3.0 ML MGO
1980 05 06 1906 121.060 -17.170 0.0 3.5 ML BMR
1980 06 22 0846 120.331 -16.702 0.0 3.8 ML ISC
1980 06 22 1620 119.250 -18.500 0.0 3.6 ML BMR
1980 07 04 0404 119.530 -17.770 37.0 3.4 ML MGO
1980 07 06 0400 120.580 -16.640 37.0 3.4 ML MGO
1980 08 01 2019 119.360 -17.030 37.0 4.0 ML MGO
1980 08 02 1910 120.105 -16.447 37.0 4.3 ML ISC
1980 08 21 1516 121.170 -17.440 37.0 3.1 ML MGO
1980 12 02 1451 120.012 -17.195 37.0 3.9 ML ISC
1981 04 13 0640 120.550 -16.690 37.0 3.5 ML MGO
1981 04 29 1012 120.280 -16.668 37.0 4.4 ML ISC
1981 08 15 1923 121.057 -15.986 33.0 4.0 ML ISC
1981 11 04 2135 120.750 -18.500 37.0 3.2 ML MGO
1982 01 02 0636 120.277 -16.688 37.0 4.7 ML ISC
1982 02 08 0337 120.220 -16.580 37.0 3.1 ML MGO
1982 02 19 0936 118.430 -18.840 10.0 3.4 ML MGO
1982 03 04 2344 120.110 -16.490 37.0 3.9 ML MGO
1982 03 11 1420 120.243 -16.232 35.0 4.2 ML BMR
1982 04 22 1444 120.190 -15.710 37.0 3.5 ML MGO
1982 06 16 1513 118.470 -18.050 37.0 4.5 ML MGO
1982 12 07 1440 120.250 -16.880 37.0 4.5 ML MGO
1983 01 08 0452 121.568 -16.328 10.0 3.6 ML ISC
1983 01 12 1457 120.100 -16.400 37.0 3.4 ML MGO
1983 01 13 0247 120.100 -16.400 37.0 4.5 ML MGO
1983 03 13 1658 118.760 -18.000 37.0 3.5 ML MGO
1983 04 21 2118 118.970 -18.090 37.0 4.3 ML MGO
1983 04 24 0820 116.930 -19.110 25.0 3.4 ML MGO
1983 05 10 2216 117.970 -18.860 10.0 3.0 ML MGO
1983 08 29 0733 121.210 -15.850 37.0 3.6 ML MGO
1983 11 01 1046 118.340 -18.320 37.0 3.3 ML MGO
1983 11 11 1821 116.340 -19.560 37.0 3.5 ML MGO
1983 12 18 1510 120.309 -17.084 37.0 3.8 ML ISC
1984 03 28 1652 120.290 -16.650 37.0 4.0 ML MGO
1984 06 30 1245 116.494 -19.937 10.0 4.9 mb ISC
1984 07 03 0155 116.380 -20.020 37.0 4.1 ML MGO
1984 08 08 1524 119.340 -19.610 10.0 3.0 ML MGO
1985 01 08 1027 120.970 -16.236 33.0 4.5 mb ISC
1985 02 25 2040 117.420 -18.870 37.0 3.2 ML MGO
1985 03 13 2152 121.678 -15.427 33.0 5.3 ML ISC
1985 05 07 1004 118.880 -18.950 10.0 4.2 ML MGO
1985 05 07 1657 121.390 -16.240 37.0 3.8 ML MGO
1985 05 20 2258 120.860 -18.410 10.0 3.8 ML MGO
1985 08 13 1234 117.869 -18.892 37.0 4.0 ML ISC
1985 09 02 0949 121.140 -16.970 37.0 3.7 ML MGO
1985 11 13 1748 120.515 -16.552 33.0 4.0 ML ISC
1986 02 02 2256 115.930 -20.290 5.0 3.0 ML MGO
1986 02 06 1144 119.201 -18.654 5.0 3.8 ML ISC
1986 05 08 1747 116.540 -19.620 5.0 3.5 ML MGO
1986 05 31 2038 117.949 -18.846 10.0 4.1 ML ISC
1986 09 13 0237 120.950 -15.810 5.0 4.3 ML MGO
1986 10 25 0158 121.040 -16.620 5.0 3.8 ML MGO
1986 11 05 0757 118.850 -18.470 5.0 4.0 ML MGO
1986 12 04 1347 115.830 -20.250 5.0 4.0 ML MGO
1987 01 07 0526 117.750 -19.310 5.0 3.4 ML MGO
1987 03 29 1539 118.840 -18.900 5.0 3.0 ML MGO
1987 06 19 1332 116.690 -20.560 5.0 3.7 ML MGO
1987 06 21 1615 118.990 -18.170 5.0 4.0 ML MGO
1987 07 05 1105 120.700 -18.470 5.0 3.3 ML MGO
1987 09 18 0041 119.220 -16.760 5.0 4.0 ML MGO
1987 09 24 2046 115.650 -19.670 5.0 4.0 ML MGO
1987 10 25 2242 119.220 -18.170 5.0 3.7 ML MGO
1987 12 04 1315 120.624 -17.655 10.0 5.0 ML ISC
1987 12 12 1206 119.570 -16.940 5.0 3.3 ML MGO
1987 12 25 1936 120.652 -16.326 10.0 4.6 ML ISC
1988 08 11 0526 121.082 -14.783 5.0 4.2 ML ISC
1988 08 22 1313 121.660 -16.420 5.0 4.0 ML MGO
1988 10 24 1759 115.830 -20.260 5.0 3.4 ML MGO
1988 12 29 1140 117.890 -18.680 5.0 3.2 ML MGO
1989 02 17 1151 117.550 -19.340 5.0 3.3 ML MGO
1989 02 17 1416 121.148 -14.933 5.0 3.9 ML ISC
1989 04 17 1556 121.412 -16.366 5.0 3.0 ML MGO
1990 02 03 1300 121.535 -16.860 5.0 3.4 ML MGO
1990 02 18 2247 117.982 -18.183 5.0 4.5 ML ISC
1991 04 09 1400 116.993 -20.647 5.0 3.4 ML MGO
1991 05 07 0528 118.407 -18.799 5.0 3.0 ML MGO
1991 09 21 1339 121.585 -16.889 23.0 3.1 ML MGO
1991 11 24 1438 117.001 -19.375 5.0 3.1 ML MGO
1992 08 30 1740 119.064 -18.214 5.0 3.1 ML MGO
1992 10 21 2142 121.912 -15.252 5.0 3.2 ML ISC
1992 10 27 1715 119.110 -18.193 33.0 3.8 ML ISC
1992 11 09 0536 119.275 -18.202 5.0 3.4 ML MGO
1993 02 08 2028 120.943 -16.303 5.0 3.2 ML MGO
1993 04 15 0005 121.138 -15.724 10.0 3.3 ML ISC
1993 05 23 1103 120.784 -17.549 5.0 3.5 ML MGO
1993 06 07 1508 119.174 -18.093 5.0 3.0 ML MGO
1994 03 23 1150 117.714 -20.292 5.0 3.7 ML MGO
1994 05 25 1825 120.686 -16.687 5.0 3.1 ML MGO
1995 05 19 1942 121.139 -16.164 5.0 3.3 ML MGO
1995 06 25 2023 121.439 -16.066 5.0 3.3 mL ISC
1995 08 15 0157 120.813 -18.414 5.0 3.1 ML MGO
1995 09 15 0440 118.049 -19.354 22.0 3.0 ML MGO
1995 12 27 0505 120.444 -16.492 5.0 4.3 ML MGO
1996 02 05 0607 120.150 -16.980 5.0 4.1 ML MGO
1996 03 30 0724 120.156 -16.683 5.0 3.2 ML MGO
1996 04 06 0846 119.397 -17.902 5.0 3.2 ML MGO
1996 07 22 0006 120.459 -17.163 5.0 3.4 ML MGO
1997 02 20 1445 120.863 -15.951 5.0 3.5 ML MGO
1997 03 18 2324 119.532 -19.209 33.0 3.3 ML ISC
1997 06 19 2222 120.701 -16.635 5.0 3.0 ML MGO
1997 08 17 1305 121.784 -17.151 5.0 3.1 ML MGO
1997 08 30 1855 118.691 -18.295 5.0 3.3 ML MGO
1997 10 10 1717 116.786 -19.381 5.0 3.2 ML MGO
1997 11 20 0144 118.855 -18.385 5.0 3.3 ML MGO
1998 05 12 0059 120.710 -16.802 5.0 3.0 ML MGO
1998 06 13 2013 117.531 -18.955 5.0 3.1 ML MGO
1998 07 13 0531 120.981 -15.904 5.0 3.1 ML MGO
1998 08 19 0234 120.093 -17.039 5.0 3.1 ML MGO
1999 04 01 2239 120.917 -15.984 5.0 3.1 ML MGO
2000 02 06 1251 121.705 -17.121 5.0 3.2 ML ISC
2000 02 07 1438 121.783 -17.204 10.0 3.2 ML USGS
2000 02 21 0406 120.160 -16.930 5.0 3.8 ML MGO
2000 02 23 1405 120.730 -16.210 5.0 3.0 ML MGO
2000 03 01 2211 119.290 -18.100 5.0 3.0 ML MGO
2000 03 22 1945 120.650 -16.690 5.0 3.0 ML MGO
2001 10 06 1631 120.046 -17.656 0.0 3.5 ML AUST
2002 04 09 2219 120.116 -16.062 0.0 3.6 ML AUST
2002 05 02 0405 119.599 -17.742 2.0 3.4 ML AUST
2002 10 15 0359 118.581 -19.717 10.0 3.7 mb ISC
2003 02 04 0753 116.974 -20.752 5.0 3.5 ML AUST
2004 05 12 1125 116.924 -19.780 36.0 3.3 ML AUST
2004 07 18 1417 116.900 -20.800 nan 3.0 MD GG
2004 12 02 2128 117.635 -18.650 20.0 3.0 ML AUST
2006 06 03 1626 121.808 -16.813 10.0 3.5 mb ISC
2008 05 28 0935 118.920 -18.430 5.0 3.6 ML AUST
2009 03 06 0135 121.240 -16.271 10.0 4.8 mb ISC
2009 04 05 2210 119.480 -16.940 10.0 4.7 mb BKK
2010 07 16 1635 119.068 -18.000 0.0 3.7 ML AUST
2010 10 15 1306 117.435 -19.603 10.0 3.5 ML AUST
2010 11 24 1744 121.321 -17.094 10.0 3.1 ML AUST
2011 02 28 1631 116.333 -20.564 6.0 3.4 ML AUST
2011 07 11 1939 116.135 -20.051 33.0 3.5 ML AUST
2012 03 01 0418 120.644 -16.505 33.0 3.8 ML AUST
2012 03 05 1720 120.616 -16.820 33.0 3.1 ML AUST
2013 01 18 1535 118.563 -18.486 5.0 3.5 ML AUST
2013 10 23 1952 120.234 -17.087 30.0 3.0 ML AUST
2014 05 08 1808 116.590 -20.400 30.0 3.4 ML AUST
2014 06 15 0738 121.783 -15.314 10.0 3.5 ML AUST
2014 07 19 2152 117.917 -19.503 23.0 3.5 ML AUST
2014 07 29 0439 118.765 -18.315 40.0 3.9 ML AUST
2015 03 04 0301 119.213 -18.134 105.0 3.6 ML AUST
2015 05 07 1719 116.452 -20.439 10.0 3.0 ML AUST
2015 07 20 2218 119.875 -18.557 15.0 3.9 ML AUST
2016 01 13 1225 116.789 -19.397 10.0 3.4 ML AUST
