1970 03 24 1813 126.600 -21.700 nan 3.4 mb MGO
1970 03 24 1940 126.700 -21.700 nan 3.4 mb MGO
1970 04 02 0536 126.400 -22.100 nan 3.4 mb MGO
1970 04 02 1630 126.400 -21.600 nan 3.4 mb MGO
1970 04 06 1430 126.600 -21.800 nan 3.4 mb MGO
1970 04 09 1214 126.300 -21.600 nan 3.4 mb MGO
1970 04 18 1129 126.500 -21.800 nan 3.4 mb MGO
1970 04 20 1003 126.500 -21.700 nan 3.4 mb MGO
1970 04 26 1419 126.700 -22.100 nan 3.4 mb MGO
1970 05 02 2148 126.500 -21.900 nan 3.4 mb MGO
1970 05 03 0245 126.400 -21.600 nan 3.4 mb MGO
1970 05 06 1157 126.200 -21.600 nan 3.4 mb MGO
1970 05 15 1116 126.200 -21.600 nan 3.4 mb MGO
1970 05 25 2135 126.700 -21.900 nan 3.4 mb MGO
1970 05 29 0830 126.500 -21.700 nan 3.4 mb MGO
1970 06 14 0226 126.100 -21.400 nan 3.4 mb MGO
1970 06 20 0428 126.500 -21.600 nan 3.4 mb MGO
1970 07 02 1159 126.400 -21.500 nan 3.4 mb MGO
1970 07 05 0748 126.400 -21.500 nan 3.4 mb MGO
1970 08 07 1723 126.100 -21.600 10.0 3.4 mb MGO
1970 09 15 1529 126.100 -21.500 nan 3.4 mb MGO
1978 06 30 0341 126.510 -21.890 nan 3.1 ML MGO
1978 07 15 1204 128.800 -17.600 nan 2.7 ML MGO
1978 08 02 2019 130.230 -16.660 nan 2.9 ML MGO
1984 01 16 0225 133.400 -22.100 0.0 2.9 ML BMR
1984 02 09 1643 130.150 -25.410 10.0 2.8 ML MGO
1984 07 12 2130 130.000 -23.000 nan 2.9 ML BMR
1985 09 13 2116 127.970 -17.750 10.0 2.9 ML MGO
1986 04 03 0820 131.923 -26.220 18.6 2.6 ML ADE
1986 12 19 0606 130.800 -22.700 0.0 2.6 ML BMR
1986 12 31 0713 131.000 -22.800 0.0 2.8 ML BMR
1987 01 11 1150 133.930 -19.800 0.0 2.7 MD BMR
1987 01 12 0055 133.920 -19.780 0.0 2.9 MD BMR
1987 01 12 0907 134.030 -19.780 0.0 2.6 MD BMR
1987 06 11 0841 133.764 -19.598 5.0 2.9 ML BMR
1987 06 13 1733 133.912 -19.765 4.0 2.8 ML BMR
1987 08 18 2348 133.997 -19.829 2.0 2.9 ML BMR
1987 09 24 1605 134.014 -19.862 2.0 2.9 ML BMR
1988 01 22 0621 134.000 -19.800 0.0 2.9 ML BMR
1988 01 22 0833 134.000 -19.800 0.0 2.8 ML BMR
1988 01 22 0938 134.000 -19.800 0.0 2.7 ML BMR
1988 01 22 1047 134.000 -19.800 0.0 2.9 ML BMR
1988 01 22 1751 134.052 -19.881 5.0 2.8 ML BMR
1988 01 22 1902 133.981 -19.854 4.0 2.8 ML BMR
1988 01 22 1935 134.000 -19.800 0.0 2.9 ML BMR
1988 01 22 2011 134.000 -19.800 0.0 2.9 ML BMR
1988 01 22 2040 134.000 -19.800 0.0 2.7 ML BMR
1988 01 22 2129 134.000 -19.800 0.0 2.9 ML BMR
1988 01 23 1653 134.000 -19.800 0.0 2.9 ML BMR
1988 01 24 0724 134.000 -19.800 0.0 2.9 ML BMR
1988 01 24 1053 134.000 -19.800 0.0 2.9 ML BMR
1988 01 24 1305 134.000 -19.800 0.0 2.8 ML BMR
1988 01 24 2132 134.000 -19.800 0.0 2.9 ML BMR
1988 01 25 0836 134.000 -19.800 0.0 2.7 ML BMR
1988 01 25 0851 134.000 -19.800 0.0 2.8 ML BMR
1988 01 25 1101 134.000 -19.800 0.0 2.9 ML BMR
1988 01 25 1217 134.000 -19.800 0.0 2.9 ML BMR
1988 01 25 1344 134.000 -19.800 0.0 2.7 ML BMR
1988 01 26 0138 134.000 -19.800 0.0 2.9 ML BMR
1988 01 26 0236 134.000 -19.800 0.0 2.8 ML BMR
1988 01 26 0401 134.000 -19.800 0.0 2.9 ML BMR
1988 01 26 0649 134.000 -19.800 0.0 2.9 ML BMR
1988 01 26 0743 134.000 -19.800 0.0 2.9 ML BMR
1988 01 26 1519 134.000 -19.800 0.0 2.9 ML BMR
1988 01 26 1727 134.000 -19.800 0.0 2.8 ML BMR
1988 01 26 1833 134.000 -19.800 0.0 2.9 ML BMR
1988 01 27 0344 134.000 -19.800 0.0 2.7 ML BMR
1988 01 27 0500 134.000 -19.800 0.0 2.7 ML BMR
1988 01 27 0531 134.000 -19.800 0.0 2.7 ML BMR
1988 01 27 0825 134.000 -19.800 0.0 2.8 ML BMR
1988 01 27 0845 134.050 -19.890 2.8 2.7 ML MEL
1988 01 27 1207 134.000 -19.800 0.0 2.9 ML BMR
1988 01 27 1636 134.000 -19.800 0.0 2.9 ML BMR
1988 01 27 2303 134.000 -19.800 0.0 2.5 ML BMR
1988 01 28 1254 134.000 -19.800 0.0 2.7 ML BMR
1988 01 28 1317 134.000 -19.800 0.0 2.7 ML BMR
1988 01 28 1529 134.000 -19.800 0.0 2.7 ML BMR
1988 02 01 0053 133.844 -19.757 2.3 2.5 ML MEL
1988 02 01 0225 134.071 -19.879 2.8 2.5 ML MEL
1988 02 01 0636 133.952 -19.874 4.9 2.9 ML MEL
1988 02 01 0657 134.039 -19.892 4.3 2.7 ML MEL
1988 02 01 0735 133.945 -19.879 3.4 2.7 ML MEL
1988 02 10 0142 134.000 -19.800 0.0 2.9 ML BMR
1988 02 13 0013 134.000 -19.800 0.0 2.9 ML BMR
1988 02 13 0601 134.000 -19.800 0.0 2.9 ML BMR
1988 02 14 0338 134.000 -19.800 0.0 2.9 ML BMR
1988 02 18 0118 134.000 -19.800 0.0 2.7 ML BMR
1988 02 19 1723 134.000 -19.800 0.0 2.7 ML BMR
1988 02 19 1817 134.000 -19.800 0.0 2.8 ML BMR
1988 02 19 2107 134.000 -19.800 0.0 2.8 ML BMR
1988 02 20 1319 134.000 -19.800 0.0 2.9 ML BMR
1988 02 21 0229 134.000 -19.800 0.0 2.7 ML BMR
1988 02 22 1431 134.000 -19.800 0.0 2.8 ML BMR
1988 02 26 1735 134.000 -19.800 0.0 2.9 ML BMR
1988 02 28 0204 134.000 -19.800 0.0 2.8 ML BMR
1988 02 29 1417 134.000 -19.800 0.0 2.9 ML BMR
1988 02 29 2109 134.000 -19.800 0.0 2.7 ML BMR
1988 03 02 0057 134.000 -19.800 0.0 2.9 ML BMR
1988 03 02 1253 134.000 -19.800 0.0 2.7 ML BMR
1988 03 03 0816 134.000 -19.800 0.0 2.9 ML BMR
1988 03 04 0429 134.000 -19.800 0.0 2.9 ML BMR
1988 03 04 0432 134.000 -19.800 0.0 2.9 ML BMR
1988 03 05 1628 134.000 -19.800 0.0 2.9 ML BMR
1988 03 14 0908 134.000 -19.800 0.0 2.9 ML BMR
1988 03 15 1831 134.000 -19.800 0.0 2.9 ML BMR
1988 03 19 2002 134.000 -19.800 0.0 2.9 ML BMR
1988 03 20 1326 134.000 -19.800 0.0 2.9 ML BMR
1988 03 21 1458 134.000 -19.800 0.0 2.9 ML BMR
1988 03 30 0109 134.000 -19.800 0.0 2.9 ML BMR
1988 04 08 1750 134.000 -19.800 0.0 2.9 ML BMR
1988 04 21 1554 134.000 -19.800 0.0 2.7 ML BMR
1988 04 25 2047 134.000 -19.800 0.0 2.9 ML BMR
1988 05 25 1615 134.000 -19.800 0.0 2.6 ML BMR
1988 05 29 0228 134.000 -19.800 0.0 2.8 ML BMR
1988 06 04 1056 134.000 -19.800 0.0 2.9 ML BMR
1988 06 05 0750 134.000 -19.800 0.0 2.9 ML BMR
1988 06 10 2226 134.000 -19.800 0.0 2.9 ML BMR
1988 06 16 1210 134.015 -19.905 3.1 2.5 M? MEL
1988 06 18 0434 134.016 -19.894 4.1 2.9 ML MEL
1988 06 18 1004 133.975 -19.870 5.9 2.9 ML MEL
1988 06 28 0900 133.936 -19.796 8.0 2.9 ML MEL
1988 07 02 1410 134.000 -19.800 0.0 2.8 ML BMR
1988 07 02 1410 134.000 -19.800 0.0 2.8 ML BMR
1988 07 10 1625 134.000 -19.800 0.0 2.8 ML BMR
1988 07 12 0515 134.000 -19.800 0.0 2.9 ML BMR
1988 07 13 2228 134.000 -19.800 0.0 2.8 ML BMR
1988 07 14 0313 134.000 -19.800 0.0 2.9 ML BMR
1988 07 25 1556 134.000 -19.800 0.0 2.9 ML BMR
1988 07 29 0054 134.000 -19.800 0.0 2.8 ML BMR
1988 07 29 1629 134.000 -19.800 0.0 2.9 ML BMR
1988 08 02 2003 134.000 -19.800 0.0 2.7 ML BMR
1988 08 03 1049 134.000 -19.800 0.0 2.9 ML BMR
1988 08 06 2023 134.000 -19.800 0.0 2.8 ML BMR
1988 08 21 1310 134.000 -19.800 0.0 2.9 ML BMR
1988 08 21 1808 134.000 -19.800 0.0 2.9 ML BMR
1988 09 05 2112 134.000 -19.800 0.0 2.7 ML BMR
1988 09 16 1323 134.000 -19.800 0.0 2.9 ML BMR
1988 09 16 1349 134.000 -19.800 0.0 2.9 ML BMR
1988 09 16 1952 134.000 -19.800 0.0 2.9 ML BMR
1988 09 17 1550 134.000 -19.800 0.0 2.9 ML BMR
1988 09 23 0615 134.000 -19.800 0.0 2.9 ML BMR
1988 09 24 0829 134.000 -19.800 0.0 2.8 ML BMR
1988 09 24 0910 134.000 -19.800 0.0 2.9 ML BMR
1988 09 28 1804 134.000 -19.800 0.0 2.7 ML BMR
1988 10 01 1548 134.000 -19.800 0.0 2.7 ML BMR
1988 10 02 1120 134.000 -19.800 0.0 2.9 ML BMR
1988 10 02 1446 134.000 -19.800 0.0 2.8 ML BMR
1988 10 10 1232 133.911 -19.849 4.9 2.9 ML MEL
1988 10 13 1408 134.011 -19.916 5.9 2.7 ML MEL
1988 10 14 1916 134.005 -19.903 5.5 2.6 ML MEL
1988 10 16 1113 131.592 -25.530 5.0 2.5 ML BMR
1988 10 18 1149 134.000 -19.800 0.0 2.9 ML BMR
1988 10 23 0645 134.000 -19.800 0.0 2.9 ML BMR
1988 10 26 0801 134.000 -19.800 0.0 2.8 ML BMR
1988 10 26 1123 134.000 -19.800 0.0 2.8 ML BMR
1988 10 27 1819 134.000 -19.800 0.0 2.9 ML BMR
1988 10 30 2316 134.000 -19.800 0.0 2.9 ML BMR
1988 11 10 0909 134.000 -19.800 0.0 2.9 ML BMR
1988 11 16 0929 134.000 -19.800 0.0 2.8 ML BMR
1988 11 26 1150 134.000 -19.800 0.0 2.8 ML BMR
1988 11 29 2330 134.000 -19.800 0.0 2.9 ML BMR
1988 12 27 0120 134.000 -19.800 0.0 2.6 ML BMR
1988 12 27 0703 134.000 -19.800 0.0 2.5 ML BMR
1988 12 27 2036 134.000 -19.800 0.0 2.9 ML BMR
1988 12 27 2220 134.000 -19.800 0.0 2.9 ML BMR
1988 12 28 1913 134.000 -19.800 0.0 2.9 ML BMR
1988 12 29 0343 134.000 -19.800 0.0 2.9 ML BMR
1989 01 05 0115 134.000 -19.900 0.0 2.9 ML BMR
1989 01 07 1651 134.000 -19.900 0.0 2.5 ML BMR
1989 01 15 1733 134.000 -19.900 0.0 2.6 ML BMR
1989 01 16 0937 134.000 -19.900 0.0 2.6 ML BMR
1989 01 16 1528 134.000 -19.900 0.0 2.6 ML BMR
1989 01 21 1025 134.000 -19.900 0.0 2.9 ML BMR
1989 02 04 1410 134.000 -19.900 0.0 2.7 ML BMR
1989 02 04 2204 134.000 -19.900 0.0 2.7 ML BMR
1989 02 07 0251 134.000 -19.900 0.0 2.8 ML BMR
1989 02 07 1420 134.000 -19.900 0.0 2.7 ML BMR
1989 02 09 2304 134.000 -19.900 0.0 2.8 ML BMR
1989 02 15 0753 134.000 -19.900 0.0 2.8 ML BMR
1989 02 18 2348 134.000 -19.900 0.0 2.9 ML BMR
1989 02 20 1514 134.000 -19.900 0.0 2.9 ML BMR
1989 03 14 1708 133.800 -19.900 0.0 2.8 ML BMR
1989 03 27 1716 133.800 -19.900 0.0 2.8 ML BMR
1989 03 27 2133 133.800 -19.900 0.0 2.8 ML BMR
1989 03 29 1021 133.800 -19.900 0.0 2.8 ML BMR
1989 03 29 1901 133.800 -19.900 0.0 2.7 ML BMR
1989 03 29 1915 133.800 -19.900 0.0 2.6 ML BMR
1989 03 30 0945 133.800 -19.900 0.0 2.6 ML BMR
1989 03 30 1328 133.800 -19.900 0.0 2.7 ML BMR
1989 04 06 1727 134.000 -19.900 0.0 2.9 ML BMR
1989 04 11 0543 134.000 -19.900 0.0 2.9 ML BMR
1989 04 12 1828 134.000 -19.900 0.0 2.9 ML BMR
1989 04 30 0559 134.000 -19.900 0.0 2.8 ML BMR
1989 05 03 1556 134.000 -19.900 0.0 2.7 ML BMR
1989 05 04 1632 134.000 -19.900 0.0 2.9 ML BMR
1989 05 10 1231 134.000 -19.900 0.0 2.9 ML BMR
1989 05 10 1236 134.000 -19.900 0.0 2.7 ML BMR
1989 05 22 1810 134.000 -19.900 0.0 2.6 ML BMR
1989 05 23 1749 134.000 -19.900 0.0 2.8 ML BMR
1989 06 01 1257 134.000 -19.900 0.0 2.9 ML BMR
1989 06 04 0725 134.000 -19.900 0.0 2.8 ML BMR
1989 06 06 0507 127.736 -18.368 5.0 2.5 ML MGO
1989 06 20 1740 134.000 -19.900 0.0 2.9 ML BMR
1989 06 22 2205 130.260 -25.360 5.0 2.6 ML MGO
1989 06 25 0709 134.000 -19.900 0.0 2.8 ML BMR
1989 06 25 1844 134.000 -19.900 0.0 2.7 ML BMR
1989 08 16 1721 134.000 -19.900 0.0 2.9 ML BMR
1989 08 20 1955 134.000 -19.900 0.0 2.9 ML BMR
1989 09 03 1653 134.000 -19.900 0.0 2.8 ML BMR
1989 09 04 1807 134.000 -19.900 0.0 2.7 ML BMR
1989 09 06 0920 134.000 -19.900 0.0 2.9 ML BMR
1989 09 13 0900 134.000 -19.900 0.0 2.9 ML BMR
1989 09 17 0634 134.000 -19.900 0.0 2.9 ML BMR
1989 09 20 0928 134.000 -19.900 0.0 2.8 ML BMR
1989 09 29 0335 134.000 -19.900 0.0 2.9 ML BMR
1989 10 01 1307 133.800 -19.900 2.0 2.9 ML BMR
1989 10 08 2112 133.800 -19.900 2.0 2.9 ML BMR
1989 10 16 0218 133.800 -19.900 2.0 2.9 ML BMR
1989 10 26 0215 133.800 -19.900 2.0 2.9 ML BMR
1989 10 30 2007 133.800 -19.900 2.0 2.7 ML BMR
1989 10 31 1731 133.800 -19.900 2.0 2.7 ML BMR
1989 11 11 0121 134.000 -19.900 0.0 2.9 ML BMR
1989 11 18 1438 134.000 -19.900 0.0 2.8 ML BMR
1989 11 18 1752 134.000 -19.900 0.0 2.7 ML BMR
1989 11 19 1644 134.000 -19.900 0.0 2.8 ML BMR
1989 11 21 2122 134.000 -19.900 0.0 2.9 ML BMR
1989 11 23 0317 134.000 -19.900 0.0 2.5 ML BMR
1989 11 26 1556 134.000 -19.900 0.0 2.9 ML BMR
1990 02 02 2211 133.800 -19.900 2.0 2.9 ML AUST
1990 02 08 0509 133.800 -19.900 2.0 2.7 ML AUST
1990 02 10 0433 133.800 -19.900 2.0 2.8 ML AUST
1990 02 21 0404 133.800 -19.900 2.0 2.9 ML AUST
1990 02 23 1255 133.800 -19.900 2.0 2.8 ML AUST
1990 03 08 1030 133.800 -19.900 0.0 2.6 ML AUST
1990 04 22 1125 133.800 -19.900 0.0 2.5 ML AUST
1990 04 29 1136 133.800 -19.900 0.0 2.9 ML AUST
1990 05 08 1846 133.800 -19.700 2.0 2.8 ML AUST
1991 01 01 0640 133.800 -19.900 0.0 2.5 ML AUST
1991 01 02 0913 133.800 -19.900 0.0 2.6 ML AUST
1991 01 16 0345 133.800 -19.900 0.0 2.5 ML AUST
1991 01 20 0700 133.800 -19.900 0.0 2.6 ML AUST
1991 01 20 0703 133.800 -19.900 0.0 2.5 ML AUST
1991 03 21 0156 133.800 -19.900 2.0 2.6 ML AUST
1991 03 23 1513 132.097 -26.446 10.0 2.6 ML ADE
1992 02 22 0417 127.305 -23.016 5.0 2.6 ML MGO
1992 03 09 2241 129.913 -25.224 5.0 2.9 ML AUST
1992 07 05 0609 134.098 -19.998 1.0 2.6 ML AUST
1992 07 14 1814 126.451 -22.021 5.0 2.5 ML MGO
1992 07 15 1055 126.482 -21.893 5.0 2.7 ML MGO
1992 07 16 0349 126.407 -21.747 1.0 2.8 ML MGO
1992 07 19 2353 126.475 -21.971 5.0 2.5 ML MGO
1992 08 11 2156 133.800 -19.900 2.0 2.9 ML AUST
1992 08 20 0118 133.800 -19.900 2.0 2.8 ML AUST
1992 08 20 1845 130.075 -23.693 5.0 2.7 ML AUST
1992 08 21 0912 133.800 -19.900 2.0 2.5 ML AUST
1992 08 23 1104 131.065 -25.927 5.0 2.5 ML AUST
1992 09 15 1559 126.584 -21.832 5.0 2.7 ML MGO
1993 02 16 1317 134.061 -19.901 0.0 2.6 ML AUST
1993 02 17 1454 126.506 -21.931 5.0 2.6 ML MGO
1993 02 23 2255 132.241 -23.306 5.0 2.5 ML MGO
1993 02 24 0844 133.882 -19.783 0.0 2.7 ML AUST
1993 02 24 1626 133.901 -19.789 0.0 2.6 ML AUST
1993 04 04 1835 133.846 -19.740 4.0 2.9 ML AUST
1993 04 12 1322 131.347 -25.625 5.0 2.5 ML MGO
1993 04 22 0925 133.841 -19.691 5.0 2.7 ML AUST
1993 05 09 1316 133.822 -19.736 5.0 2.6 ML AUST
1993 06 04 0910 134.116 -19.878 5.0 2.7 ML AUST
1993 06 12 1718 134.082 -19.924 5.0 2.6 ML AUST
1993 06 23 1619 132.728 -21.584 5.0 2.6 ML AUST
1993 06 29 0111 133.958 -19.804 5.0 2.9 ML AUST
1993 07 06 0340 133.832 -19.702 5.0 2.8 ML AUST
1993 07 13 1012 133.860 -19.716 5.0 2.7 ML AUST
1993 10 20 1233 128.081 -21.593 5.0 2.5 ML MGO
1993 11 08 0613 133.941 -19.793 5.0 2.9 ML AUST
1993 11 16 0314 134.049 -19.818 5.0 2.5 ML AUST
1993 11 25 1203 134.171 -19.878 5.0 2.6 ML AUST
1993 12 31 1040 126.731 -19.881 5.0 2.7 ML MGO
1994 02 06 1109 130.208 -23.105 5.0 2.6 ML AUST
1994 02 14 1634 134.282 -19.819 3.0 2.9 ML AUST
1994 02 24 2148 134.040 -19.922 4.0 2.6 ML AUST
1995 01 11 2238 132.052 -23.401 3.0 2.8 ML AUST
1995 01 18 1302 131.906 -25.995 5.0 2.8 ML AUST
1995 02 11 1129 133.851 -19.766 0.0 2.7 ML AUST
1995 02 23 0640 133.942 -19.787 3.0 2.8 ML AUST
1995 04 06 0402 129.025 -17.909 5.0 2.8 ML MGO
1995 07 29 1218 133.966 -19.818 0.0 2.6 ML AUST
1995 11 10 1509 127.270 -20.922 5.0 2.8 ML MGO
1995 11 11 1034 131.767 -25.950 10.0 2.7 mL ISC
1995 11 20 0121 134.069 -19.772 10.0 2.8 ML AUST
1996 01 01 1135 127.461 -20.881 5.0 2.9 ML MGO
1996 01 13 0942 128.935 -21.597 5.0 2.5 ML MGO
1996 04 01 1959 134.150 -20.030 0.0 2.6 ML EIDC
1996 04 18 1659 129.002 -25.920 5.0 2.6 ML MGO
1996 05 05 1230 129.437 -25.481 5.0 2.6 ML AUST
1996 07 04 1241 134.200 -20.080 0.0 2.8 ML EIDC
1996 08 07 1502 129.757 -16.643 5.0 2.8 ML MGO
1996 08 19 1149 134.105 -19.892 5.0 2.9 ML AGSO
1996 12 06 0401 128.704 -23.405 5.0 2.9 ML MGO
1997 06 13 2222 129.181 -17.001 5.0 2.8 ML MGO
1997 08 09 2136 128.016 -21.140 5.0 2.7 ML MGO
1997 09 26 0810 127.560 -22.792 5.0 2.9 ML MGO
1997 11 21 1528 133.904 -19.796 5.0 2.7 ML AUST
1998 12 12 0224 130.920 -22.620 0.0 2.6 ML AGSO
1999 01 02 0555 131.754 -20.418 0.0 2.7 ML AGSO
1999 01 02 1023 133.861 -19.862 0.0 2.9 ML AGSO
1999 01 29 1648 133.920 -19.820 8.0 2.6 ML AGSO
1999 04 09 0728 129.812 -25.189 5.0 2.9 ML MGO
1999 06 09 0004 133.870 -19.820 0.0 2.8 ML AGSO
1999 07 19 1841 133.770 -19.540 0.0 2.9 ML AGSO
1999 07 31 1043 133.970 -19.850 0.0 2.7 ML AGSO
1999 08 10 2118 126.610 -22.040 5.0 2.8 ML MGO
1999 08 25 0958 134.100 -19.690 0.0 2.8 ML AGSO
1999 09 06 0903 134.250 -19.800 0.0 2.5 ML AGSO
2000 02 17 1558 131.438 -25.729 0.0 2.7 ML AGSO
2000 06 05 1421 132.788 -20.069 0.0 2.5 ML AGSO
2000 06 12 2041 132.732 -19.911 0.0 2.8 ML AGSO
2000 06 19 2124 131.351 -23.464 0.0 2.7 ML AGSO
2000 07 23 0438 133.950 -19.750 0.0 2.6 ML AUST
2000 07 25 2056 126.286 -22.291 10.0 2.9 ML ISC
2000 11 12 1942 132.108 -24.973 0.0 2.6 ML AGSO
2000 12 31 1721 133.382 -19.995 0.0 2.6 ML AGSO
2001 01 12 1157 129.889 -25.024 10.0 2.6 ML AGSO
2001 06 03 2016 133.770 -19.890 1.0 2.7 ML AGSO
2001 07 12 0526 131.084 -26.297 7.0 2.7 ML AUST
2001 08 04 1333 133.940 -19.820 4.0 2.5 ML AGSO
2001 11 25 0321 133.950 -19.660 10.0 2.5 ML AUST
2002 01 30 0802 133.837 -19.638 8.0 2.9 ML AUST
2002 01 30 0812 133.833 -19.663 6.0 2.7 ML AUST
2002 03 25 0752 131.042 -22.974 3.0 2.6 ML AUST
2002 03 29 0921 131.229 -26.332 5.0 2.5 ML AUST
2002 04 22 1342 134.029 -19.875 5.0 2.7 ML AUST
2002 05 06 0254 133.941 -19.868 2.0 2.6 ML AUST
2002 06 22 0905 133.983 -19.818 12.0 2.5 ML AUST
2002 07 23 1205 126.109 -22.164 6.0 2.5 ML ISC
2002 09 23 0431 133.979 -19.871 7.0 2.7 ML AUST
2002 10 06 1543 129.371 -22.206 0.0 2.8 ML AUST
2002 12 04 0411 129.754 -21.977 18.0 2.6 ML AUST
2002 12 16 0458 134.026 -19.873 16.0 2.8 ML AUST
2002 12 21 2116 132.689 -26.714 9.3 2.8 ML ADE
2002 12 31 1016 134.017 -19.891 7.0 2.7 ML AUST
2003 01 03 1012 134.006 -19.861 8.0 2.8 ML AUST
2003 01 06 1000 134.047 -19.846 12.0 2.5 ML AUST
2003 01 23 1048 129.944 -22.801 5.0 2.7 ML AUST
2003 01 30 1408 133.831 -19.727 10.0 2.9 ML AUST
2003 02 04 1519 134.023 -19.879 15.0 2.6 ML AUST
2003 03 23 0732 134.729 -19.743 10.0 2.5 ML AUST
2003 04 05 1919 134.149 -19.660 10.0 2.5 ML AUST
2003 04 15 1645 133.945 -19.707 20.0 2.7 ML AUST
2003 05 28 2110 134.166 -19.882 3.0 2.6 ML AUST
2003 06 03 1215 129.829 -25.203 10.0 2.5 ML AUST
2003 07 10 0855 134.046 -19.839 12.0 2.6 ML AUST
2003 08 19 1332 134.004 -19.870 10.0 2.6 ML AUST
2003 08 24 0919 133.893 -19.805 4.0 2.7 ML AUST
2003 09 04 1942 133.880 -19.740 0.0 2.6 ML AUST
2003 09 15 2123 133.931 -19.589 16.0 2.7 ML AUST
2004 01 08 0330 134.062 -19.874 0.0 2.8 ML AUST
2004 02 20 0208 134.009 -19.721 9.1 2.8 ML AUST
2004 03 13 1928 133.899 -19.585 0.0 2.8 ML AUST
2004 05 05 1016 131.173 -25.965 10.0 2.9 ML ISC
2004 05 19 2038 134.100 -19.911 1.0 2.8 ML AUST
2004 09 02 1056 131.885 -26.548 0.0 2.8 ML AUST
2004 09 13 1627 133.997 -19.882 5.4 2.5 ML AUST
2004 11 22 2155 134.092 -19.842 5.3 2.5 ML AUST
2004 11 24 0831 134.137 -19.878 1.6 2.9 ML AUST
2005 01 08 0437 134.009 -19.796 5.0 2.5 ML AUST
2005 01 12 1917 127.876 -23.004 0.9 2.8 ML AUST
2005 02 12 0023 133.994 -19.817 9.7 2.7 ML AUST
2005 02 12 1449 133.932 -19.762 0.0 2.7 ML AUST
2005 02 12 1625 133.936 -19.723 6.0 2.6 ML AUST
2005 04 09 2334 133.961 -19.782 0.0 2.6 ML AUST
2005 04 26 1129 134.001 -19.844 11.0 2.6 ML AUST
2005 08 13 1516 127.740 -22.860 10.0 2.7 ML AUST
2005 12 17 0006 133.008 -19.821 0.0 2.9 ML AUST
2006 02 27 0927 134.013 -19.803 6.5 2.8 ML AUST
2006 03 08 1429 127.303 -23.138 0.0 2.5 ML AUST
2006 04 03 2158 132.175 -26.034 0.0 2.7 ML IDC
2006 05 14 0927 127.311 -18.327 0.0 2.7 ML AUST
2006 05 24 2302 130.059 -22.916 10.0 2.6 ML AUST
2006 06 15 1520 131.777 -23.003 0.0 2.8 ML AUST
2006 06 17 2041 132.479 -21.248 0.0 2.8 ML AUST
2006 10 11 1901 134.055 -19.825 13.1 2.6 ML AUST
2006 11 22 1322 134.035 -19.873 5.5 2.5 ML AUST
2007 02 04 0107 133.914 -19.782 5.0 2.7 ML AUST
2007 02 05 1731 125.439 -19.301 6.0 2.7 ML AUST
2007 04 05 0942 132.208 -24.721 0.0 2.8 ML IDC
2007 04 07 1154 133.925 -19.770 10.0 2.6 ML AUST
2007 06 11 2137 133.944 -19.852 15.0 2.9 ML AUST
2007 06 22 0840 133.925 -19.719 8.3 2.5 ML AUST
2007 07 04 1025 128.701 -23.131 0.0 2.7 ML AUST
2007 08 31 1904 133.898 -19.797 10.0 2.6 ML AUST
2007 09 14 1745 134.091 -19.883 18.7 2.7 ML AUST
2007 09 22 2344 129.805 -22.302 0.0 2.6 ML IDC
2008 04 19 1624 125.698 -20.470 10.0 2.7 ML AUST
2008 06 23 1317 127.722 -18.176 0.0 2.8 ML AUST
2008 07 27 0644 127.744 -18.144 0.0 2.8 ML AUST
2009 10 01 0821 133.932 -19.691 0.0 2.9 ML AUST
2009 10 12 0658 133.978 -19.542 16.7 2.6 ML AUST
2009 11 23 0815 134.035 -19.732 0.0 2.8 ML AUST
2010 03 11 1257 132.472 -22.413 0.0 2.8 ML AUST
2010 03 20 1056 126.785 -18.718 1.0 2.9 ML AUST
2010 05 29 0823 130.430 -25.320 0.0 2.6 ML IDC
2010 12 14 0139 129.724 -22.294 0.0 2.9 ML IDC
2010 12 25 0943 129.532 -22.212 10.0 2.5 ML AUST
2011 01 29 2242 127.867 -21.893 15.0 2.5 ML  AUST
2011 05 11 1215 133.096 -26.709 0.0 2.9 ML IDC
2011 08 11 1753 127.420 -18.698 4.0 2.6 ML AUST
2011 11 11 1943 127.337 -21.368 15.0 2.8 ML AUST
2012 01 28 1952 133.926 -19.784 16.0 2.9 ML AUST
2012 06 03 0920 129.173 -17.083 15.0 2.8 ML AUST
2012 09 12 0807 132.304 -26.288 nan 2.5 ML ADE
2012 09 27 1556 133.988 -19.700 0.0 2.9 ML AUST
2013 08 03 1633 132.024 -26.360 0.8 2.9 ML ADE
2014 01 01 1155 133.867 -19.706 10.0 2.5 ML AUST
2014 02 02 0528 134.008 -19.803 5.0 2.5 ML AUST
2014 08 23 2145 132.597 -27.745 30.4 2.7 ML ADE
2014 10 24 1821 129.685 -23.579 0.0 2.9 ML AUST
2014 12 07 1717 133.974 -19.739 10.0 2.8 ML AUST
2015 04 28 0703 132.301 -25.897 3.0 2.6 ML AUST
2015 04 30 1448 134.040 -19.817 13.0 2.8 ML AUST
2015 05 11 1331 127.779 -18.152 10.0 2.7 ML AUST
2016 01 09 2155 133.898 -19.961 10.0 2.8 ML AUST
2016 05 20 2120 129.788 -25.608 0.0 2.7 ML AUST
2016 05 20 2142 129.758 -25.608 0.0 2.8 ML AUST
2016 05 20 2150 129.830 -25.538 0.0 2.9 ML AUST
2016 05 20 2230 129.890 -25.531 0.0 2.8 ML AUST
2016 05 21 0032 129.757 -25.460 0.0 2.8 ML AUST
2016 05 21 0136 129.859 -25.568 0.0 2.8 ML AUST
2016 05 21 0950 129.920 -25.444 0.0 2.9 ML AUST
2016 05 21 1222 129.892 -25.519 0.0 2.9 ML AUST
2016 05 21 1348 129.860 -25.436 0.0 2.9 ML AUST
2016 06 05 0803 129.894 -25.594 4.8 2.6 ML GG
