1957 10 19 1049 146.100 -38.700 10.0 2.8 MW RobUnd
1961 05 15 1043 149.260 -34.780 0.0 2.4 MW CAN
1963 06 12 1132 150.600 -34.600 0.0 1.8 MW CAN
1965 09 13 2046 149.320 -34.710 0.0 2.4 MW CAN
1966 04 29 1344 149.220 -34.650 5.0 2.3 MW CAN
1968 03 01 0647 148.800 -34.040 7.0 2.8 MW CAN
1968 07 07 0326 149.120 -34.180 6.0 3.2 MW CAN
1968 10 04 1309 148.220 -34.530 7.0 2.4 MW CAN
1969 06 12 2056 149.290 -34.590 1.0 2.0 MW CAN
1970 05 29 0331 149.170 -34.800 0.0 2.0 MW CAN
1970 09 26 1132 147.930 -37.340 3.0 2.7 MW CAN
1970 10 11 1929 150.930 -33.730 0.0 1.6 MW CAN
1970 12 22 0532 150.800 -34.170 0.0 2.0 MW CAN
1970 12 29 1507 148.670 -34.410 0.0 1.9 MW CAN
1971 02 02 0054 150.370 -33.800 0.0 3.0 MW CAN
1971 06 02 2235 148.300 -36.620 0.0 1.3 MW CAN
1971 06 14 0118 148.380 -35.630 0.0 1.3 MW CAN
1971 06 20 0303 145.780 -42.762 10.0 2.6 MW TAU
1971 07 05 1734 149.200 -34.120 7.0 2.3 MW CAN
1971 11 03 1622 148.330 -36.070 8.0 1.5 MW CAN
1971 12 29 0946 149.340 -35.620 0.0 1.3 MW CAN
1972 01 16 0218 148.330 -35.630 0.0 2.3 MW CAN
1972 02 23 0056 145.414 -41.905 10.0 1.6 MW TAU
1973 02 17 0810 148.300 -35.620 0.0 2.5 MW CAN
1973 03 09 0047 148.730 -32.320 0.0 3.1 MW CAN
1973 05 31 1312 148.320 -35.600 0.0 2.0 MW CAN
1973 09 18 0955 147.020 -42.950 nan 1.3 MW TAU
1974 05 06 0543 149.320 -34.720 0.0 1.2 MW CAN
1974 08 23 1223 144.230 -36.060 0.0 2.8 MW BMR
1974 09 14 1501 149.120 -34.160 3.0 2.4 MW CAN
1974 09 20 2009 149.290 -31.670 0.0 3.1 MW BMR
1974 12 17 1011 150.830 -34.300 0.0 1.3 MW CAN
1975 05 02 1335 148.260 -33.960 3.0 1.9 MW CAN
1976 04 23 0618 144.929 -38.415 17.1 2.3 MW MEL
1976 08 23 1451 148.676 -36.084 5.0 2.0 MW CAN
1976 09 05 0710 146.230 -42.830 nan 1.8 MW TAU
1976 10 25 1748 149.100 -34.220 0.0 1.5 MW CAN
1977 06 25 2344 144.270 -37.191 16.7 2.0 MW MEL
1977 12 01 0147 146.400 -41.500 nan 1.3 MW TAU
1978 01 22 2159 145.123 -38.543 2.0 2.5 MW MEL
1979 05 22 0459 150.900 -34.660 17.0 2.5 MW CAN
1979 07 08 1752 147.480 -34.220 15.0 2.4 MW CAN
1980 01 15 0623 146.429 -37.596 13.4 1.2 MW MEL
1980 04 03 0841 148.020 -35.420 0.0 1.9 MW CAN
1980 04 26 1513 146.395 -38.294 15.0 1.2 MW MEL
1980 05 01 1856 145.235 -40.710 8.8 2.4 MW MEL
1980 05 16 0540 146.332 -38.419 0.3 2.2 MW MEL
1980 05 16 2317 145.830 -42.780 nan 1.2 MW TAU
1980 05 21 0447 146.479 -37.969 14.2 3.7 MW MEL
1980 06 03 0159 145.680 -42.630 nan 2.2 MW TAU
1980 06 05 0141 148.659 -36.401 5.0 1.8 MW CAN
1980 07 01 2204 144.869 -38.407 3.5 1.5 MW MEL
1980 07 04 0918 145.650 -42.170 nan 1.6 MW TAU
1980 07 18 1716 151.010 -34.460 15.0 2.1 MW CAN
1980 09 07 0558 144.540 -38.324 1.0 1.5 MW MEL
1980 12 15 0942 149.310 -33.750 18.0 2.0 MW CAN
1980 12 24 0053 144.264 -38.080 0.0 1.7 MW MEL
1981 01 23 1436 145.893 -38.567 0.0 2.5 MW MEL
1981 01 24 0224 146.294 -38.028 11.7 1.6 MW MEL
1981 02 21 1041 145.000 -37.661 12.2 1.4 MW MEL
1981 02 24 2317 149.220 -34.590 5.0 1.6 MW CAN
1981 03 03 0113 149.110 -36.500 12.0 2.4 MW CAN
1981 03 05 0217 145.024 -36.436 0.1 1.4 MW MEL
1981 06 15 0717 149.180 -34.750 0.0 2.3 MW CAN
1981 06 20 1153 148.750 -34.300 0.0 2.1 MW CAN
1981 09 06 1634 143.359 -36.022 9.8 2.0 MW MEL
1981 09 19 1329 146.183 -37.264 0.5 1.4 MW MEL
1981 09 21 1631 144.552 -35.835 9.1 2.6 MW MEL
1981 10 24 0348 149.200 -34.730 0.0 1.8 MW CAN
1981 11 11 1640 143.895 -38.267 8.4 1.5 MW MEL
1981 11 29 1207 146.330 -42.820 nan 1.2 MW TAU
1981 12 07 0732 148.422 -36.043 2.0 2.0 MW CAN
1982 02 13 0442 149.150 -34.740 0.0 1.9 MW CAN
1982 03 05 0148 147.960 -35.620 0.0 1.9 MW CAN
1982 03 13 1615 149.340 -34.980 0.0 1.7 MW CAN
1982 03 31 1952 147.261 -37.026 6.7 1.2 MW MEL
1982 04 18 2034 147.880 -42.680 nan 1.7 MW TAU
1982 05 05 0459 145.045 -37.591 0.0 1.3 MW MEL
1982 05 17 0536 143.846 -37.023 2.9 1.2 MW MEL
1982 05 20 1330 144.712 -39.124 10.1 1.2 MW MEL
1982 08 17 2337 149.210 -35.470 15.0 2.3 MW CAN
1982 09 07 1758 149.490 -34.960 14.0 1.2 MW CAN
1982 09 14 0708 148.340 -35.200 0.0 1.8 MW CAN
1982 09 19 2352 150.410 -34.260 19.0 2.4 MW CAN
1982 09 25 0725 146.370 -44.100 nan 1.9 MW TAU
1982 09 29 1541 144.241 -36.082 11.9 1.8 MW MEL
1982 11 08 1424 145.597 -36.084 9.2 1.6 MW MEL
1982 11 10 1149 145.202 -39.221 14.6 1.3 MW MEL
1982 11 19 2250 149.480 -34.940 12.0 1.4 MW CAN
1982 11 21 1134 146.972 -37.211 14.5 5.1 MW MEL
1982 11 25 2345 148.850 -34.310 8.0 2.1 MW CAN
1982 12 25 1155 146.128 -38.586 17.2 1.7 MW MEL
1983 01 14 0648 143.609 -38.881 11.7 1.4 MW MEL
1983 03 05 0919 148.220 -35.570 4.0 1.6 MW CAN
1983 03 18 1433 148.790 -36.290 9.0 1.6 MW CAN
1983 03 20 1513 143.908 -38.687 5.6 1.5 MW MEL
1983 03 22 1339 150.400 -34.350 19.0 3.3 MW CAN
1983 03 23 2114 142.230 -37.533 14.2 3.0 MW MEL
1983 04 14 1516 150.600 -33.460 29.0 2.8 MW CAN
1983 04 29 1534 145.630 -42.960 nan 1.6 MW TAU
1983 05 16 1502 147.040 -37.264 9.1 1.3 MW MEL
1983 06 17 0025 148.350 -36.100 13.0 2.0 MW CAN
1983 08 15 0339 145.007 -37.581 0.2 1.4 MW MEL
1983 09 19 0120 146.369 -37.837 0.4 1.6 MW MEL
1983 10 14 0200 148.810 -34.470 0.0 2.4 MW CAN
1983 12 16 2146 148.300 -36.100 11.0 2.4 MW CAN
1984 01 14 1102 149.330 -34.900 0.0 2.2 MW CAN
1984 01 19 0439 144.722 -38.281 0.0 1.8 MW MEL
1984 02 06 0700 148.400 -36.300 0.0 1.6 MW CAN
1984 02 27 1404 148.670 -36.320 18.0 2.1 MW CAN
1984 06 01 1524 145.618 -38.349 4.4 1.4 MW MEL
1984 07 20 2118 149.330 -34.600 0.0 2.4 MW CAN
1984 07 26 0805 149.360 -34.830 0.0 2.2 MW CAN
1984 08 08 1415 150.120 -35.120 18.0 1.7 MW CAN
1984 08 26 0718 142.516 -39.247 16.8 2.4 MW MEL
1984 10 19 1840 149.170 -34.800 nan 1.5 MW CAN
1984 11 07 0559 142.556 -37.650 8.5 1.9 MW MEL
1984 11 28 0705 149.540 -34.300 17.0 1.7 MW CAN
1985 01 19 1429 144.093 -37.982 17.2 1.8 MW MEL
1985 02 12 1829 149.200 -34.800 0.0 1.8 MW CAN
1985 02 13 0801 150.204 -33.448 14.6 4.0 MW MEL
1985 04 03 0954 150.260 -34.690 nan 1.6 MW CAN
1985 05 29 1735 148.170 -36.590 7.0 1.9 MW CAN
1985 06 24 0342 148.360 -35.230 0.0 1.6 MW CAN
1985 07 12 2314 148.480 -35.740 0.0 1.4 MW CAN
1985 08 04 0109 144.242 -36.009 6.7 1.2 MW MEL
1985 08 21 1905 147.479 -36.668 13.1 2.3 MW MEL
1985 09 18 0118 149.670 -34.150 50.0 1.5 MW CAN
1986 02 18 0341 144.127 -37.987 14.7 1.2 MW MEL
1986 03 15 1447 146.270 -42.620 nan 1.3 MW TAU
1986 04 10 0008 145.909 -37.697 8.5 1.2 MW MEL
1986 06 04 0724 148.000 -33.160 nan 1.8 MW CAN
1986 07 01 0839 149.185 -34.768 0.0 1.3 MW BMR
1986 07 13 1551 147.990 -36.310 0.0 1.2 MW CAN
1986 09 22 0506 145.701 -34.112 16.6 2.4 MW MEL
1986 12 20 0324 142.522 -37.618 14.9 2.0 MW MEL
1987 05 30 0829 148.000 -37.421 3.6 1.7 MW MEL
1987 06 23 1415 149.890 -34.740 0.0 1.3 MW CAN
1987 08 25 0659 147.407 -42.580 10.0 1.6 MW ISC
1987 08 28 1416 148.760 -34.250 0.0 1.6 MW CAN
1987 12 20 0421 145.531 -37.276 1.7 2.0 MW MEL
1988 04 08 0743 149.200 -34.780 nan 1.2 MW CAN
1988 04 18 1528 150.380 -34.670 nan 1.5 MW CAN
1988 04 20 0719 147.770 -34.760 20.0 2.5 MW CAN
1988 04 30 0334 147.933 -44.400 10.0 2.2 MW TAU
1988 05 10 0207 146.550 -44.083 10.0 2.1 MW TAU
1988 07 01 1129 149.741 -35.763 10.0 1.3 MW BMR
1988 12 23 0929 148.150 -43.700 10.0 1.6 MW TAU
1989 01 05 1342 146.150 -38.625 15.0 1.6 MW MEL
1989 01 17 0216 149.172 -34.771 4.0 1.7 MW BMR
1989 04 12 1119 145.827 -38.375 12.6 1.2 MW MEL
1989 07 13 1238 146.336 -37.750 1.8 1.2 MW MEL
1989 07 28 0724 144.526 -35.780 3.6 1.3 MW MEL
1989 08 24 0004 150.752 -34.216 5.0 2.4 MW BMR
1989 11 13 0532 145.497 -37.441 4.2 1.3 MW MEL
1989 12 12 0142 146.751 -37.859 3.6 1.2 MW MEL
1989 12 25 1554 144.528 -35.748 0.0 1.4 MW MEL
1990 01 11 1807 145.195 -38.546 14.2 1.3 MW MEL
1990 01 14 0906 144.236 -36.070 3.6 1.5 MW MEL
1990 05 21 0200 145.482 -38.005 0.2 1.2 MW MEL
1990 06 11 1238 143.774 -36.681 3.6 1.6 MW MEL
1990 08 13 0417 147.483 -41.283 10.0 1.7 MW TAU
1990 09 13 1749 148.780 -34.060 5.0 2.8 MW AUST
1990 11 27 0058 145.267 -41.450 10.0 1.9 MW TAU
1991 01 19 0118 145.508 -37.140 0.0 1.6 MW MEL
1991 03 25 0146 147.300 -42.280 10.0 2.8 MW TAU
1991 05 02 0410 144.282 -36.010 5.8 1.4 MW MEL
1991 05 19 1351 146.464 -37.891 9.0 1.4 MW MEL
1991 07 15 1017 146.478 -37.756 10.9 1.4 MW MEL
1991 11 17 1401 146.257 -38.244 8.5 1.2 MW MEL
1992 01 22 1700 146.910 -38.395 12.8 1.2 MW MEL
1992 08 22 0226 151.147 -32.340 0.0 2.5 MW MEL
1992 10 08 0212 151.196 -32.608 0.0 2.9 MW MEL
1992 11 05 2217 147.167 -43.483 10.0 1.7 MW TAU
1992 12 10 0545 151.062 -32.550 0.0 2.4 MW MEL
1993 07 24 0340 146.000 -42.833 10.0 1.4 MW TAU
1993 09 24 0739 151.060 -32.407 0.0 2.4 MW MEL
1994 01 31 1947 147.769 -36.735 21.6 1.7 MW MEL
1994 05 20 0341 151.033 -32.570 0.0 2.6 MW MEL
1994 08 06 0033 146.000 -43.930 10.0 2.0 MW TAU
1994 08 19 1644 146.108 -38.572 8.5 2.0 MW MEL
1995 01 11 0121 151.113 -32.472 0.0 2.4 MW MEL
1995 02 01 0317 149.002 -33.419 11.0 1.3 MW MEL
1995 03 25 1112 144.402 -35.757 9.7 1.8 MW MEL
1995 05 01 1058 150.465 -33.474 15.1 1.7 MW MEL
1995 05 03 0424 150.249 -33.186 10.7 3.2 MW MEL
1995 05 18 1924 143.950 -41.070 nan 2.2 MW TAU
1995 05 28 2036 151.428 -32.547 7.0 2.0 MW MEL
1995 07 20 1633 151.208 -32.855 10.0 1.9 MW MEL
1995 07 29 1553 143.834 -35.960 10.0 1.7 MW MEL
1995 08 14 0152 148.870 -34.490 13.0 1.4 MW CAN
1995 09 12 0540 145.656 -36.573 3.8 1.8 MW MEL
1995 10 14 0106 150.734 -34.437 0.0 1.1 MW MEL
1995 11 17 1243 144.571 -36.196 3.9 2.6 MW MEL
1996 01 16 0820 146.045 -37.791 3.6 2.0 MW MEL
1996 02 16 2046 146.217 -38.577 17.8 1.1 MW MEL
1996 05 09 1529 144.239 -38.114 16.4 1.6 MW MEL
1996 08 12 0647 145.832 -35.524 2.5 2.2 MW MEL
1996 09 20 0339 150.989 -32.547 0.0 2.7 MW MEL
1996 10 01 1127 145.690 -42.025 0.0 2.2 MW MEL
1996 10 01 2142 150.393 -33.830 8.7 3.2 MW MEL
1996 12 10 0921 149.277 -34.549 10.0 1.9 MW MEL
1996 12 24 0844 146.440 -37.857 11.7 2.0 MW MEL
1997 01 19 2003 143.332 -36.097 3.6 1.6 MW MEL
1997 05 04 0138 144.521 -35.742 3.7 1.5 MW MEL
1997 06 26 0922 146.437 -37.864 11.4 1.4 MW MEL
1997 08 22 2319 146.066 -36.956 10.0 1.6 MW MEL
1997 08 23 0850 149.960 -33.056 0.0 1.7 MW MEL
1998 02 11 0100 145.410 -38.055 0.5 1.3 MW MEL
1998 03 01 1057 144.170 -38.182 7.2 1.5 MW MEL
1998 03 31 2107 144.494 -35.740 4.8 2.2 MW MEL
1998 05 20 1639 146.429 -37.868 11.0 1.7 MW MEL
1998 07 14 1314 146.221 -38.053 7.5 2.0 MW MEL
1998 09 15 0030 144.290 -36.971 8.8 1.6 MW MEL
1998 09 27 0147 147.437 -34.218 3.6 2.5 MW MEL
1998 09 29 2110 146.372 -37.830 1.6 1.1 MW MEL
1998 10 08 1205 145.848 -39.462 17.1 3.1 MW MEL
1998 11 06 2247 147.089 -34.344 10.0 2.2 MW MEL
1998 12 30 1642 146.578 -38.017 3.6 1.2 MW MEL
1999 01 11 2304 145.055 -37.268 0.0 1.3 MW MEL
1999 03 08 1624 146.080 -38.655 13.3 1.8 MW MEL
1999 03 13 0134 151.075 -32.414 0.0 2.3 MW MEL
1999 03 14 0013 147.070 -34.009 12.2 3.9 MW MEL
1999 04 15 2107 146.221 -38.027 10.0 1.3 MW MEL
1999 07 08 0944 145.546 -37.801 3.7 1.7 MW MEL
2000 01 26 0210 150.089 -33.286 0.0 1.7 MW MEL
2000 03 15 2226 147.409 -35.710 10.2 1.8 MW MEL
2000 06 19 1458 146.273 -37.300 8.5 1.4 MW MEL
2000 07 23 2058 149.163 -34.730 1.0 2.1 MW MEL
2000 08 02 0346 150.016 -34.798 0.0 1.7 MW MEL
2000 08 25 1238 144.309 -38.482 10.0 1.7 MW MEL
2000 12 21 0350 150.070 -34.898 0.0 1.7 MW MEL
2001 03 12 1329 146.290 -38.250 10.0 1.4 MW MEL
2001 05 13 0857 145.350 -41.270 10.0 2.1 MW AUST
2001 06 10 0133 146.287 -38.445 5.7 1.4 MW MEL
2001 08 15 1432 151.670 -33.030 2.0 1.9 MW AUST
2001 10 12 0500 145.119 -41.682 0.0 1.5 MW MEL
2001 10 25 1856 148.297 -35.280 8.2 2.7 MW AUST
2001 11 19 0733 145.864 -37.338 13.5 1.8 MW MEL
2001 12 16 1236 147.380 -33.740 7.0 2.1 MW AUST
2001 12 16 2038 147.155 -37.119 15.0 3.2 MW AUST
2001 12 21 0055 151.222 -32.643 0.0 2.3 MW MEL
2002 01 20 0942 149.299 -35.169 0.0 1.8 MW AUST
2002 02 04 0558 144.065 -36.101 15.6 2.4 MW MEL
2002 02 07 1345 148.075 -33.886 10.5 2.1 MW MEL
2002 02 11 0749 144.961 -37.687 0.0 1.4 MW MEL
2002 06 14 0543 145.047 -41.508 10.0 1.9 MW MEL
2002 07 22 0601 147.050 -35.742 5.0 1.7 MW AUST
2002 08 19 1112 149.159 -34.571 10.0 2.4 MW MEL
2002 09 23 0604 145.129 -41.502 10.0 1.9 MW MEL
2003 04 07 2136 145.345 -42.217 10.0 2.3 MW MEL
2003 04 18 1351 146.317 -38.403 16.4 1.7 MW MEL
2003 04 22 0739 146.211 -38.558 4.2 3.0 MW MEL
2003 07 07 0002 147.706 -36.712 10.0 1.5 MW MEL
2003 07 08 1641 147.443 -34.107 2.0 2.0 MW AUST
2003 12 01 1429 149.387 -36.236 5.8 2.6 MW MEL
2003 12 09 2047 150.159 -33.381 1.3 2.1 MW MEL
2003 12 28 1555 148.794 -36.280 10.0 1.3 MW MEL
2004 02 23 1517 146.237 -38.500 13.9 1.4 MW MEL
2004 05 26 0549 151.041 -32.496 10.0 2.4 MW MEL
2004 11 16 0507 150.539 -32.428 0.0 2.0 MW MEL
2004 11 25 2320 146.601 -36.232 10.0 1.5 MW MEL
2004 12 10 1646 146.049 -36.902 10.0 2.3 MW MEL
2005 01 15 1217 145.898 -38.567 10.0 1.6 MW MEL
2005 04 18 2118 146.289 -38.320 10.0 2.2 MW MEL
2005 05 24 1146 146.301 -38.499 17.2 1.5 MW MEL
2005 06 03 0404 150.567 -32.127 17.8 2.7 MW MEL
2005 06 20 0920 146.134 -37.499 10.0 1.6 MW MEL
2005 07 31 0855 149.274 -34.807 10.0 1.9 MW MEL
2005 09 01 1144 146.351 -37.698 10.0 1.2 MW MEL
2005 09 23 2156 147.771 -35.841 10.0 1.6 MW MEL
2005 10 31 1658 148.347 -36.133 10.0 1.2 MW MEL
2006 01 14 1549 148.348 -36.138 10.0 1.4 MW MEL
2006 02 02 0608 150.567 -34.337 10.0 1.4 MW MEL
2006 03 01 1943 147.339 -36.635 2.5 1.6 MW MEL
2006 03 30 1215 148.132 -33.859 5.0 2.2 MW MEL
2006 06 18 1140 145.814 -36.950 10.0 1.4 MW MEL
2006 08 12 0011 150.949 -32.320 14.4 2.1 MW MEL
2006 10 21 0642 147.404 -36.776 12.1 1.8 MW MEL
2006 12 02 1611 144.420 -38.289 10.0 1.4 MW GG
2007 01 01 0628 145.505 -42.087 1.0 1.8 MW MEL
2007 01 06 1510 146.016 -38.562 10.0 1.6 MW MEL
2007 02 12 1500 145.559 -42.070 1.4 1.4 MW MEL
2007 03 06 0957 151.017 -36.624 20.0 2.8 MW AUST
2007 09 06 2053 146.130 -37.813 10.0 1.3 MW MEL
2007 12 12 0823 144.621 -40.509 10.0 2.7 MW MEL
2008 01 21 1829 150.574 -34.414 10.0 1.6 MW MEL
2008 02 28 0707 144.229 -40.501 17.9 2.3 MW MEL
2008 03 17 0111 150.911 -34.684 16.0 1.9 MW AUST
2008 05 23 0444 150.792 -34.585 0.0 1.6 MW MEL
2008 09 24 0506 146.473 -35.766 10.0 1.3 MW MEL
2008 11 27 2302 145.149 -40.613 10.0 1.2 MW MEL
2009 02 05 0354 150.094 -34.751 0.0 1.2 MW MEL
2009 02 09 0013 146.411 -38.109 10.0 1.6 MW MEL
2009 03 02 1640 146.041 -37.368 10.0 2.0 MW MEL
2009 03 10 1011 144.496 -41.021 10.0 2.8 MW MEL
2009 05 17 1007 147.142 -35.965 10.0 1.6 MW MEL
2009 06 09 1019 148.944 -33.444 10.0 2.4 MW MEL
2009 08 28 0652 145.867 -38.394 10.0 2.0 MW MEL
2009 09 22 0820 145.233 -38.199 5.0 2.8 MW MEL
2009 12 05 1301 145.845 -38.435 10.3 2.0 MW MEL
2010 03 11 0129 144.986 -38.301 11.7 2.1 MW MEL
2010 03 20 1709 146.831 -37.439 10.0 1.8 MW MEL
2010 03 28 0737 145.919 -38.182 16.8 1.3 MW MEL
2010 05 25 0835 147.082 -36.750 10.0 2.0 MW MEL
2010 08 08 1102 148.899 -36.326 0.0 1.8 MW AUST
2010 08 25 0107 148.887 -34.228 10.0 2.3 MW AUST
