1939 03 26 0356 138.300 -31.100   0.0 5.79 MW ADE
1953 09 23 0630 137.000 -34.000   7.0 4.55 MW ADE
1954 02 28 1809 138.564 -35.033   4.0 4.79 MW ADE
1958 01 01 0007 146.100 -42.200  10.0 4.61 MW TAU
1960 08 31 0214 135.870 -34.211   0.0 4.07 MW ADE
1960 11 12 2303 135.500 -34.600  10.0 4.04 MW ADE
1962 01 10 1936 139.800 -36.350   0.0 4.06 MW ADE
1962 05 16 2141 137.660 -35.510   0.0 4.10 MW ADE
1963 11 03 1200 145.800 -43.490  10.0 4.33 MW TAU
1964 11 14 1053 144.410 -39.970  33.0 4.32 MW ISC
1965 03 02 1518 138.380 -30.570  33.0 4.48 MW ISC
1965 03 14 1247 138.540 -31.950  26.0 4.41 MW ISC
1966 11 23 2048 139.303 -34.347  13.4 4.20 MW ADE
1969 01 29 1503 139.115 -31.797  20.3 4.17 MW ADE
1970 07 27 0513 139.508 -31.726  10.4 3.57 MW ADE
1970 09 16 1740 138.577 -33.209   0.0 3.57 MW ADE
1971 01 06 2354 138.560 -33.459  11.9 4.46 MW ADE
1971 07 26 0750 138.756 -31.375  18.6 4.58 MW ADE
1971 10 05 0701 139.831 -31.735   1.5 3.83 MW ADE
1971 10 08 1542 138.977 -32.501   6.4 3.55 MW ADE
1971 10 18 1321 138.365 -31.310  10.7 3.85 MW ADE
1971 11 05 1611 139.778 -30.314   7.2 3.71 MW ADE
1972 04 18 2220 138.619 -31.578  11.9 5.05 MW ADE
1972 04 27 1150 138.891 -31.263  12.5 3.68 MW ADE
1972 10 17 1240 138.513 -34.998   5.7 3.52 MW ADE
1973 06 03 1108 145.080 -42.320  10.0 3.96 MW BMR
1973 08 04 0739 138.207 -35.306   8.4 3.46 MW ADE
1974 01 19 1954 138.796 -32.177   3.6 3.59 MW ADE
1974 02 27 0157 136.501 -28.803  10.0 4.08 MW ISC
1974 11 09 0958 138.070 -32.437   9.3 3.84 MW ADE
1974 11 18 0411 136.720 -33.741  12.0 3.69 MW ADE
1974 12 13 1853 137.060 -35.030  17.7 3.91 MW ADE
1975 01 03 0218 138.716 -31.243   6.4 3.77 MW ADE
1975 03 15 1620 139.692 -33.055   0.0 3.45 MW ADE
1975 04 06 1101 137.989 -35.693  20.9 3.87 MW ADE
1975 04 29 2207 138.943 -32.164   0.0 3.67 MW ADE
1975 05 23 1407 137.698 -29.533  13.8 3.53 MW ADE
1975 07 14 1802 138.579 -35.250  23.6 3.75 MW ADE
1976 04 01 0028 137.409 -36.286   2.8 3.78 MW ADE
1976 04 14 0736 138.596 -31.576  16.0 3.43 MW ADE
1976 11 04 0130 138.803 -32.383  10.6 3.50 MW ADE
1977 02 11 2334 141.310 -32.473  13.8 3.52 MW ADE
1977 04 16 1819 138.010 -32.433   0.0 3.86 MW ADE
1977 08 30 1413 138.474 -31.057  12.7 3.82 MW ADE
1977 09 28 1918 139.309 -32.273   9.7 3.67 MW ADE
1977 10 14 0755 138.349 -33.346  15.8 3.42 MW ADE
1978 03 26 2236 138.923 -32.389  16.4 4.08 MW ADE
1978 05 08 0222 138.619 -30.774  31.3 3.76 MW ADE
1978 11 18 0511 136.361 -27.992  19.1 3.43 MW ADE
1979 03 15 2004 138.645 -32.414   6.3 3.51 MW ADE
1979 06 04 1955 135.702 -28.081  28.2 3.43 MW ADE
1979 07 04 0918 139.185 -34.388   4.2 3.50 MW ADE
1979 08 03 0019 138.631 -33.163   6.2 3.53 MW ADE
1979 10 22 1113 136.955 -33.312  34.3 3.58 MW ADE
1980 01 06 1803 139.211 -33.209   1.3 3.00 MW ADE
1980 01 18 2029 138.538 -33.437  16.7 2.93 MW ADE
1980 02 15 2351 138.259 -31.488  12.0 3.51 MW ADE
1980 02 29 2228 138.323 -33.221  13.8 3.07 MW ADE
1980 03 16 0040 138.643 -31.807   1.9 3.07 MW ADE
1980 03 23 0213 137.427 -29.182  16.5 3.00 MW ADE
1980 04 15 0038 137.030 -33.263  31.0 4.10 MW ADE
1980 04 22 0124 138.722 -32.027  12.1 3.74 MW ADE
1980 05 12 0011 137.545 -29.208  10.2 2.93 MW ADE
1980 05 13 0149 139.137 -30.761  34.7 2.93 MW ADE
1980 05 13 2145 138.434 -31.309  18.2 3.14 MW ADE
1980 08 30 1423 139.361 -31.761   8.0 4.06 MW ADE
1980 10 02 0651 138.267 -32.317  19.8 2.93 MW ADE
1980 10 03 0537 135.826 -28.040   3.0 3.00 MW ADE
1980 11 08 0317 138.595 -32.176  18.4 3.21 MW ADE
1980 11 12 0747 138.705 -33.171   0.0 2.93 MW ADE
1980 11 13 0856 138.825 -33.739  18.4 4.09 MW ADE
1980 12 10 0624 138.702 -31.308  22.9 3.28 MW ADE
1980 12 20 1753 138.129 -30.073   1.5 2.93 MW ADE
1980 12 22 0424 139.363 -31.787   9.3 3.07 MW ADE
1981 01 15 0629 139.459 -31.777   5.9 3.14 MW ADE
1981 01 29 1630 138.267 -32.750  14.2 3.14 MW ADE
1981 04 08 1730 138.761 -31.724  20.4 3.36 MW ADE
1981 04 15 0703 139.317 -30.821  11.0 2.93 MW ADE
1981 04 15 0753 139.317 -30.821  10.8 2.93 MW ADE
1981 04 28 1209 136.543 -33.764   0.0 2.93 MW ADE
1981 05 20 1756 136.966 -33.294  28.7 3.50 MW ADE
1981 06 22 0617 138.569 -33.534  11.1 3.28 MW ADE
1981 06 27 2233 137.767 -29.747   4.4 2.93 MW ADE
1981 07 05 1527 136.766 -35.345  15.2 2.93 MW ADE
1981 07 10 1343 135.878 -34.066   0.8 3.36 MW ADE
1981 07 15 0209 138.639 -31.366  23.6 3.76 MW ADE
1981 07 24 1423 135.592 -27.493   4.6 3.14 MW ADE
1981 08 01 1506 139.216 -33.965   8.4 3.07 MW ADE
1981 08 01 2016 138.749 -31.630  14.4 3.14 MW ADE
1981 08 27 1919 138.125 -32.685  18.1 3.21 MW ADE
1981 08 27 1933 138.281 -32.760  14.9 3.21 MW ADE
1981 08 31 1935 138.923 -34.709  24.7 3.07 MW ADE
1981 10 01 1717 138.703 -30.196   0.0 2.93 MW ADE
1981 10 02 1755 138.878 -32.476   6.8 3.90 MW ADE
1981 10 15 0142 138.235 -32.736  14.1 3.14 MW ADE
1981 12 11 0517 137.963 -32.200  20.5 3.68 MW ADE
1981 12 26 1351 139.009 -32.284   0.0 3.28 MW ADE
1982 01 13 0657 138.972 -32.331   3.1 2.93 MW ADE
1982 02 06 0352 138.796 -34.542  30.4 3.00 MW ADE
1982 02 08 0138 139.082 -32.069  22.3 3.07 MW ADE
1982 03 21 0313 138.653 -31.715  20.1 3.14 MW ADE
1982 04 01 0131 144.128 -40.678  10.6 3.79 MW MEL
1982 04 09 2033 138.275 -30.509   7.0 2.93 MW ADE
1982 04 19 1558 138.610 -32.354  13.2 3.53 MW ADE
1982 06 05 0436 136.697 -33.396  23.6 2.93 MW ADE
1982 07 08 1432 138.628 -32.809   3.9 3.36 MW ADE
1982 07 15 0144 138.339 -31.048  17.7 3.82 MW ADE
1982 08 09 0231 138.359 -33.131  23.1 2.93 MW ADE
1982 08 19 1048 145.359 -40.793   5.3 3.57 MW MEL
1982 09 02 0749 138.536 -29.956  30.5 3.28 MW ADE
1982 10 03 1325 135.828 -34.076   2.6 3.51 MW ADE
1982 10 12 1658 135.715 -34.126   2.1 3.36 MW ADE
1982 11 07 0337 138.618 -31.265  21.0 3.43 MW ADE
1982 11 25 1842 139.919 -36.968  22.2 3.64 MW ADE
1982 12 10 1914 144.366 -40.207  14.1 2.93 MW MEL
1983 01 24 0138 144.820 -40.830  14.0 2.92 MW TAU
1983 02 08 1538 137.960 -32.501   7.5 2.93 MW ADE
1983 02 25 1955 139.271 -34.188   9.1 3.59 MW ADE
1983 04 09 0902 144.530 -41.150   0.0 2.97 MW TAU
1983 05 17 1011 136.313 -27.886  31.3 3.43 MW ADE
1983 05 31 0634 135.860 -33.579  10.9 3.45 MW ADE
1983 06 21 1956 137.116 -29.121  20.3 3.00 MW ADE
1983 07 29 1714 138.284 -33.039  15.6 3.28 MW ADE
1983 08 30 1638 138.652 -32.230   5.4 3.00 MW ADE
1983 09 09 0426 135.244 -33.950  10.8 3.07 MW ADE
1983 09 18 2026 138.408 -32.017   7.2 2.93 MW ADE
1983 09 21 2338 138.000 -29.827   1.5 3.00 MW ADE
1983 10 03 0754 139.512 -34.114  24.1 2.93 MW ADE
1983 10 29 1548 138.620 -31.386  16.1 3.07 MW ADE
1983 11 07 1429 135.773 -34.031   0.0 2.93 MW ADE
1983 11 11 0232 138.669 -31.479  18.5 3.74 MW ADE
1983 11 13 0001 136.971 -33.454   3.7 3.00 MW ADE
1983 12 17 2050 139.354 -34.603  22.6 3.07 MW ADE
1983 12 20 1338 135.995 -33.529  30.2 3.28 MW ADE
1983 12 29 1741 138.289 -30.755  20.0 4.24 MW ISC
1984 01 13 0144 136.240 -33.493   0.0 3.07 MW ADE
1984 01 18 0319 146.170 -43.250   0.0 3.13 MW TAU
1984 01 30 0101 139.307 -31.743  30.9 3.07 MW ADE
1984 02 25 1350 137.561 -29.797  10.4 3.21 MW ADE
1984 03 17 0423 139.158 -33.287  10.0 3.58 MW ADE
1984 03 23 0840 138.419 -32.009   7.7 3.14 MW ADE
1984 06 03 0325 138.490 -30.450   0.0 3.51 MW BMR
1984 06 24 0102 137.356 -34.865  24.7 3.36 MW ADE
1984 07 10 1413 138.918 -32.331   4.4 3.00 MW ADE
1984 07 26 0339 138.546 -31.929  19.6 2.93 MW ADE
1984 08 21 1345 138.669 -30.484  30.3 3.21 MW ADE
1984 09 22 0052 139.250 -30.153   1.1 2.93 MW ADE
1984 09 28 1408 136.627 -33.575   7.9 3.00 MW ADE
1984 10 06 1158 137.917 -29.974   6.3 2.93 MW ADE
1984 11 27 0632 139.220 -31.215  19.3 3.28 MW ADE
1984 12 30 0413 138.218 -30.994  14.7 3.07 MW ADE
1985 02 27 0149 134.516 -33.394   0.0 3.00 MW ADE
1985 04 11 1823 139.497 -34.741  15.7 3.14 MW ADE
1985 05 28 0400 139.372 -31.792   6.8 3.66 MW ADE
1985 06 02 1656 136.946 -33.012  17.0 2.93 MW ADE
1985 07 01 0039 138.339 -31.981  10.6 3.44 MW ADE
1985 07 04 2111 138.751 -31.430   0.5 3.21 MW ADE
1985 07 14 1832 147.430 -43.820   0.0 2.92 MW TAU
1985 08 09 0444 139.334 -31.795   7.3 4.00 MW ADE
1985 08 11 2303 137.779 -32.758   1.5 2.93 MW ADE
1985 08 20 1540 139.369 -33.831   9.5 3.21 MW ADE
1985 08 26 2259 141.932 -30.644  38.0 3.25 MW ADE
1985 09 08 1545 137.284 -29.514  10.7 3.85 MW ADE
1985 09 22 0947 141.518 -30.337  30.0 3.41 MW BMR
1985 10 01 0219 136.977 -34.121   7.3 3.07 MW ADE
1985 11 10 2208 138.386 -32.740  20.4 3.74 MW ADE
1985 11 19 0439 139.062 -32.703   6.0 3.14 MW ADE
1985 11 21 0735 138.648 -33.169   4.6 3.00 MW ADE
1986 01 04 0626 138.718 -31.542   6.0 3.49 MW ISC
1986 01 09 0319 137.732 -30.012  25.4 2.93 MW ADE
1986 01 14 1411 138.600 -31.613  16.8 3.36 MW ADE
1986 01 30 1640 135.535 -27.596   3.8 3.28 MW ADE
1986 02 03 1705 138.597 -31.633  19.3 3.07 MW ADE
1986 03 16 0153 144.509 -41.446  17.1 4.04 MW MEL
1986 05 08 0818 138.229 -32.724  15.2 3.36 MW ADE
1986 05 16 0644 136.870 -33.311  25.0 3.00 MW ADE
1986 05 20 1358 138.555 -32.610   9.4 3.14 MW ADE
1986 05 28 0634 138.885 -34.090  27.2 3.00 MW ADE
1986 05 31 1458 139.096 -35.145  15.1 3.00 MW ADE
1986 08 25 1719 138.116 -32.462  11.1 2.93 MW ADE
1986 08 26 1923 137.013 -28.848   0.0 3.00 MW ADE
1986 08 26 1953 139.413 -33.840   9.3 2.93 MW ADE
1986 09 04 1910 133.333 -33.619  21.9 3.18 MW ADE
1986 09 09 1752 138.545 -30.357   3.2 2.93 MW ADE
1986 09 09 1754 138.724 -30.293  34.4 3.00 MW ADE
1986 09 12 0449 144.219 -40.025   6.0 2.96 MW MEL
1986 10 06 1248 136.771 -33.505  36.5 3.28 MW ADE
1986 12 16 0428 136.652 -35.969   1.0 4.40 MW ISC
1986 12 18 2141 145.830 -42.500   0.0 2.92 MW TAU
1986 12 26 0442 144.530 -41.530   0.0 2.97 MW TAU
1987 01 26 0523 146.651 -42.121  17.1 2.98 MW MEL
1987 03 13 0452 137.881 -29.736  32.6 3.00 MW ADE
1987 05 12 0900 135.632 -27.296  11.1 3.21 MW ADE
1987 07 07 1031 136.035 -28.178   8.0 3.62 MW BMR
1987 08 19 0325 138.515 -30.239  11.0 3.30 MW BMR
1987 10 01 0013 139.196 -33.457  15.8 3.21 MW ADE
1987 11 30 1954 138.982 -31.219  24.8 2.93 MW ADE
1987 12 22 1202 138.073 -32.706  12.5 3.21 MW ADE
1987 12 25 1701 138.749 -31.767  21.2 3.00 MW ADE
1988 01 06 0129 138.029 -32.696  15.6 3.14 MW ADE
1988 01 07 0113 138.757 -33.701  21.6 3.21 MW ADE
1988 06 10 0639 137.190 -35.360  11.4 2.93 MW ADE
1988 06 23 1218 138.521 -30.792   9.6 2.93 MW ADE
1988 08 03 0739 138.921 -29.832  12.9 3.07 MW ADE
1988 08 25 0139 138.592 -31.660  14.2 3.21 MW ADE
1988 09 07 0707 141.640 -31.427  26.0 3.62 MW BMR
1988 09 11 0328 138.827 -31.631   8.3 3.07 MW ADE
1988 10 24 1155 138.686 -31.474  15.9 3.36 MW ADE
1988 12 22 1110 136.222 -28.657   5.7 3.21 MW ADE
1989 01 11 0551 138.985 -33.281  11.8 3.00 MW ADE
1989 03 03 1210 137.972 -29.540  23.0 2.93 MW ADE
1989 04 09 0400 136.430 -33.940   1.0 2.93 MW ADE
1989 05 03 0432 138.398 -32.720  20.8 2.93 MW ADE
1989 05 03 0606 139.014 -31.520  16.8 3.36 MW ADE
1989 05 09 1138 146.806 -43.812  11.0 3.19 MW BMR
1989 06 01 2353 139.678 -33.849  12.9 3.07 MW ADE
1989 06 19 1814 138.196 -29.861  16.0 2.93 MW ADE
1989 06 26 1118 138.546 -31.438  14.5 3.74 MW ADE
1989 06 30 0010 144.783 -40.483  10.0 2.93 MW TAU
1989 07 26 2349 139.711 -29.376  23.3 3.27 MW ADE
1989 07 31 1621 144.783 -40.751  14.0 3.73 MW MEL
1989 08 13 1917 136.449 -33.851  12.1 3.28 MW ADE
1989 09 07 0808 135.924 -33.551  21.1 3.14 MW ADE
1989 10 15 1135 138.668 -32.272  15.0 3.21 MW ADE
1990 01 16 0111 144.535 -41.144  14.0 3.34 MW MEL
1990 01 19 1621 139.361 -33.802   7.5 3.07 MW ADE
1990 02 04 0850 135.753 -27.663  22.6 3.07 MW ADE
1990 03 05 0655 139.047 -33.047   6.6 3.21 MW ADE
1990 03 08 0955 140.748 -37.499  14.5 3.20 MW ADE
1990 03 29 1408 136.011 -34.150   1.5 2.93 MW ADE
1990 03 31 2018 138.927 -32.223   2.0 2.93 MW ADE
1990 04 05 1002 138.511 -31.108  15.8 3.14 MW ADE
1990 04 05 2224 136.523 -28.864  16.6 3.00 MW ADE
1990 04 10 0627 138.130 -29.300   9.3 2.93 MW ADE
1990 05 06 1003 139.346 -33.895   8.2 3.28 MW ADE
1990 06 02 0549 138.055 -34.600  10.9 2.93 MW ADE
1990 06 11 1508 138.446 -33.699  18.4 3.00 MW ADE
1990 06 13 2023 138.318 -33.160  14.6 3.21 MW ADE
1990 07 16 1421 137.300 -35.333   2.9 3.14 MW ADE
1990 08 20 1356 138.706 -31.115  10.9 3.07 MW ADE
1990 08 21 1049 138.691 -32.016   6.1 2.93 MW ADE
1990 08 23 0740 138.276 -31.892   1.8 2.93 MW ADE
1990 11 18 1642 138.208 -30.522  18.0 2.93 MW ADE
1990 12 03 1318 139.260 -31.565   4.5 4.15 MW ADE
1990 12 13 0628 138.987 -33.017   6.0 3.14 MW ADE
1991 01 10 0407 138.185 -32.335  26.9 3.28 MW ADE
1991 02 12 1818 137.687 -34.511   8.6 2.93 MW ADE
1991 03 04 0014 136.336 -33.542   3.8 3.21 MW ADE
1991 03 25 0146 147.300 -42.280  10.0 3.20 MW TAU
1991 03 25 1842 136.948 -34.122   0.9 3.28 MW ADE
1991 05 05 1426 139.203 -31.028   2.7 3.28 MW ADE
1991 05 11 0904 140.053 -36.427   9.9 3.20 MW ADE
1991 05 16 1443 139.005 -32.342  10.0 2.93 MW ADE
1991 05 26 2014 135.700 -28.116  10.0 2.93 MW ADE
1991 07 17 1315 136.159 -33.976   9.0 3.07 MW ADE
1991 08 17 0628 139.085 -34.365  12.9 3.74 MW ADE
1991 08 19 1858 135.999 -34.352  25.4 3.14 MW ADE
1991 09 02 2213 138.998 -32.724   2.8 3.74 MW ADE
1991 10 07 2310 140.557 -32.541  10.4 3.09 MW ADE
1991 11 03 1155 138.712 -33.169  13.0 3.07 MW ADE
1991 11 29 0945 138.359 -31.527   8.5 3.59 MW ADE
1991 11 29 2149 146.300 -43.780  10.0 2.98 MW TAU
1991 12 26 0006 138.824 -31.360   6.4 2.93 MW ADE
1992 01 23 0733 138.358 -31.566   4.2 2.93 MW ADE
1992 05 27 1017 138.487 -33.076   2.2 3.14 MW ADE
1992 06 11 1914 138.267 -33.167   5.0 3.28 MW ADE
1992 06 18 1900 136.829 -34.818   2.2 2.93 MW ADE
1992 07 28 0933 138.783 -31.221  13.2 3.82 MW ADE
1992 08 17 2001 138.556 -33.905  11.4 3.36 MW ADE
1992 09 01 1104 138.659 -31.758  10.2 2.93 MW ADE
1992 10 10 1919 138.431 -30.839  14.4 3.14 MW ADE
1992 10 28 0512 136.807 -33.577   5.4 2.93 MW ADE
1992 11 01 2100 136.968 -28.828  15.0 3.36 MW ADE
1992 11 09 1530 141.012 -37.183   4.6 3.10 MW ADE
1992 11 10 0142 140.831 -37.175   0.8 3.12 MW ADE
1992 12 15 0135 138.347 -31.534   7.9 3.36 MW ADE
1992 12 16 0213 145.429 -40.997  10.1 3.23 MW MEL
1992 12 17 1803 138.996 -33.030   6.5 3.82 MW ADE
1993 01 11 1820 134.018 -34.640  12.8 3.00 MW ADE
1993 01 17 1023 138.564 -35.553  11.6 3.07 MW ADE
1993 02 09 1534 139.016 -30.985  11.5 3.07 MW ADE
1993 03 08 0404 139.149 -33.672  12.3 3.00 MW ADE
1993 03 19 1315 138.649 -31.386  12.5 2.93 MW ADE
1993 04 20 1446 138.909 -33.035   8.4 3.43 MW ADE
1993 05 10 0821 138.261 -32.865  18.1 3.28 MW ADE
1993 06 02 1445 144.550 -41.150  10.0 3.04 MW TAU
1993 06 24 0659 139.145 -31.597  11.0 3.14 MW ADE
1993 08 03 0237 139.293 -34.615  16.6 2.93 MW ADE
1993 08 13 0036 139.025 -33.073   2.9 3.07 MW ADE
1993 09 05 1018 139.010 -31.414  16.1 3.00 MW ADE
1993 09 24 1819 138.357 -32.437   1.7 3.07 MW ADE
1993 10 28 1658 138.960 -33.725   8.3 3.14 MW ADE
1993 11 07 1920 137.726 -29.710   9.9 2.93 MW ADE
1993 12 07 2353 134.239 -33.816   4.0 3.21 MW ADE
1993 12 17 0116 144.583 -41.233  10.0 3.18 MW TAU
1994 04 17 1258 138.973 -33.035   8.3 3.21 MW ADE
1994 06 09 1408 141.986 -32.131  12.3 2.93 MW ADE
1994 06 19 0224 138.363 -33.168  11.4 3.36 MW ADE
1994 06 24 0559 138.640 -30.647  12.6 3.14 MW ADE
1994 06 26 0736 133.815 -33.605  13.3 3.36 MW ADE
1994 07 08 1840 138.913 -30.556  13.7 3.43 MW ADE
1994 07 12 2029 137.517 -35.727  14.1 3.14 MW ADE
1994 07 20 1505 138.872 -33.829  15.2 3.07 MW ADE
1994 08 10 2037 139.150 -34.161  17.7 3.36 MW ADE
1994 09 12 2123 138.969 -33.032   5.0 2.93 MW ADE
1994 11 06 2330 138.097 -32.248  15.4 2.93 MW ADE
1994 11 30 1953 138.157 -30.402   5.1 4.15 MW ADE
1995 01 01 1227 136.115 -28.541  10.3 3.28 MW ADE
1995 01 31 0845 136.748 -28.970  11.8 3.14 MW ADE
1995 02 03 0604 136.538 -33.625   4.0 3.14 MW ADE
1995 02 09 0410 139.499 -34.515  15.3 3.36 MW ADE
1995 03 06 1242 135.544 -33.931   6.8 3.21 MW ADE
1995 03 12 1136 138.354 -32.623  10.4 3.14 MW ADE
1995 04 11 1549 138.905 -31.251   5.4 3.21 MW ADE
1995 04 26 0740 138.475 -33.433   6.1 2.93 MW ADE
1995 05 20 2352 138.631 -31.591   9.5 2.93 MW ADE
1995 05 25 1351 136.291 -33.642  12.9 3.07 MW ADE
1995 07 01 1104 135.937 -28.014  10.0 3.28 MW ADE
1995 07 02 1928 135.383 -28.016   0.0 3.66 MW ISC
1995 07 03 2316 135.072 -27.601  10.0 3.28 MW ADE
1995 08 16 1821 138.328 -32.797   9.4 2.93 MW ADE
1995 10 10 0414 138.510 -32.601   5.0 2.93 MW ADE
1995 10 27 1028 137.017 -35.239  15.5 4.15 MW ADE
1995 11 13 0400 138.466 -32.584   7.8 3.98 MW ADE
1995 11 18 1325 138.757 -31.196  19.1 3.14 MW ADE
1995 12 24 1712 138.444 -35.205  19.4 2.93 MW ADE
1996 01 08 1039 145.780 -43.870   0.0 2.99 MW TAU
1996 02 04 2132 136.759 -28.953  10.0 3.00 MW ADE
1996 03 23 1610 138.709 -31.335   9.0 3.21 MW ADE
1996 04 25 2344 138.969 -31.628  13.6 2.93 MW ADE
1996 06 09 0143 135.927 -34.171   9.6 3.59 MW ADE
1996 07 22 1009 138.872 -31.190   6.8 3.59 MW ADE
1996 08 31 0855 138.625 -31.223   3.7 3.14 MW ADE
1996 11 09 1126 139.140 -30.130   0.0 3.07 MW EIDC
1996 11 21 0606 139.183 -31.732  16.8 3.00 MW ADE
1996 11 25 2034 144.342 -40.999   5.0 3.21 MW AUST
1996 12 03 1734 137.973 -29.396   8.1 2.93 MW ADE
1996 12 16 2302 138.983 -33.530  11.1 3.07 MW ADE
1997 02 21 0623 136.343 -33.521   7.9 2.93 MW ADE
1997 02 24 1242 135.177 -27.634   8.1 3.28 MW ADE
1997 03 05 0615 138.979 -33.817  21.7 4.84 MW ADE
1997 04 03 1556 138.598 -31.044  14.1 3.14 MW ADE
1997 05 03 2254 138.616 -33.735   5.0 3.43 MW ADE
1997 07 21 1510 137.769 -32.725  14.0 3.82 MW ADE
1997 07 26 0633 141.430 -31.990   0.0 3.28 MW AUST
1997 08 23 1730 146.285 -41.627  13.5 4.15 MW MEL
1997 09 08 1528 138.544 -32.906  10.3 2.93 MW ADE
1997 11 29 0519 139.341 -33.856   8.1 3.00 MW ADE
1997 12 13 2310 138.793 -32.380   8.7 3.00 MW ADE
1998 01 28 0845 138.598 -32.885   4.6 3.43 MW ADE
1998 01 29 2106 136.898 -34.177   5.1 3.21 MW ADE
1998 02 26 1413 136.621 -33.347  27.7 3.82 MW ADE
1998 03 11 0327 140.452 -36.667  21.0 3.51 MW ADE
1998 05 06 0529 136.867 -34.151  15.2 3.66 MW ADE
1998 06 09 0100 135.769 -28.037  27.1 4.31 MW ADE
1998 07 02 1509 135.013 -33.599  21.3 3.14 MW ADE
1998 07 09 0558 138.253 -33.519  10.2 2.93 MW ADE
1998 07 15 1551 136.873 -34.161  12.3 3.43 MW ADE
1998 07 16 2143 139.778 -35.103  10.5 3.28 MW ADE
1998 09 21 0906 137.438 -29.330  15.8 3.28 MW ADE
1998 09 29 1348 141.356 -31.700  11.0 2.94 MW ADE
1998 10 05 2024 135.880 -33.556  14.1 3.07 MW ADE
1998 11 12 1408 138.931 -35.020  21.8 3.07 MW ADE
1998 11 15 0939 139.400 -34.126  10.0 3.07 MW ADE
1998 11 22 1337 137.667 -29.506  15.9 3.07 MW ADE
1998 12 17 0617 138.206 -32.917  11.2 3.07 MW ADE
1998 12 17 2354 138.371 -32.382   8.4 3.21 MW ADE
1999 01 22 1515 139.078 -33.795  20.7 3.59 MW ADE
1999 01 26 0536 139.329 -33.928  23.0 3.36 MW ADE
1999 02 01 0423 136.814 -28.400  25.5 3.14 MW ADE
1999 02 07 0745 138.996 -33.793   0.2 2.93 MW ADE
1999 02 26 0008 136.420 -27.827   7.2 3.14 MW ADE
1999 03 17 0721 138.845 -30.969   2.4 3.28 MW ADE
1999 03 29 1041 138.849 -32.623   3.2 3.07 MW ADE
1999 04 20 0146 138.766 -33.128   9.2 3.14 MW ADE
1999 05 10 0351 138.576 -31.730  14.7 2.93 MW ADE
1999 08 06 0033 138.325 -31.860  18.8 3.28 MW ADE
1999 08 06 0821 138.276 -32.836  16.9 3.21 MW ADE
1999 08 18 1101 138.464 -33.274  19.5 4.23 MW ADE
1999 09 02 0016 138.326 -32.313  12.7 3.36 MW ADE
1999 09 06 0837 138.400 -31.875  11.1 3.36 MW ADE
1999 09 24 2058 139.341 -34.354   9.2 3.00 MW ADE
1999 10 17 1311 139.075 -30.445  12.4 2.93 MW ADE
1999 10 31 1236 138.572 -32.407   5.2 3.59 MW ADE
1999 11 06 0828 137.246 -34.763  13.8 2.93 MW ADE
1999 11 15 0316 137.328 -35.433  12.4 3.43 MW ADE
1999 12 31 0848 139.366 -33.163   6.0 3.00 MW ADE
2000 01 26 0834 137.188 -29.139   6.5 3.07 MW ADE
2000 01 27 0521 146.395 -43.054  12.0 3.59 MW AGSO
2000 03 11 0329 138.443 -33.727  21.8 3.14 MW ADE
2000 03 27 0548 137.455 -29.344  12.0 3.74 MW ADE
2000 04 01 0801 138.391 -31.851   7.6 3.07 MW ADE
2000 04 03 1109 134.790 -35.087  14.1 3.21 MW ADE
2000 06 27 0312 136.873 -34.170   8.2 3.21 MW ADE
2000 07 12 2121 138.534 -32.596  13.8 3.14 MW ADE
2000 07 21 0611 137.200 -29.105  10.0 2.93 MW ADE
2000 07 24 0337 139.320 -29.445  16.2 2.97 MW ADE
2000 09 07 2359 136.889 -34.169   9.0 3.28 MW ADE
2000 10 01 0623 137.683 -29.782  12.1 3.59 MW ADE
2000 10 12 2322 138.777 -31.641  23.8 3.00 MW ADE
2000 12 01 1654 144.935 -40.663   0.0 3.08 MW AGSO
2001 01 19 0115 136.853 -34.176   9.0 3.28 MW ADE
2001 01 29 0831 138.444 -30.972  11.6 3.14 MW ADE
2001 03 12 0716 135.708 -34.032   9.1 2.93 MW ADE
2001 03 29 0600 138.757 -29.607  33.0 3.06 MW ISC
2001 03 29 1853 135.364 -27.071  20.6 3.36 MW ADE
2001 04 04 1417 138.949 -33.149   7.6 3.07 MW ADE
2001 04 12 0727 138.271 -33.210  15.9 3.36 MW ADE
2001 04 30 1504 145.560 -42.068  10.0 2.98 MW MEL
2001 05 09 0218 138.618 -33.669  22.7 3.07 MW ADE
2001 05 09 0232 137.330 -35.323  17.4 3.36 MW ADE
2001 06 03 0652 146.081 -43.979  10.0 3.03 MW MEL
2001 07 16 0143 146.331 -42.819  10.0 3.00 MW MEL
2001 09 06 1843 135.860 -35.413   8.7 3.07 MW ADE
2001 09 08 1031 133.529 -34.272   7.2 3.21 MW ADE
2001 11 08 1050 138.172 -34.846  22.1 3.14 MW ADE
2001 11 22 1629 138.702 -31.453  19.5 3.59 MW ADE
2001 12 06 1731 138.448 -31.921  13.9 3.28 MW ADE
2002 01 19 0115 136.857 -34.176   8.8 3.22 MW ADE
2002 02 07 1248 143.866 -40.814  10.0 4.40 MW MEL
2002 02 24 1829 138.570 -31.499  10.5 2.91 MW ADE
2002 05 04 1847 138.745 -31.751  17.4 3.04 MW ADE
2002 05 10 1142 135.887 -33.509   2.1 2.97 MW ADE
2002 06 15 2118 147.331 -42.162  13.7 4.23 MW MEL
2002 08 01 1858 138.730 -32.289  11.8 3.15 MW ADE
2002 08 21 1322 138.696 -33.741   8.9 3.06 MW ADE
2002 09 20 0113 145.617 -41.347   5.2 2.97 MW MEL
2002 09 29 0613 138.161 -32.528  18.4 2.95 MW ADE
2002 10 03 0729 144.274 -40.971   3.7 3.15 MW MEL
2002 10 03 1815 138.452 -31.935  13.8 3.34 MW ADE
2002 11 23 1326 138.374 -30.747   9.0 3.13 MW ADE
2002 12 28 0924 135.819 -35.248  10.1 3.23 MW ADE
2002 12 30 1801 138.613 -33.101   8.7 3.00 MW ADE
2003 01 02 2312 137.396 -35.683   5.0 2.91 MW ADE
2003 01 17 1948 135.542 -34.704  13.5 2.94 MW ADE
2003 02 01 0849 136.832 -33.427  32.5 3.43 MW ADE
2003 02 08 2231 138.417 -32.571  14.6 2.95 MW ADE
2003 03 27 1440 133.274 -33.780  24.1 3.59 MW ADE
2003 04 25 0338 138.113 -32.091   9.2 2.93 MW ADE
2003 05 02 1441 137.986 -33.878  19.2 3.13 MW ADE
2003 05 11 0305 135.095 -27.857   2.4 3.82 MW ADE
2003 05 17 0452 139.037 -32.982   1.4 3.00 MW ADE
2003 05 27 1023 135.607 -35.217   8.8 3.28 MW ADE
2003 06 14 0138 146.373 -43.333  10.0 2.98 MW MEL
2003 07 07 2141 138.540 -31.085  24.2 3.06 MW ADE
2003 08 13 1419 138.391 -33.193  16.2 2.99 MW ADE
2003 08 29 0421 138.322 -32.808  18.4 3.09 MW ADE
2003 09 22 0849 138.390 -35.565  12.2 2.94 MW ADE
2003 10 20 0201 137.408 -29.385  17.2 3.26 MW ADE
2003 11 22 1836 138.729 -31.645  15.8 4.15 MW ADE
2003 12 03 0003 135.737 -34.191   5.0 3.18 MW ADE
2003 12 20 1334 141.456 -37.639   8.7 2.97 MW ADE
2004 04 04 1150 138.151 -33.002  10.8 3.08 MW ADE
2004 04 04 1510 138.273 -32.126  16.4 3.14 MW ADE
2004 04 15 0554 138.756 -31.980  16.0 3.59 MW ADE
2004 05 23 1835 139.174 -34.345  15.4 3.30 MW ADE
2004 06 13 1015 138.257 -32.303  15.5 3.01 MW ADE
2004 07 30 2146 138.459 -31.122   8.3 3.21 MW ADE
2004 08 16 1945 138.567 -31.109  20.4 3.21 MW ADE
2004 08 17 0906 137.978 -30.136  13.6 3.05 MW ADE
2004 11 08 0732 138.933 -32.412  14.0 2.99 MW ADE
2004 11 18 2331 146.111 -41.741  15.4 4.39 MW MEL
2004 11 23 1335 138.105 -32.396  16.7 3.30 MW ADE
2004 11 25 0559 137.477 -35.654  32.5 3.04 MW ADE
2004 12 08 1706 138.320 -32.387  13.4 2.94 MW ADE
2004 12 13 1848 138.718 -32.361   9.4 3.29 MW ADE
2004 12 27 0337 136.859 -33.362  19.0 3.07 MW ADE
2005 01 06 2031 136.947 -33.427  15.4 2.93 MW ADE
2005 01 12 2253 138.574 -33.097   7.4 3.00 MW ADE
2005 01 19 0529 138.332 -30.894  12.0 2.93 MW ADE
2005 01 28 1024 147.028 -41.675  13.8 2.91 MW MEL
2005 02 20 0815 141.407 -31.737   0.0 3.02 MW IDC
2005 03 03 1056 139.088 -30.784  10.0 3.98 MW ISC
2005 03 04 0038 139.712 -30.788   7.3 3.33 MW ADE
2005 04 06 0609 138.149 -32.309   9.1 3.01 MW ADE
2005 05 14 1333 136.741 -28.687  26.1 3.82 MW ADE
2005 05 14 1953 139.106 -30.987  19.7 4.40 MW ADE
2005 06 08 2100 139.993 -32.891   5.5 3.43 MW ADE
2005 06 16 0429 135.561 -34.138   9.3 3.66 MW ADE
2005 06 24 0402 145.130 -40.840  10.0 2.91 MW MEL
2005 07 12 0757 138.578 -31.558  12.9 3.10 MW ADE
2005 08 16 0733 139.371 -34.119  15.2 3.07 MW ADE
2005 08 24 0337 138.738 -32.322   8.4 3.36 MW ADE
2005 09 04 0311 137.511 -29.604   4.6 2.93 MW ADE
2005 09 18 1036 138.593 -32.739  10.3 3.24 MW ADE
2005 09 25 0940 144.454 -41.323  10.0 3.56 MW MEL
2005 10 14 0533 138.881 -33.700  12.5 3.05 MW ADE
2005 12 12 0016 146.089 -42.712  10.0 3.18 MW MEL
2006 01 08 2202 139.164 -31.670  10.4 3.25 MW ADE
2006 01 20 0042 135.801 -34.095   9.5 2.91 MW ADE
2006 01 22 0049 135.890 -28.087   3.3 3.04 MW ADE
2006 01 25 1158 135.562 -34.157   4.4 3.66 MW ADE
2006 02 09 0416 138.239 -32.856  13.2 3.59 MW ADE
2006 02 16 1524 138.325 -31.172  11.5 2.96 MW ADE
2006 02 18 1716 138.573 -32.804  16.5 3.02 MW ADE
2006 03 11 1035 136.649 -35.847  11.7 3.59 MW ADE
2006 04 04 1006 138.754 -33.430  10.0 3.43 MW ADE
2006 05 03 1345 138.383 -30.708   3.4 3.13 MW ADE
2006 05 13 0104 135.595 -27.709  10.0 4.23 MW ISC
2006 05 14 0434 139.241 -33.565  14.0 3.12 MW ADE
2006 06 15 0801 139.173 -32.121  11.0 3.82 MW ADE
2006 06 15 2218 147.049 -43.353  10.0 2.99 MW MEL
2006 07 07 2348 138.672 -31.391  20.2 3.98 MW ADE
2006 07 15 1448 138.763 -32.988   4.3 3.01 MW ADE
2006 07 17 0645 136.913 -34.175   4.4 3.51 MW ADE
2006 07 17 1148 139.579 -35.127  11.1 3.02 MW ADE
2006 07 27 1038 139.231 -31.265  10.0 3.90 MW ADE
2006 08 12 0220 138.061 -32.816  12.3 3.59 MW ADE
2006 08 12 2313 136.023 -28.239  18.1 2.98 MW ADE
2006 09 13 1439 146.580 -41.631  10.0 3.20 MW MEL
2006 10 04 1500 135.638 -34.171  10.1 3.25 MW ADE
2006 10 05 2124 143.700 -40.568   3.0 3.21 MW AUST
2006 11 06 1255 138.700 -31.380  11.7 2.91 MW ADE
2007 01 01 1418 138.587 -31.057  20.6 2.93 MW ADE
2007 01 07 1357 143.427 -40.646  10.0 3.68 MW MEL
2007 01 20 0457 145.376 -42.857  10.0 2.98 MW MEL
2007 01 28 2031 138.628 -30.801  14.7 3.36 MW ADE
2007 01 29 1154 145.088 -41.157  10.0 3.04 MW MEL
2007 03 28 0423 136.115 -28.281   8.5 3.05 MW ADE
2007 06 05 1039 135.613 -28.175  10.0 2.98 MW ADE
2007 07 08 1817 138.105 -35.602  12.0 3.01 MW ADE
2007 07 08 2035 138.390 -33.071  15.1 3.22 MW ADE
2007 08 02 0614 140.070 -29.264   0.0 2.91 MW IDC
2007 08 06 2132 138.100 -29.527   0.0 3.14 MW IDC
2007 08 24 1619 144.551 -41.128  10.0 3.03 MW MEL
2007 08 30 2232 135.998 -28.050   0.0 3.14 MW IDC
2007 09 06 0045 145.560 -42.057   3.8 2.91 MW MEL
2007 09 08 1029 144.872 -40.548  10.0 3.82 MW MEL
2007 09 16 2318 138.581 -31.367  34.0 4.19 MW ADE
2007 09 19 0711 138.260 -32.800  13.7 3.15 MW ADE
2007 10 06 0239 136.438 -35.953   7.3 3.63 MW ADE
2007 10 21 1403 137.815 -30.092   9.9 2.95 MW ADE
2007 10 30 1226 138.471 -33.373  12.3 3.35 MW ADE
2007 10 31 1018 136.869 -28.972  24.8 3.13 MW ADE
2007 12 12 0837 144.688 -40.370  10.0 3.58 MW MEL
2007 12 26 1536 138.363 -32.077  15.6 4.57 MW ADE
2007 12 30 0749 139.066 -31.547   7.8 2.92 MW ADE
2008 01 23 1936 138.672 -33.139   9.6 2.93 MW ADE
2008 02 12 0012 138.332 -32.919   5.5 3.16 MW ADE
2008 03 23 2000 138.248 -33.468  16.1 3.59 MW ADE
2008 03 25 0222 143.829 -40.201  10.0 3.12 MW MEL
2008 03 25 0656 144.324 -40.389  10.0 3.11 MW MEL
2008 04 08 1233 138.653 -31.437  13.5 2.92 MW ADE
2008 04 30 2111 141.585 -30.255  23.9 3.35 MW ADE
2008 05 12 1944 138.362 -32.866  12.6 3.30 MW ADE
2008 05 29 0535 138.814 -31.814  11.8 3.13 MW ADE
2008 05 29 1005 138.520 -31.667   7.2 2.92 MW ADE
2008 06 25 2034 138.629 -31.604  12.8 2.91 MW ADE
2008 07 01 0650 138.691 -33.079   5.3 3.29 MW ADE
2008 07 20 1908 135.818 -28.268  10.0 2.99 MW ADE
2008 07 25 1126 138.110 -30.199  11.6 3.25 MW ADE
2008 07 27 0734 138.290 -32.701  16.7 3.23 MW ADE
2008 08 07 2354 137.597 -34.159  12.2 2.98 MW ADE
2008 10 02 0514 135.231 -33.792  28.1 3.24 MW ADE
2008 10 07 1238 138.634 -32.078  11.2 3.22 MW ADE
2008 10 18 0202 138.781 -32.933   8.3 3.30 MW ADE
2008 10 23 1152 140.790 -32.520  13.5 3.98 MW ADE
2008 11 16 0202 138.751 -31.478  16.6 4.15 MW ADE
2008 11 26 1353 138.763 -31.649  18.9 2.91 MW ADE
2008 11 29 2141 145.983 -42.517   8.0 3.66 MW MEL
2008 12 04 1635 138.414 -33.401  11.4 3.28 MW ADE
2008 12 25 1109 138.619 -31.486  17.5 3.05 MW ADE
2008 12 28 1402 138.231 -32.696  11.9 3.23 MW ADE
2008 12 31 1139 138.495 -31.722  16.0 2.99 MW ADE
2009 01 02 1251 138.921 -33.030   5.7 3.29 MW ADE
2009 01 15 1015 138.399 -32.045  13.8 3.22 MW ADE
2009 01 19 0435 138.933 -31.960  16.7 2.92 MW ADE
2009 01 26 0029 138.988 -32.763   8.3 3.90 MW ADE
2009 01 30 0817 138.983 -30.977  17.7 3.15 MW ADE
2009 02 18 0325 138.415 -32.163  21.0 3.29 MW ADE
2009 02 27 1713 138.009 -29.488  38.0 3.01 MW ADE
2009 03 04 2320 138.170 -32.672  20.4 3.59 MW ADE
2009 03 05 2013 138.604 -31.482  11.9 3.34 MW ADE
2009 03 10 1011 144.496 -41.021  10.0 3.17 MW MEL
2009 03 14 1309 136.032 -28.391  28.4 3.06 MW ADE
2009 03 31 1503 145.007 -41.010  10.0 2.91 MW MEL
2009 04 04 1240 133.943 -33.593   8.7 3.90 MW ADE
2009 04 07 0728 135.769 -35.351   9.9 2.95 MW ADE
2009 04 14 0140 135.762 -27.990  10.3 3.74 MW ADE
2009 05 29 1445 138.189 -31.070   9.9 3.74 MW ADE
2009 07 09 2216 138.564 -34.188  10.1 2.93 MW ADE
2009 07 26 2013 138.270 -32.084  10.0 2.94 MW ADE
2009 08 15 1954 138.765 -31.774  19.9 3.43 MW ADE
2009 08 20 1157 135.676 -34.113   6.7 3.04 MW ADE
2009 09 20 2058 136.101 -27.550  17.4 3.51 MW ADE
2009 10 16 0224 133.119 -34.419  32.3 4.15 MW ADE
2009 10 26 2241 139.070 -32.719   1.8 3.59 MW ADE
2009 11 03 0604 138.278 -35.375  10.3 3.39 MW ADE
2009 11 17 1227 136.415 -27.935  33.0 3.14 MW ADE
2009 11 26 1238 138.331 -33.571   9.7 3.28 MW ADE
2009 12 19 1605 138.793 -34.238  10.4 3.01 MW ADE
2010 04 16 1357 138.880 -35.109  26.4 3.82 MW ADE
2010 05 27 1108 139.476 -33.992  15.0 3.00 MW ADE
2010 06 05 2147 136.719 -33.589  22.4 4.66 MW ADE
2010 06 22 2041 138.537 -32.641  13.5 3.09 MW ADE
2010 06 28 1905 146.703 -41.786  10.0 3.06 MW MEL
2010 07 15 1826 138.694 -31.698  18.9 3.62 MW ADE
2010 07 28 0346 139.166 -31.498   9.6 3.03 MW ADE
2010 07 30 2129 138.149 -32.253  19.1 3.78 MW ADE
2010 08 11 2112 145.827 -43.180  11.8 3.61 MW MEL
2010 10 08 1053 138.537 -33.731  13.2 3.28 MW ADE
2010 10 10 0230 139.852 -32.913   5.4 4.06 MW ADE
2010 10 23 0340 135.957 -34.040   3.7 3.21 MW ADE
2010 11 13 1936 138.753 -31.429  12.3 3.04 MW ADE
2010 11 18 0400 137.379 -35.423  11.9 3.06 MW ADE
2010 11 29 2008 139.564 -32.120   8.6 3.85 MW ADE
2010 12 03 0040 135.964 -34.066   5.8 2.99 MW ADE
2010 12 05 0828 141.489 -31.930  13.1 2.99 MW ISC
2011 01 04 1640 135.653 -34.104  10.7 3.56 MW ADE
2011 01 04 1755 146.484 -43.776  10.0 3.41 MW MEL
2011 01 15 0038 136.497 -33.586  27.3 3.88 MW ADE
2011 01 17 1929 144.633 -40.394  10.0 2.99 MW MEL
2011 01 30 2000 144.727 -40.934  10.0 2.96 MW MEL
2011 02 13 1448 138.699 -33.202   8.2 3.07 MW ADE
2011 02 20 1530 138.436 -32.571  10.9 3.53 MW ADE
2011 03 01 0526 138.542 -29.913   0.0 3.07 MW IDC
2011 03 02 2302 135.988 -34.032   6.9 3.06 MW ADE
2011 03 26 1922 135.777 -27.828  36.0 3.22 MW ADE
2011 03 27 1130 138.511 -33.175  13.3 3.28 MW ADE
2011 04 12 1029 145.531 -42.243  12.3 3.48 MW MEL
2011 04 22 1518 139.328 -33.191   4.6 2.97 MW ADE
2011 04 23 0222 138.889 -31.249  12.4 3.07 MW ADE
2011 04 29 2226 144.970 -40.709  13.9 3.55 MW MEL
2011 05 04 1229 137.908 -32.287  11.4 3.43 MW ADE
2011 05 16 0330 139.035 -31.570  18.5 3.17 MW ADE
2011 05 18 2041 138.850 -30.855  10.5 3.55 MW ADE
2011 05 24 1027 139.331 -33.182   6.5 3.71 MW ADE
2011 05 25 2205 138.848 -32.349   4.3 3.36 MW ADE
2011 06 29 0616 138.675 -30.100   0.0 3.00 MW IDC
2011 06 30 0615 138.459 -30.256   0.0 3.14 MW IDC
2011 07 07 2059 147.123 -42.168  10.0 3.13 MW MEL
2011 07 11 1219 139.746 -30.341  10.0 3.14 MW MEL
2011 07 12 0820 136.188 -28.224   0.0 2.93 MW IDC
2011 07 13 1630 139.721 -29.968   4.0 3.14 MW AUST
2011 07 23 2047 138.816 -32.026  10.1 3.41 MW ADE
2011 08 18 0446 139.788 -37.095  22.2 3.27 MW ADE
2011 08 18 0614 138.615 -30.113   0.0 3.43 MW IDC
2011 08 28 0829 138.305 -32.839  13.3 3.03 MW ADE
2011 08 31 0624 138.596 -30.158   0.0 3.00 MW IDC
2011 09 03 1316 138.547 -30.776  16.0 2.94 MW ADE
2011 09 04 1115 138.693 -33.086   4.0 4.18 MW ADE
2011 09 18 1913 138.193 -32.328  14.0 3.08 MW ADE
2011 09 21 0615 138.326 -30.363   0.0 3.14 MW IDC
2011 09 23 1642 138.559 -32.626   3.4 3.43 MW ADE
2011 10 06 0514 138.394 -30.368   0.0 2.93 MW IDC
2011 10 15 1038 138.799 -32.390   4.7 4.07 MW ADE
2011 10 18 1552 138.637 -35.030  23.4 3.53 MW ADE
2011 10 22 1718 139.518 -32.115   4.0 3.47 MW ADE
2011 11 02 0241 136.730 -33.581   7.4 3.04 MW ADE
2011 11 05 2252 140.454 -37.579  18.3 3.13 MW ADE
2011 11 08 0934 138.176 -29.746  14.1 3.06 MW ADE
2011 11 21 2011 145.523 -42.082   1.0 3.11 MW MEL
2011 12 12 0303 138.726 -33.250   7.3 3.13 MW ADE
2011 12 16 1040 138.136 -35.563  17.1 2.93 MW ADE
2011 12 17 0324 138.458 -32.931  14.7 3.10 MW ADE
2012 01 04 1955 138.765 -32.178  13.0 3.06 MW ADE
2012 01 22 2018 145.550 -42.083   1.4 3.53 MW MEL
2012 02 05 0152 139.574 -33.409  13.5 2.97 MW ADE
2012 02 18 1424 138.417 -29.546  18.8 2.92 MW ADE
2012 02 26 1425 136.011 -34.045   5.2 3.06 MW ADE
2012 03 12 1206 138.278 -33.218  12.6 3.36 MW ADE
2012 03 21 1707 136.098 -28.376   4.9 3.93 MW ADE
2012 03 23 1624 138.722 -33.389   9.4 3.05 MW ADE
2012 04 26 1457 139.008 -31.552  16.5 3.03 MW ADE
2012 05 24 1906 141.738 -31.318  20.9 3.62 MW ADE
2012 06 03 1054 144.665 -41.255   2.0 3.05 MW MEL
2012 06 04 0409 138.436 -33.334  13.4 3.19 MW ADE
2012 06 11 2107 138.558 -32.332  18.1 3.22 MW ADE
2012 06 17 0339 135.512 -27.697  10.0 3.22 MW ADE
2012 06 26 1340 138.564 -31.693  20.7 3.02 MW ADE
2012 06 26 2007 136.980 -33.296  14.8 3.08 MW ADE
2012 07 01 1617 138.768 -31.700  13.6 2.95 MW ADE
2012 07 09 0655 133.780 -33.562  18.3 3.10 MW ADE
2012 07 27 2100 137.541 -35.392  18.7 2.93 MW ADE
2012 08 07 1742 137.539 -35.386  15.2 2.93 MW ADE
2012 08 19 1039 143.939 -40.322  10.0 3.19 MW MEL
2012 08 19 1627 135.472 -27.528   7.7 3.52 MW ADE
2012 08 31 1221 138.449 -32.578   5.3 2.95 MW ADE
2012 09 20 1241 136.372 -33.606   7.7 3.02 MW ADE
2012 09 24 0304 137.842 -35.638  25.2 2.92 MW ADE
2012 10 01 1305 147.171 -43.648  11.2 3.26 MW MEL
2012 10 17 1816 141.900 -30.661  17.9 3.61 MW ADE
2012 11 16 0316 138.448 -33.388  10.5 3.04 MW ADE
2012 12 04 1751 139.233 -30.026  17.3 3.38 MW ADE
2012 12 31 0814 146.186 -43.807  10.0 3.03 MW MEL
2013 01 05 0022 138.539 -33.293  15.7 3.42 MW ADE
2013 01 22 1422 138.749 -33.245   5.4 2.92 MW ADE
2013 02 20 0957 137.357 -35.489  18.8 3.51 MW ADE
2013 03 27 2335 136.957 -33.431   7.2 3.22 MW ADE
2013 04 05 1220 145.556 -42.075   1.0 3.26 MW MEL
2013 04 22 2102 139.056 -33.256   7.6 3.12 MW ADE
2013 05 06 0355 139.183 -34.435  17.0 3.08 MW ADE
2013 06 03 1803 138.637 -31.289  23.5 2.96 MW ADE
2013 06 14 1121 138.676 -31.750  19.5 3.31 MW ADE
2013 06 20 0354 136.816 -29.169  33.0 3.07 MW ADE
2013 06 25 1143 145.549 -42.032  10.0 3.04 MW MEL
2013 06 27 1221 138.278 -33.464  18.5 2.91 MW ADE
2013 07 02 1110 138.135 -30.321  30.9 2.91 MW ADE
2013 07 10 0257 145.334 -41.282  11.0 2.93 MW AUST
2013 07 11 0018 138.571 -31.939  17.3 3.11 MW ADE
2013 07 16 0455 144.587 -41.344  10.0 3.05 MW MEL
2013 07 29 1132 138.619 -31.367  15.1 3.33 MW ADE
2013 08 03 1342 145.851 -43.938  10.0 3.25 MW MEL
2013 08 14 1139 136.749 -33.577  13.7 3.55 MW ADE
2013 10 04 0722 138.622 -31.439  14.0 2.97 MW ADE
2013 10 11 1138 137.161 -29.296  17.8 2.98 MW ADE
2013 10 22 0716 137.550 -29.578  11.2 3.07 MW ADE
2013 10 22 2229 138.523 -33.571  15.8 3.13 MW ADE
2013 10 26 1032 138.618 -30.233  12.8 3.48 MW ADE
2013 10 29 0706 138.578 -32.002   4.1 2.98 MW ADE
2013 11 22 1659 138.303 -31.092  15.5 3.19 MW ADE
2013 12 16 0207 138.553 -31.562  10.9 3.17 MW ADE
2013 12 23 1340 145.492 -42.090   2.0 2.97 MW MEL
2014 01 05 1801 138.685 -31.949  15.7 3.48 MW ADE
2014 01 05 2155 138.611 -34.988   9.7 2.91 MW ADE
2014 01 17 0017 138.146 -33.299  14.2 3.42 MW ADE
2014 01 17 1609 135.277 -27.537  15.8 2.98 MW ADE
2014 01 19 1813 138.306 -33.149  11.9 3.36 MW ADE
2014 01 22 1100 136.555 -28.874  18.2 3.83 MW ADE
2014 01 30 1802 136.749 -29.218   6.6 3.09 MW ADE
2014 02 15 1044 136.456 -33.782   7.2 3.15 MW ADE
2014 03 24 0850 138.231 -32.060  14.9 2.99 MW ADE
2014 03 31 0540 138.251 -32.745  12.5 3.39 MW ADE
2014 04 02 0323 139.000 -33.653  14.7 3.20 MW ADE
2014 04 13 1913 138.410 -31.830   6.9 3.34 MW ADE
2014 04 23 1301 138.437 -33.353  18.5 3.26 MW ADE
2014 04 29 0954 139.559 -32.816   2.8 4.12 MW ADE
2014 05 01 1029 135.891 -34.989  10.9 3.00 MW ADE
2014 06 04 0229 137.615 -29.902   8.6 4.52 MW ADE
2014 06 07 0554 135.116 -27.225  27.4 3.08 MW ADE
2014 06 12 2008 138.296 -32.492  16.2 3.23 MW ADE
2014 06 21 1051 138.310 -32.979  13.1 3.03 MW ADE
2014 07 07 0756 137.461 -36.076  10.0 3.00 MW AUST
2014 07 31 0530 141.564 -31.201  10.0 3.00 MW AUST
2014 08 30 1043 136.466 -33.816   4.4 3.37 MW ADE
2014 08 30 1044 136.466 -33.816   4.4 3.37 MW ADE
2014 09 13 0852 139.103 -33.766  15.1 2.91 MW ADE
2014 09 17 1416 139.023 -33.463   8.7 3.33 MW ADE
2014 09 18 1207 138.242 -32.884  16.6 3.10 MW ADE
2014 09 20 1352 136.668 -33.249  11.1 3.07 MW ADE
2014 10 01 1409 138.388 -33.577  13.2 3.20 MW ADE
2014 12 22 1158 141.822 -31.942  19.2 3.25 MW ADE
2015 01 09 0732 138.265 -33.028  15.5 3.17 MW ADE
2015 01 13 2337 145.155 -41.372  10.1 3.73 MW SRC
2015 01 17 2130 138.670 -32.001  14.9 3.05 MW ADE
2015 04 11 1522 138.542 -33.352  11.8 2.98 MW ADE
2015 04 17 0209 138.574 -31.883  15.7 3.18 MW ADE
2015 04 24 0238 136.156 -28.588   6.9 3.15 MW ADE
2015 05 11 0340 138.159 -32.707  14.2 3.47 MW ADE
2015 05 26 2349 146.652 -42.951  10.0 2.91 MW SRC
2015 05 31 0820 146.499 -43.431  16.5 3.27 MW SRC
2015 06 16 0411 138.658 -31.426  14.7 3.11 MW ADE
2015 06 19 2210 136.722 -33.481  25.6 3.33 MW ADE
2015 06 25 0628 138.580 -32.851   5.3 3.18 MW ADE
2015 07 13 0512 138.630 -32.049  21.6 2.91 MW ADE
2015 07 20 0945 139.169 -32.107  11.6 3.18 MW ADE
2015 07 27 0823 138.713 -31.647  20.2 3.39 MW ADE
2015 08 02 1321 145.452 -41.802   0.0 3.26 MW SRC
2015 08 20 1412 146.417 -43.268  11.3 3.42 MW SRC
2015 09 04 0123 135.114 -27.597  11.2 2.99 MW ADE
2015 09 04 1524 138.174 -32.345  16.6 3.08 MW ADE
2015 11 26 0800 138.701 -30.786  10.0 3.07 MW AUST
2015 12 24 1748 136.855 -33.416  28.6 3.36 MW ADE
2016 01 04 0333 138.935 -32.451   7.3 3.52 MW ADE
2016 02 29 1812 136.698 -28.288  39.8 2.94 MW ADE
2016 03 20 0638 136.824 -28.894  29.0 3.42 MW ADE
2016 03 23 1919 147.318 -42.172  14.0 3.00 MW AUST
2016 05 15 0741 138.655 -31.801  14.0 3.14 MW AUST
2016 05 22 2111 136.289 -33.934  10.0 3.07 MW AUST
2016 05 24 0731 138.761 -31.814  10.0 3.14 MW AUST
2016 05 26 1147 139.161 -31.080  12.0 3.21 MW AUST
2016 05 27 2011 138.272 -33.359   0.0 2.93 MW AUST
2016 05 31 2346 139.232 -33.926   0.0 3.54 MW AUST
2016 06 19 0154 136.468 -35.946   0.0 4.40 MW ADE
2016 07 11 0408 137.656 -29.922  11.0 3.14 MW AUST
2016 07 25 1025 138.302 -33.291   2.0 3.00 MW AUST
2016 08 09 2052 139.123 -29.391  10.0 3.07 MW AUST
2016 10 03 0616 136.825 -35.853  10.0 3.62 MW AUST
2016 10 07 1755 138.542 -33.541  11.0 3.36 MW AUST
2016 10 09 1240 136.119 -28.413  12.0 3.07 MW AUST
2016 10 11 1612 136.492 -28.410  10.0 3.14 MW AUST
2016 10 11 1750 138.749 -31.430  12.0 2.93 MW AUST
2016 10 16 1353 136.599 -28.266  15.0 3.14 MW AUST
2016 10 29 0343 138.747 -30.632  10.0 3.56 MW AUST
2016 10 30 1805 138.344 -32.075  19.0 3.00 MW AUST
2016 10 31 1441 138.259 -31.042   4.0 2.93 MW AUST
2016 11 24 1528 135.454 -27.577  12.0 3.00 MW AUST
2016 11 25 1327 139.305 -33.908   0.0 3.07 MW AUST
2017 01 10 1444 138.153 -32.285  10.0 3.28 MW AUST
2017 01 15 0340 141.493 -31.929  10.0 3.00 MW AUST
2017 01 24 1617 138.541 -31.691  10.0 2.93 MW AUST
2017 01 25 2029 138.624 -33.769  10.0 2.93 MW AUST
2017 01 30 0233 137.632 -34.156  10.0 3.36 MW AUST
2017 02 01 1337 139.258 -35.113  25.2 3.77 MW GG
2017 02 05 1441 138.849 -33.796  10.0 3.00 MW AUST
2017 02 10 0153 138.550 -35.030  13.0 3.14 MW AUST
2017 02 12 2140 138.310 -32.985  10.0 3.00 MW AUST
2017 02 16 0935 135.882 -28.182   0.0 3.05 MW ADE
2017 03 26 0753 135.271 -27.463  10.0 3.55 MW AUST
2017 03 29 0255 136.080 -28.282  10.0 3.57 MW AUST
2017 04 21 1201 140.382 -29.250  10.0 3.07 MW AUST
2017 04 24 0737 138.399 -32.440  10.0 3.65 MW AUST
2017 04 25 0930 138.870 -31.185  10.0 3.28 MW AUST
