1872 08 12 1200 152.000 -26.750 10.0 3.1 MW BRS
1877 02 26 2145 152.800 -27.500 10.0 4.0 MW BRS
1960 11 17 0500 152.830 -27.330 15.0 4.6 MW BRS
1913 05 01 1620 152.500 -27.000 10.0 3.9 MW BRS
1872 08 31 1200 152.100 -26.750 10.0 3.2 MW UQ
1875 09 16 2000 152.500 -27.500 0.0 3.1 MW BMR
1978 03 10 0201 152.499 -27.143 0.0 3.5 MW BRS
1978 05 13 0700 152.626 -27.353 0.0 3.7 MW BRS
1888 08 16 0100 152.700 -27.000 10.0 2.0 MW BRS
1955 02 01 1109 151.800 -26.150 15.0 3.0 MW BRS
1979 10 03 1938 152.679 -27.347 0.0 3.6 MW BRS
1956 03 24 1558 152.700 -26.700 10.0 3.3 MW BRS
1979 10 08 0518 153.063 -27.487 0.0 3.6 MW BRS
1942 08 02 0600 153.050 -27.500 10.0 2.8 MW BRS
1979 10 16 0453 153.190 -27.551 0.0 3.5 MW BRS
1947 07 29 1750 153.200 -27.900 10.0 2.7 MW BRS
1975 11 12 1029 151.900 -25.600 10.0 3.0 MW BRS
1978 01 06 1339 152.862 -27.208 10.0 3.0 MW BRS
1955 04 10 2236 152.200 -26.700 10.0 2.5 MW BRS
1978 04 26 1153 152.390 -27.220 22.0 3.2 MW BRS
1963 07 09 1240 152.000 -26.200 10.0 2.0 MW BRS
1977 04 08 0256 152.655 -27.414 13.0 1.8 MW QDM
1977 04 21 1020 152.833 -27.716 0.0 1.6 MW QDM
1977 04 27 1751 152.621 -27.316 7.0 1.5 MW QDM
1980 09 20 2336 152.851 -27.646 0.0 3.4 MW BRS
1977 04 29 2241 152.824 -27.277 10.0 1.8 MW UQ
1984 01 14 0414 151.853 -26.508 0.3 3.0 MW GSQ
1977 05 15 1907 152.633 -27.436 10.0 1.6 MW QDM
1977 07 04 0903 152.624 -26.431 10.0 2.6 MW BRS
1986 01 08 0955 152.526 -27.076 8.7 3.3 MW GSQ
1977 09 03 1649 152.734 -27.587 8.0 1.8 MW QDM
1977 09 14 2132 152.653 -27.420 10.0 1.8 MW QDM
1977 09 30 0503 152.023 -26.284 8.0 2.2 MW BRS
1977 10 03 0503 152.629 -27.294 8.0 1.9 MW QDM
1977 11 13 1514 152.511 -27.137 6.0 1.8 MW QDM
1977 11 14 1809 152.915 -27.308 0.0 1.6 MW QDM
1977 11 28 1258 152.155 -26.913 7.0 1.7 MW QDM
1977 12 05 1507 153.060 -27.483 10.0 1.5 MW QDM
1977 12 10 0144 152.554 -27.214 5.0 2.1 MW BRS
1978 01 07 1643 151.922 -26.355 2.0 1.7 MW QDM
1978 01 09 1413 152.700 -27.200 10.0 2.4 MW BRS
1978 01 10 1617 152.843 -27.682 14.0 1.9 MW QDM
1978 02 13 1151 152.649 -27.406 11.0 1.8 MW QDM
1978 03 06 1715 152.645 -27.430 5.0 1.5 MW QDM
1978 03 23 1626 152.960 -27.804 7.0 1.5 MW QDM
1978 03 29 1025 152.588 -27.237 8.0 2.3 MW BRS
1978 04 18 0802 152.529 -27.148 10.0 1.6 MW QDM
1978 04 19 1349 152.645 -27.420 12.6 2.2 MW BRS
1978 04 29 1250 151.270 -26.078 1.0 2.5 MW GSQ
1978 05 24 1809 152.366 -27.131 7.0 2.6 MW BRS
1978 06 07 2044 152.567 -27.215 12.0 2.1 MW BRS
1978 06 09 1311 152.857 -27.654 2.2 2.0 MW BRS
1978 08 17 0435 152.681 -26.751 2.0 1.6 MW QDM
1978 09 18 0459 151.905 -26.942 2.5 2.1 MW GSQ
1978 09 26 1441 152.255 -26.676 7.6 2.3 MW GSQ
1978 10 27 1251 152.898 -27.428 9.0 2.4 MW QDM
1978 10 27 1449 152.853 -27.688 0.0 1.7 MW QDM
1979 01 03 0631 152.777 -27.151 10.0 2.3 MW UQ
1979 06 08 0516 152.664 -27.262 1.0 1.5 MW QDM
1979 07 01 1423 152.524 -26.328 7.0 1.6 MW QDM
1979 08 18 0804 151.767 -26.289 5.6 2.0 MW GSQ
1979 10 17 0537 152.823 -27.175 1.0 1.8 MW QDM
1979 10 20 1301 152.621 -27.205 0.0 2.1 MW QDM
1979 11 19 1640 152.500 -27.100 10.0 1.8 MW UQ
1979 12 04 1931 152.877 -27.178 10.0 1.8 MW QDM
1980 03 06 1717 151.863 -26.083 1.6 2.2 MW GSQ
1980 05 27 1214 152.576 -27.102 10.0 1.4 MW QDM
1980 06 07 1230 152.156 -26.540 5.0 2.0 MW GSQ
1980 09 01 0244 153.045 -27.892 0.0 2.1 MW GSQ
1980 09 19 0443 152.648 -27.375 10.0 2.0 MW UQ
1980 11 25 0003 152.112 -26.442 10.1 2.2 MW GSQ
1980 12 14 1732 152.019 -25.554 3.4 2.0 MW GSQ
1981 01 03 1849 151.500 -25.987 7.0 2.7 MW GSQ
1981 01 12 1212 152.650 -27.400 10.0 1.7 MW UQ
1981 01 19 0915 152.500 -27.100 10.0 1.6 MW UQ
1981 01 24 0958 152.650 -27.400 10.0 1.8 MW UQ
1981 01 30 1149 151.987 -26.253 3.2 2.1 MW BRS
1981 02 17 1156 152.317 -26.663 8.0 1.6 MW QDM
1981 03 01 2129 152.291 -26.630 10.0 2.0 MW UQ
1981 03 14 0740 152.500 -27.100 10.0 1.5 MW UQ
1981 04 12 0805 151.696 -25.772 10.0 2.5 MW BRS
1981 04 20 1513 152.738 -27.631 8.0 1.9 MW BRS
1981 05 24 0400 151.985 -26.288 10.4 2.3 MW GSQ
1981 05 25 0020 152.500 -27.200 10.0 1.7 MW UQ
1981 06 08 0633 152.860 -27.654 15.5 2.2 MW BRS
1981 07 24 1505 152.300 -27.100 10.0 1.6 MW UQ
1981 08 02 0530 151.937 -26.060 6.0 2.5 MW BRS
1981 09 04 0747 151.446 -25.967 2.0 2.2 MW UQ
1981 09 19 1056 152.550 -27.100 10.0 1.4 MW UQ
1981 09 22 0521 152.550 -27.100 10.0 1.4 MW UQ
1981 10 02 1132 152.500 -27.200 10.0 1.6 MW UQ
1981 10 06 0629 151.828 -26.020 17.0 2.0 MW BRS
1981 10 15 0705 152.619 -27.391 8.0 1.8 MW QDM
1982 02 03 0910 151.444 -26.112 0.0 1.8 MW GSQ
1982 03 31 0424 151.920 -25.990 6.0 2.2 MW BRS
1982 04 01 1548 151.817 -26.114 5.0 2.3 MW BRS
1982 04 22 0653 152.607 -27.411 10.0 2.6 MW BRS
1982 05 08 0100 152.400 -27.000 10.0 1.3 MW UQ
1982 09 11 0138 152.250 -26.750 10.0 1.8 MW UQ
1982 09 13 2124 152.515 -27.156 10.0 2.0 MW BRS
1982 10 02 0124 152.551 -27.070 8.0 1.5 MW QDM
1982 11 13 0822 151.446 -26.022 1.0 2.7 MW BRS
1983 01 17 1724 152.300 -27.100 10.0 1.2 MW UQ
1983 01 22 0328 152.924 -27.445 6.0 1.6 MW QDM
1983 04 06 1137 152.300 -26.800 10.0 1.6 MW UQ
1983 06 27 2320 151.827 -26.112 5.0 2.5 MW BRS
1983 07 31 0250 152.473 -26.287 9.0 2.1 MW GSQ
1983 08 28 1656 152.229 -26.880 2.0 1.6 MW QDM
1983 12 23 0211 151.444 -26.112 0.0 1.9 MW GSQ
1984 01 20 1737 152.400 -27.000 10.0 1.3 MW UQ
1984 04 10 1812 152.400 -27.000 10.0 1.3 MW UQ
1984 06 29 1022 152.242 -26.840 10.0 2.3 MW BRS
1984 09 10 2229 151.380 -26.165 0.0 1.9 MW BRS
1984 09 11 0509 152.116 -26.157 5.0 1.8 MW QDM
1984 09 12 0325 152.083 -26.626 10.6 2.1 MW BRS
1984 12 01 0239 152.810 -27.268 9.0 1.6 MW QDM
1985 01 16 1047 151.673 -26.315 0.0 1.6 MW QDM
1985 01 17 1659 152.958 -27.811 4.0 1.4 MW QDM
1985 01 22 0717 152.498 -27.062 7.0 1.4 MW QDM
1985 02 19 1513 152.424 -26.313 4.0 1.7 MW QDM
1985 02 27 2003 152.165 -25.672 5.1 1.9 MW GSQ
1985 03 08 1220 151.584 -26.284 0.0 2.1 MW BRS
1985 03 30 1614 151.317 -26.202 14.0 1.8 MW QDM
1985 04 21 2058 152.100 -26.649 7.6 1.9 MW BRS
1985 04 24 0438 152.099 -26.195 0.0 1.9 MW BRS
1985 05 18 0202 151.970 -26.319 9.8 2.3 MW GSQ
1985 06 15 1755 151.971 -26.368 6.0 2.4 MW GSQ
1986 02 01 2118 152.512 -27.111 6.0 1.3 MW QDM
1986 02 05 1258 151.620 -26.147 11.0 2.7 MW GSQ
1986 03 03 1436 152.361 -26.842 8.8 2.1 MW BRS
1986 04 15 2119 152.516 -27.141 6.0 1.6 MW QDM
1986 05 03 1608 152.835 -27.278 9.0 1.6 MW QDM
1986 05 09 1538 152.497 -27.154 8.0 1.5 MW QDM
1986 05 19 0046 152.816 -27.276 10.5 2.9 MW GSQ
1986 06 21 1026 152.090 -26.735 9.9 2.1 MW BRS
1986 08 18 1133 151.444 -26.112 0.0 2.0 MW BRS
1986 08 26 1951 152.802 -27.252 8.4 2.0 MW BRS
1986 08 27 0620 152.186 -26.736 10.0 2.0 MW BRS
1986 09 07 1938 152.139 -26.767 7.4 2.1 MW BRS
1986 09 28 2001 152.211 -26.682 10.0 2.6 MW GSQ
1986 11 16 2103 152.555 -27.070 9.0 1.4 MW QDM
1986 12 12 0007 152.451 -27.258 0.0 1.4 MW QDM
1987 01 01 2148 152.525 -27.031 9.0 1.4 MW QDM
1987 01 22 0123 151.628 -26.031 1.3 2.8 MW GSQ
1987 03 05 0341 151.944 -25.983 6.6 1.9 MW BRS
1987 04 01 0729 151.444 -26.112 10.0 1.6 MW QDM
1987 05 03 0629 151.444 -26.112 0.0 1.9 MW GSQ
1987 05 28 0932 151.876 -26.110 6.8 2.3 MW GSQ
1987 06 06 1423 152.721 -26.589 8.0 1.7 MW QDM
1987 06 12 2103 152.031 -26.033 8.4 2.0 MW GSQ
1987 07 27 1157 152.349 -27.158 8.0 1.5 MW QDM
1987 09 01 2006 152.491 -26.553 8.6 2.5 MW GSQ
1987 10 18 1242 152.485 -26.420 10.0 1.7 MW QDM
1987 11 03 2041 152.508 -27.084 7.0 1.4 MW QDM
1987 11 15 1745 152.357 -26.856 10.0 1.5 MW QDM
1987 12 13 0302 151.424 -26.047 9.1 2.1 MW BRS
1988 02 13 2052 151.444 -26.112 0.0 1.9 MW BRS
1988 03 29 2012 152.392 -26.436 6.0 1.9 MW QDM
1988 04 30 0024 151.444 -26.112 0.0 1.9 MW BRS
1988 05 23 1450 152.574 -27.086 9.0 1.5 MW QDM
1988 08 20 0628 151.444 -26.112 0.0 2.8 MW BRS
1988 09 12 1534 151.444 -26.112 0.0 2.2 MW BRS
1988 12 06 0724 152.393 -26.432 5.0 2.9 MW BMR
1989 01 09 1959 151.444 -26.112 0.0 2.0 MW GSQ
1989 02 16 1902 151.993 -25.508 8.7 2.0 MW GSQ
1989 07 19 2257 152.542 -27.207 8.0 1.6 MW QDM
1989 10 07 1942 152.217 -27.282 10.0 1.4 MW QDM
1989 11 08 2009 152.511 -27.163 6.0 1.6 MW QDM
1989 12 04 2342 152.327 -26.909 8.0 1.5 MW QDM
1990 01 29 0146 152.305 -26.384 1.1 2.1 MW BRS
1990 03 05 0109 152.843 -27.534 19.1 1.9 MW BRS
1990 04 04 0240 152.542 -27.124 16.0 1.6 MW QDM
1990 05 07 2026 152.815 -27.557 18.0 1.4 MW QDM
1990 06 03 0628 152.521 -27.313 5.0 1.3 MW QDM
1990 06 04 2322 152.525 -27.319 6.0 1.4 MW QDM
1990 06 28 0248 151.474 -26.132 10.0 2.5 MW GSQ
1990 07 05 1133 152.122 -26.228 8.4 1.9 MW GSQ
1990 07 22 1138 152.817 -27.313 0.0 1.3 MW QDM
1990 08 26 0216 152.849 -27.301 1.0 1.7 MW QDM
1991 05 24 0410 152.647 -26.882 0.2 2.0 MW BRS
1991 06 21 2237 152.878 -27.503 7.0 1.5 MW QDM
1991 07 11 0702 151.440 -26.112 0.0 2.0 MW BRS
1991 09 07 0636 152.203 -26.705 11.0 2.5 MW BRS
1991 10 20 1044 151.664 -26.195 4.0 1.7 MW QDM
1991 10 24 0257 152.587 -27.370 0.0 1.4 MW QDM
1991 12 10 1252 152.550 -27.115 0.0 1.3 MW QDM
1991 12 29 2021 152.651 -27.090 17.0 1.8 MW QDM
1992 01 08 1846 152.661 -26.508 2.0 1.7 MW QDM
1992 01 11 2131 151.717 -26.047 7.0 2.8 MW BRS
1992 02 02 1228 151.444 -26.112 0.0 1.9 MW BRS
1992 02 23 1042 152.488 -27.053 8.0 1.6 MW QDM
1992 03 03 0335 152.400 -26.290 9.5 2.7 MW GSQ
1992 03 03 0840 152.558 -26.891 8.0 1.5 MW QDM
1992 03 31 0121 151.444 -26.112 0.0 2.2 MW BRS
1992 05 24 1104 152.527 -27.085 13.0 1.4 MW QDM
1992 07 09 0147 151.855 -26.304 5.0 1.7 MW QDM
1992 07 09 0854 151.444 -26.112 0.0 2.1 MW BRS
1992 07 14 0717 151.444 -26.112 0.0 2.6 MW BRS
1992 07 17 1210 151.942 -26.481 10.0 2.3 MW BRS
1992 07 21 0634 152.708 -27.086 0.0 1.4 MW QDM
1992 07 22 1444 152.669 -26.794 10.0 1.4 MW QDM
1992 08 03 0044 151.444 -26.112 0.0 1.9 MW BRS
1992 08 08 0820 151.444 -26.112 0.0 2.5 MW BRS
1992 09 21 0833 151.868 -25.855 8.0 2.2 MW BRS
1992 09 24 1908 151.938 -25.570 8.0 1.7 MW QDM
1992 09 25 0501 152.021 -25.565 8.0 2.2 MW GSQ
1992 10 03 0740 151.808 -25.793 0.0 1.9 MW BRS
1992 10 04 0301 151.810 -26.714 7.6 2.1 MW BRS
1992 12 10 0138 152.691 -27.080 0.0 1.3 MW UQ
1992 12 31 0844 151.444 -26.112 0.0 2.1 MW BRS
1993 01 03 0851 152.426 -26.932 5.2 2.2 MW BRS
1993 01 14 1927 152.404 -26.572 10.0 1.8 MW UQ
1993 01 14 1927 152.430 -26.604 4.0 1.8 MW UQ
1993 02 17 0949 151.444 -26.112 0.0 1.9 MW BRS
1993 03 17 1626 151.444 -26.112 0.0 1.9 MW BRS
1993 05 17 1002 151.930 -26.349 6.8 2.1 MW BRS
1993 05 31 0455 152.550 -27.115 0.0 2.0 MW BRS
1993 06 03 1146 151.329 -26.283 11.9 2.4 MW BRS
1993 07 21 0641 151.449 -26.179 1.5 2.3 MW BRS
1993 08 04 0555 151.444 -26.112 0.0 2.0 MW BRS
1993 08 22 0956 152.500 -26.548 8.0 2.5 MW BRS
1993 09 30 1720 153.390 -28.086 10.3 2.0 MW BRS
1993 10 03 0228 151.828 -26.057 6.9 2.3 MW BRS
1993 11 13 2143 152.508 -26.924 8.0 1.3 MW UQ
1993 12 13 1849 151.444 -26.112 0.0 1.9 MW BRS
1993 12 27 0313 151.444 -26.112 0.0 1.9 MW BRS
1994 02 14 1446 152.752 -27.339 19.0 1.5 MW UQ
1994 02 14 2230 151.444 -26.112 0.0 2.1 MW BRS
1994 02 26 0257 151.444 -26.112 0.0 1.9 MW BRS
1994 03 06 0753 151.444 -26.112 0.0 1.9 MW BRS
1994 04 05 0538 151.444 -26.112 0.0 1.9 MW BRS
1994 05 05 1535 151.444 -26.112 0.0 2.8 MW BRS
1994 06 25 0955 152.539 -27.093 0.0 1.4 MW UQ
1994 07 31 1903 152.510 -27.101 4.0 1.2 MW UQ
1994 11 13 0130 152.575 -26.536 0.0 2.3 MW BRS
1994 11 22 1038 151.444 -26.112 0.0 2.0 MW BRS
1995 03 11 0544 151.314 -26.298 10.0 1.5 MW UQ
1995 08 12 2103 151.399 -26.027 10.0 1.8 MW UQ
1995 09 26 0821 151.444 -26.112 0.0 1.9 MW BRS
1995 10 26 0455 151.642 -26.318 10.0 2.0 MW BRS
1995 11 28 1807 151.794 -26.201 10.0 1.9 MW BRS
1995 12 26 0711 151.444 -26.112 0.0 2.9 MW BRS
1996 01 15 0533 152.686 -27.438 13.3 2.2 MW BRS
1996 02 06 0400 151.444 -26.112 0.0 2.4 MW BRS
1996 02 12 1846 151.444 -26.112 0.0 1.9 MW BRS
1996 02 18 2227 151.444 -26.112 0.0 2.0 MW BRS
1996 02 24 0720 151.444 -26.112 0.0 2.0 MW BRS
1996 02 25 0119 151.444 -26.112 0.0 2.1 MW BRS
1996 03 27 1400 152.555 -27.095 7.8 2.0 MW BRS
1996 04 24 1504 151.444 -26.112 0.0 2.0 MW BRS
1996 04 25 0036 151.444 -26.112 0.0 2.1 MW BRS
1996 05 04 1731 152.014 -26.299 10.0 1.9 MW BRS
1996 05 24 1715 151.444 -26.112 0.0 2.0 MW BRS
1996 06 09 2057 151.444 -26.112 0.0 2.1 MW BRS
1996 06 24 1341 152.461 -27.096 11.0 1.5 MW UQ
1996 09 29 1537 152.001 -25.784 10.0 2.5 MW BRS
1996 11 13 1808 151.444 -26.112 0.0 2.1 MW BRS
1996 12 12 2121 151.444 -26.112 0.0 2.1 MW BRS
1997 01 06 0752 152.550 -27.115 0.0 1.9 MW BRS
1997 01 19 0126 151.444 -26.112 0.0 2.3 MW BRS
1997 02 14 0526 151.444 -26.112 0.0 1.9 MW BRS
1997 04 12 0425 152.646 -27.305 10.9 2.1 MW BRS
1997 04 15 0933 151.444 -26.112 0.0 2.3 MW BRS
1997 04 29 1210 151.444 -26.112 0.0 2.3 MW BRS
1997 07 11 2002 152.381 -26.887 10.0 1.4 MW UQ
1997 09 21 2049 151.444 -26.112 0.0 2.0 MW BRS
1997 10 11 2106 151.444 -26.112 0.0 2.1 MW BRS
1997 10 22 1927 151.444 -26.112 0.0 2.3 MW BRS
1997 10 30 2120 151.809 -26.149 0.9 2.0 MW BRS
1997 12 25 2330 151.444 -26.112 0.0 1.9 MW BRS
1999 06 11 1426 152.470 -27.020 8.0 1.7 MW SEQW
1999 06 23 1710 151.685 -26.451 10.0 2.9 MW RC
1999 10 14 0256 152.800 -27.300 5.0 1.6 MW SEQW
1999 10 18 1130 152.300 -26.900 5.0 1.3 MW SEQW
1999 10 20 1708 152.440 -26.950 13.0 1.9 MW SEQW
1999 11 30 1315 152.830 -27.220 6.0 2.1 MW SEQW
2000 02 27 0939 151.790 -25.850 5.0 2.6 MW SEQW
2000 02 27 1220 152.530 -27.030 10.0 1.6 MW SEQW
2000 03 19 1659 152.700 -27.410 5.0 1.8 MW SEQW
2000 04 19 1657 152.690 -27.420 11.0 2.2 MW SEQW
2000 07 03 0534 152.320 -26.320 10.0 2.0 MW SEQW
2000 07 05 0534 152.450 -26.370 0.0 2.5 MW SEQW
2000 07 15 1350 152.680 -27.380 14.0 2.1 MW SEQW
2000 08 29 1500 151.944 -25.619 0.0 2.9 MW AGSO
2000 09 03 1022 152.790 -27.240 8.0 2.1 MW SEQW
2000 09 10 2148 151.520 -26.160 10.0 2.2 MW SEQW
2000 12 14 1203 152.580 -27.240 14.0 2.1 MW SEQW
2000 12 23 0108 153.090 -27.760 1.0 2.3 MW SEQW
2001 05 31 1106 152.450 -27.200 10.0 1.7 MW SEQW
2001 06 03 0156 152.610 -27.100 11.0 2.0 MW SEQW
2001 06 03 0156 152.060 -27.120 6.0 1.9 MW SEQW
2001 09 11 0048 152.500 -26.350 0.0 2.1 MW SEQW
2001 11 12 1623 152.950 -27.480 8.0 1.6 MW SEQW
2001 12 25 0548 152.370 -26.840 9.0 2.3 MW SEQW
2002 05 26 1947 152.300 -26.920 8.0 1.8 MW SEQW
2002 08 26 1554 152.200 -26.700 1.0 2.4 MW SEQW
2002 11 17 2344 152.290 -26.820 0.0 2.1 MW SEQW
2003 04 13 0014 152.630 -27.300 11.0 2.3 MW SEQW
2003 04 29 0942 152.340 -26.610 6.0 1.5 MW SEQW
2003 04 29 1607 151.700 -25.850 10.0 2.9 MW SEQW
2003 08 15 1607 151.700 -25.850 10.0 2.9 MW SEQW
2003 08 25 1607 151.751 -25.941 12.2 2.5 MW RC
2003 11 24 1925 152.660 -27.110 5.0 1.7 MW SEQW
2003 12 08 2128 152.250 -26.350 5.0 2.1 MW SEQW
2004 01 23 1143 151.412 -26.113 10.0 2.3 MW MEL
2004 03 11 1051 152.530 -27.120 5.0 1.5 MW SEQW
2004 06 03 1734 152.510 -27.011 10.3 2.1 MW RC
2004 06 20 1813 151.946 -25.967 5.9 1.8 MW RC
2004 08 21 1347 151.407 -26.077 8.4 2.6 MW RC
2005 05 03 1928 151.948 -26.322 5.8 2.3 MW RC
2005 05 19 2323 152.200 -25.680 10.0 2.0 MW CQU
2005 06 17 0948 152.715 -27.519 12.0 2.1 MW SRC
2005 07 18 0908 152.656 -27.413 17.3 1.9 MW RC
2005 08 10 0810 152.454 -27.095 0.0 1.9 MW RC
2005 08 11 1440 152.415 -27.071 0.0 1.9 MW RC
2005 09 07 0918 152.620 -27.123 10.1 2.6 MW RC
2005 09 18 0702 152.169 -27.003 7.6 2.2 MW RC
2005 09 26 1527 152.657 -27.346 9.2 1.9 MW RC
2005 10 08 0356 152.660 -27.408 11.0 1.4 MW SRC
2005 11 09 1930 152.614 -27.281 15.0 1.7 MW SRC
2006 01 24 0326 152.262 -27.019 7.0 1.4 MW SRC
2006 03 05 0943 152.856 -27.411 3.0 1.8 MW SRC
2006 03 05 1702 152.518 -26.902 9.9 1.9 MW RC
2006 03 07 2137 151.622 -26.453 4.5 2.0 MW RC
2006 04 16 1700 152.232 -26.782 10.0 1.9 MW RC
2006 08 22 1118 152.347 -26.863 10.0 1.4 MW SRC
2006 12 02 0055 152.847 -27.287 8.0 1.6 MW SRC
2007 02 10 1641 152.171 -26.699 2.2 2.5 MW RC
2007 02 16 1020 152.074 -25.503 10.0 2.1 MW RC
2007 03 13 0729 151.532 -25.918 10.0 2.5 MW RC
2007 03 25 0202 151.499 -26.194 11.1 2.0 MW MEL
2007 09 23 1943 152.713 -27.078 0.0 2.0 MW SRC
2007 12 20 1326 151.246 -26.218 1.0 2.2 MW SRC
2007 12 20 1819 151.276 -26.211 6.0 2.2 MW SRC
2007 12 27 1332 151.778 -26.107 3.6 2.0 MW MEL
2008 01 12 1617 152.360 -26.621 2.0 1.5 MW SRC
2008 04 11 1522 152.474 -27.181 8.0 1.2 MW SRC
2008 04 19 1244 152.461 -26.383 10.0 1.9 MW MEL
2008 05 06 1217 152.353 -27.149 7.1 1.9 MW MEL
2008 06 25 0736 151.971 -25.797 8.0 1.7 MW SRC
2008 07 17 0717 152.865 -27.337 10.0 1.5 MW SRC
2008 08 16 2041 152.537 -27.423 11.0 1.7 MW SRC
2008 09 19 0217 152.543 -26.674 0.0 1.5 MW SRC
2008 10 21 1848 152.003 -25.644 2.6 2.9 MW MEL
2008 11 01 1834 151.455 -26.101 2.0 1.3 MW SRC
2008 11 16 0433 152.293 -26.830 7.0 1.7 MW SRC
2009 03 11 1654 151.753 -26.085 10.0 1.8 MW MEL
2009 03 22 1400 151.556 -26.207 10.0 1.8 MW MEL
2009 04 06 1525 152.529 -26.273 5.0 2.0 MW SRC
2009 09 24 0204 151.509 -26.105 5.0 2.1 MW SRC
2009 10 14 1350 152.474 -27.009 10.0 1.7 MW SRC
2010 02 28 1615 152.232 -26.631 10.0 1.9 MW MEL
2010 08 15 0856 152.283 -26.701 5.9 2.8 MW AUST
