1976 11 07 0347 128.663 -16.115 6.0 3.9 MW ISC
1978 03 06 0159 127.260 -17.980 9.0 2.8 MW MGO
1981 07 14 0614 130.734 -10.997 33.0 4.1 MW ISC
1978 12 25 1340 128.200 -15.660 0.0 2.8 MW MGO
1982 12 31 2219 124.142 -17.450 33.0 4.2 MW ISC
1979 05 23 1056 129.590 -15.350 0.0 3.0 MW BMR
1983 10 30 0109 123.740 -16.530 37.0 3.6 MW MGO
1980 03 18 0546 127.550 -17.620 10.0 2.9 MW MGO
1980 04 01 1522 123.790 -17.170 0.0 3.2 MW BMR
1985 04 12 0318 130.140 -14.750 10.0 4.0 MW AUST
1980 11 24 1954 123.868 -15.853 33.0 3.4 MW ISC
1985 07 23 0947 126.797 -19.310 10.0 4.3 MW ISC
1981 06 28 0823 126.500 -17.880 17.0 3.1 MW MGO
1988 09 21 0228 128.130 -17.380 5.0 3.5 MW MGO
1981 11 06 2051 127.360 -17.610 10.0 2.9 MW MGO
1983 09 14 2051 130.320 -11.290 10.0 3.1 MW MGO
1984 10 01 1547 126.830 -18.760 10.0 3.3 MW MGO
1985 03 03 1104 126.590 -18.270 10.0 3.2 MW MGO
1985 09 13 2116 127.970 -17.750 10.0 3.0 MW MGO
1986 04 24 0823 127.880 -18.090 5.0 3.1 MW MGO
1987 05 21 0315 128.348 -16.842 0.0 3.4 MW BMR
1988 01 09 1613 126.690 -17.670 5.0 3.0 MW MGO
1988 08 22 1313 121.660 -16.420 5.0 3.4 MW MGO
1989 01 05 0857 123.320 -15.900 5.0 2.9 MW MGO
1989 04 17 1556 121.412 -16.366 5.0 2.7 MW MGO
1989 06 06 0507 127.736 -18.368 5.0 2.6 MW MGO
1989 11 04 0057 127.798 -17.236 5.0 3.4 MW MGO
1990 06 26 2030 126.799 -18.698 5.0 3.4 MW MGO
1990 11 27 1849 128.440 -16.680 2.0 2.9 MW MGO
1991 08 22 0916 123.763 -16.568 5.0 3.1 MW MGO
1991 12 22 1601 128.547 -16.383 5.0 3.1 MW MGO
1993 08 28 1926 127.925 -16.133 5.0 3.4 MW ISC
1995 02 16 1227 122.109 -16.943 5.0 3.1 MW MGO
1995 08 15 1458 128.925 -11.251 33.0 2.9 MW ISC
1995 12 09 1015 128.319 -16.635 5.0 3.0 MW MEL
1996 07 02 1627 129.430 -10.850 0.0 3.3 MW EIDC
1996 07 16 1857 126.628 -18.083 5.0 3.1 MW MGO
1997 03 14 2358 130.547 -10.848 12.0 3.3 MW AGSO
1998 04 08 1641 126.642 -17.925 5.0 3.1 MW MGO
1998 09 14 0608 127.300 -17.155 5.0 3.0 MW MGO
1999 03 07 1959 128.085 -17.275 5.0 3.1 MW MGO
1999 03 29 1512 128.375 -15.126 5.0 3.1 MW MGO
1999 06 20 1143 122.680 -16.950 5.0 3.1 MW MGO
1999 10 14 0018 127.580 -16.710 5.0 2.9 MW MGO
2001 01 25 1406 126.450 -18.350 0.0 3.4 MW AGSO
2001 07 19 1107 129.475 -11.984 0.0 3.4 MW IDC
2002 10 25 0646 123.114 -15.743 8.0 3.4 MW AUST
2002 10 31 2251 123.752 -16.814 0.0 3.1 MW AUST
2003 05 19 1705 129.679 -10.713 76.0 3.1 MW ISC
2005 12 26 0750 128.746 -16.133 0.0 3.2 MW AUST
2006 05 08 0122 127.859 -17.673 0.0 3.0 MW AUST
2006 05 14 0927 127.311 -18.327 0.0 3.0 MW AUST
2006 06 03 1626 121.808 -16.813 10.0 3.4 MW ISC
2007 02 17 1344 126.617 -17.903 0.0 3.4 MW AUST
2007 04 25 2027 127.151 -18.119 0.0 3.2 MW AUST
2008 06 23 1317 127.722 -18.176 0.0 3.1 MW AUST
2008 07 27 0644 127.744 -18.144 0.0 3.1 MW AUST
2008 11 14 2115 129.800 -12.600 0.0 3.1 MW AUST
2010 03 20 1056 126.785 -18.718 1.0 3.1 MW AUST
2010 03 23 0340 128.712 -15.797 3.0 3.2 MW AUST
2010 12 02 1224 130.429 -11.930 0.0 3.0 MW AUST
2010 12 09 1653 127.410 -17.223 5.0 3.0 MW AUST
2011 04 04 1203 127.984 -17.452 0.0 3.0 MW AUST
2011 08 11 1753 127.420 -18.698 4.0 2.9 MW AUST
2014 01 16 2054 129.678 -15.073 10.0 3.1 MW AUST
2014 05 01 0817 126.419 -18.205 5.0 3.3 MW AUST
2014 10 09 1545 127.132 -18.137 9.0 3.1 MW AUST
2015 05 11 1331 127.779 -18.152 10.0 3.0 MW AUST
2015 05 16 1450 127.875 -17.295 10.0 3.1 MW AUST
2015 06 08 1539 129.764 -14.588 3.0 2.9 MW AUST
2015 11 11 2012 130.546 -12.181 20.0 3.2 MW AUST
2016 07 16 0319 123.960 -17.064 10.0 3.4 MW AUST
2017 03 22 1449 125.259 -17.323 10.0 3.2 MW AUST
