1967 11 21 1037 124.700 -28.600 18.0 2.6 MW MGO
1968 07 31 1651 124.400 -30.800 18.0 4.0 MW MGO
1967 12 14 1417 124.100 -29.000 18.0 2.8 MW MGO
1972 12 21 1343 124.300 -30.700 0.0 3.8 MW MGO
1972 01 16 0343 124.000 -31.000 0.0 3.3 MW MGO
1977 08 17 2116 125.424 -29.797 0.0 3.9 MW ISC
1979 06 18 2015 123.925 -29.643 0.0 3.6 MW ISC
1980 08 07 2047 123.534 -29.304 0.0 3.9 MW ISC
1980 11 23 1932 123.360 -30.000 10.0 3.5 MW MGO
1978 11 28 1146 124.570 -30.140 15.0 2.9 MW MGO
1981 11 14 2313 123.920 -29.790 10.0 3.5 MW MGO
1982 06 06 1406 121.960 -32.510 10.0 3.9 MW AUST
1984 02 21 0559 122.720 -31.820 10.0 3.9 MW MGO
1980 03 08 0051 124.410 -31.130 19.0 3.4 MW MGO
1981 09 12 1320 124.090 -30.880 37.0 3.0 MW MGO
1982 09 11 1015 123.030 -30.330 10.0 3.4 MW MGO
1983 04 06 1939 124.080 -29.200 10.0 2.6 MW MGO
1983 05 04 0115 124.560 -29.590 10.0 3.0 MW MGO
1983 07 06 1941 122.290 -32.650 10.0 3.1 MW MGO
1984 09 10 0751 123.550 -31.590 10.0 3.3 MW MGO
1985 06 05 0341 122.430 -32.650 10.0 3.2 MW MGO
1986 01 20 2331 124.220 -29.050 10.0 3.4 MW MGO
1986 09 16 1616 122.310 -32.590 5.0 3.4 MW MGO
1987 02 24 0810 122.220 -32.510 5.0 3.1 MW MGO
1987 08 21 0939 122.370 -32.660 5.0 3.1 MW MGO
1988 01 18 0302 122.220 -32.510 5.0 3.1 MW MGO
1988 11 27 1407 123.010 -30.370 5.0 3.4 MW MGO
1988 12 18 0409 123.790 -28.940 5.0 3.2 MW MGO
1989 03 07 1706 124.750 -30.720 5.0 3.0 MW MGO
1989 05 15 1547 124.140 -30.470 5.0 2.9 MW MGO
1989 06 28 1711 122.316 -32.552 7.0 3.1 MW MGO
1989 08 10 1545 124.696 -29.952 5.0 3.3 MW MGO
1990 09 03 1703 123.510 -31.180 9.0 3.0 MW MGO
1990 09 28 0421 123.620 -30.030 5.0 2.7 MW MGO
1990 12 26 1004 125.305 -30.079 4.0 2.9 MW MGO
1991 02 13 0735 125.653 -29.775 1.0 3.1 MW MGO
1991 03 15 0429 124.655 -29.360 1.0 3.2 MW MGO
1992 01 07 0631 123.374 -30.496 37.0 3.3 MW MGO
1992 03 15 0631 124.663 -28.752 5.0 3.1 MW MGO
1992 05 14 0132 122.210 -32.309 5.0 3.1 MW MGO
1992 05 14 0146 122.221 -32.477 5.0 2.8 MW MGO
1992 09 06 0639 122.425 -32.497 5.0 2.5 MW MGO
1993 04 03 1005 124.503 -30.467 5.0 2.7 MW MGO
1993 05 26 0327 122.196 -32.533 5.0 3.0 MW MGO
1993 06 05 1657 122.089 -32.578 5.0 2.7 MW MGO
1993 06 10 0336 122.298 -32.458 5.0 3.4 MW MGO
1993 11 30 0051 125.087 -29.892 5.0 3.3 MW MGO
1994 01 07 1213 122.297 -32.425 5.0 3.2 MW MGO
1994 01 26 1733 122.316 -32.372 5.0 3.0 MW MGO
1994 02 20 1432 123.757 -29.608 5.0 3.3 MW MGO
1995 12 14 2139 123.730 -31.065 5.0 2.9 MW MGO
1996 04 08 0619 123.914 -31.266 5.0 3.0 MW MGO
1997 02 05 1455 123.271 -29.851 5.0 3.4 MW MGO
1997 02 06 1356 123.916 -30.128 5.0 3.4 MW MGO
1997 02 18 2009 122.345 -32.644 5.0 2.5 MW MGO
1997 08 31 0143 123.684 -29.980 5.0 2.9 MW MGO
1997 10 21 0746 123.825 -29.558 5.0 2.9 MW MGO
1997 12 10 0313 123.166 -30.345 5.0 2.9 MW MGO
1997 12 28 1556 122.313 -32.621 5.0 3.2 MW MGO
1998 05 26 0104 123.934 -30.701 5.0 3.0 MW MGO
1998 06 26 2243 122.335 -32.881 5.0 2.7 MW MGO
1998 07 18 2319 123.793 -30.262 5.0 3.1 MW MGO
1998 11 05 2050 123.695 -30.814 5.0 3.0 MW MGO
1999 03 27 2209 124.441 -30.832 5.0 3.2 MW MGO
1999 05 20 1135 124.640 -30.070 5.0 2.9 MW MGO
2000 07 29 0245 123.749 -29.933 10.0 3.3 MW ISC
2000 07 29 0331 123.760 -30.150 8.0 2.5 MW AUST
2000 09 21 2033 123.650 -31.200 0.0 2.8 MW AUST
2000 10 12 1228 124.179 -30.233 6.0 2.8 MW AUST
2000 10 28 1410 124.055 -30.298 21.0 2.7 MW AUST
2001 02 02 0833 123.052 -32.067 10.0 2.9 MW AGSO
2001 03 27 0458 122.408 -32.029 10.0 3.4 MW ISC
2001 03 29 1617 124.853 -30.121 10.0 2.7 MW AUST
2001 04 25 2337 124.280 -30.910 5.0 3.4 MW AGSO
2001 04 27 1423 121.779 -32.580 10.0 3.0 MW AGSO
2002 04 19 2312 123.583 -30.671 5.0 3.0 MW AUST
2002 08 05 1151 125.115 -29.136 5.0 2.7 MW AUST
2002 09 29 0613 125.579 -29.576 10.0 2.9 MW AUST
2004 03 24 0627 124.144 -29.849 10.0 3.3 MW AUST
2004 09 15 1623 125.035 -29.645 12.0 3.1 MW AUST
2004 09 29 1809 123.412 -31.851 17.0 2.7 MW AUST
2005 01 27 1729 122.381 -32.467 10.0 3.4 MW AUST
2007 11 26 1005 123.719 -30.127 2.0 3.4 MW AUST
2008 01 19 1224 122.127 -33.016 0.0 3.3 MW AUST
2009 06 21 0608 124.631 -30.308 10.0 3.3 MW AUST
2010 02 14 1014 122.307 -32.506 0.0 3.1 MW AUST
