1885 01 05 1220 114.000 -29.000 0.0 6.5 MP BMR
1920 02 08 0524 111.000 -35.000 10.0 6.0 MS G&R
1929 08 16 2128 120.660 -16.990 33.0 6.2 Ms BMR
1961 08 23 1801 119.000 -18.500 18.0 5.3 mb MGO
1963 07 20 0421 114.900 -26.300 18.0 4.7 mb MGO
1964 03 23 2241 123.042 -17.875 27.3 5.1 mb EHB
1965 05 18 1017 121.000 -17.500 18.0 4.5 ML MGO
1965 05 19 0213 111.953 -25.027 4.7 5.0 mb EHB
1965 07 14 1305 112.000 -25.100 18.0 4.5 mb MGO
1966 04 30 0325 120.500 -16.400 18.0 5.1 M? ISC
1966 11 13 0341 111.900 -24.200 33.0 4.8 mb ISC
1967 04 03 0440 126.320 -12.200 18.0 4.8 mb ISC
1967 10 12 1031 123.900 -17.900 18.0 4.5 mb MGO
1968 02 02 1009 114.700 -23.300 18.0 4.1 M? MGO
1968 06 19 0555 124.900 -19.100 18.0 5.1 mb ISC
1969 06 19 2101 114.700 -23.300 7.0 4.2 mb MGO
1969 06 23 1414 123.100 -17.600 7.0 4.9 mb MGO
1969 09 14 2258 123.100 -17.900 7.0 4.8 mb MGO
1969 10 09 0129 117.460 -18.820 0.0 5.0 mb BMR
1971 01 14 1744 114.600 -24.730 0.0 4.9 mb BMR
1971 05 28 0416 114.100 -22.100 0.0 4.1 mb MGO
1971 07 12 2259 115.160 -24.540 0.0 5.1 mb BMR
1972 04 07 0812 120.340 -16.460 0.0 4.6 mb BMR
1972 04 07 2208 124.900 -18.290 0.0 4.6 ML BMR
1973 01 13 0808 121.060 -17.080 10.0 4.6 mb MGO
1973 06 18 1934 110.200 -33.500 10.0 5.4 mb MGO
1974 11 07 0153 118.650 -18.160 nan 5.3 mb MGO
1975 04 18 1634 113.860 -24.400 0.0 4.5 mb MGO
1976 06 11 0427 125.250 -18.670 nan 3.8 ML MGO
1977 01 10 0834 115.100 -29.500 nan 3.9 ML MGO
1977 04 23 2043 114.471 -21.710 0.0 3.9 ML ISC
1977 08 15 1934 112.978 -27.453 0.0 3.5 ML ISC
1977 11 07 1905 119.250 -18.000 0.0 3.7 ML MGO
1977 11 12 1853 113.200 -27.800 0.0 3.8 ML MGO
1979 04 22 2106 120.420 -16.956 39.0 5.3 mb ISC
1979 04 23 0545 120.163 -16.617 30.8 6.2 Mw EHB
1979 04 23 0603 120.200 -16.500 0.0 4.2 ML MGO
1979 04 23 0929 120.200 -16.500 0.0 3.9 ML MGO
1979 04 23 1207 120.200 -16.500 0.0 3.6 ML MGO
1979 04 23 1300 120.248 -16.576 0.0 4.1 ML ISC
1979 04 24 0035 120.200 -16.500 0.0 3.7 ML MGO
1979 04 24 0308 119.965 -16.280 0.0 4.6 ML ISC
1979 04 25 2213 120.083 -16.876 26.8 4.8 mb EHB
1979 04 25 2238 120.200 -16.500 0.0 4.4 ML ISC
1979 04 27 0607 120.200 -16.500 0.0 3.6 ML MGO
1979 04 27 0826 119.875 -16.238 0.0 4.4 ML ISC
1979 04 27 2014 120.257 -16.745 40.0 4.4 mb ISC
1979 04 30 0400 120.331 -16.952 0.0 3.9 ML ISC
1979 05 01 2121 120.200 -16.500 0.0 3.8 ML MGO
1979 05 05 1852 120.200 -16.500 0.0 3.8 ML MGO
1979 05 07 0617 120.200 -16.500 0.0 3.5 ML MGO
1979 05 09 0218 120.137 -16.479 37.0 4.7 ML ISC
1979 05 16 0135 120.200 -16.500 0.0 4.1 ML MGO
1979 05 16 1150 120.200 -16.500 0.0 4.1 ML MGO
1979 05 26 0418 117.340 -18.660 37.0 4.1 ML MGO
1979 06 10 2014 115.150 -24.720 16.0 3.7 ML MGO
1979 06 29 0049 120.200 -16.500 0.0 3.9 ML MGO
1979 07 08 1011 120.200 -16.500 0.0 3.7 ML MGO
1979 09 23 0344 120.386 -16.793 37.0 4.0 ML ISC
1979 09 25 0924 120.110 -16.420 37.0 3.5 ML MGO
1979 10 21 2046 120.346 -16.785 42.0 4.8 ML ISC
1979 10 21 2255 120.200 -16.500 0.0 3.5 ML MGO
1980 01 02 1749 122.090 -17.810 37.0 3.7 ML MGO
1980 04 02 1711 120.310 -16.630 0.0 4.0 ML BMR
1980 05 01 1231 118.310 -18.360 37.0 3.0 ML MGO
1980 05 06 1906 121.060 -17.170 0.0 3.5 ML BMR
1980 06 03 1401 127.840 -21.260 0.0 3.7 ML BMR
1980 06 22 0846 120.331 -16.702 0.0 3.8 ML ISC
1980 06 22 1620 119.250 -18.500 0.0 3.6 ML BMR
1980 07 04 0404 119.530 -17.770 37.0 3.4 ML MGO
1980 07 06 0400 120.580 -16.640 37.0 3.4 ML MGO
1980 08 01 2019 119.360 -17.030 37.0 4.0 ML MGO
1980 08 02 1910 120.105 -16.447 37.0 4.3 ML ISC
1980 08 08 0227 112.830 -27.220 19.0 3.3 ML MGO
1980 08 21 1516 121.170 -17.440 37.0 3.1 ML MGO
1980 11 02 1827 113.320 -23.860 10.0 3.3 ML MGO
1980 11 29 1338 125.040 -18.190 37.0 3.3 ML MGO
1980 12 02 1451 120.012 -17.195 37.0 3.9 ML ISC
1980 12 23 1425 114.550 -21.200 10.0 3.0 ML MGO
1981 01 01 0900 122.756 -17.510 33.0 5.0 ML ISC
1981 02 21 0619 114.550 -29.420 nan 3.2 ML MGO
1981 02 23 0437 122.142 -12.197 33.0 4.1 mb ISC
1981 04 03 2000 123.150 -18.120 0.0 4.3 ML MGO
1981 04 13 0640 120.550 -16.690 37.0 3.5 ML MGO
1981 04 21 1505 114.080 -22.410 10.0 3.0 ML MGO
1981 04 29 1012 120.280 -16.668 37.0 4.4 ML ISC
1981 06 07 1451 112.180 -24.330 10.0 3.2 ML MGO
1981 06 27 2333 122.654 -17.784 37.0 3.8 ML ISC
1981 07 03 2129 112.970 -25.010 10.0 3.3 ML MGO
1981 07 29 0452 113.880 -21.670 10.0 3.4 ML MGO
1981 08 15 1923 121.057 -15.986 33.0 4.0 ML ISC
1981 09 26 1046 112.060 -23.940 10.0 3.0 ML MGO
1981 10 05 2101 114.370 -24.310 10.0 3.2 ML MGO
1981 12 01 1836 122.190 -12.483 33.0 4.4 mb ISC
1981 12 06 0140 114.169 -22.902 0.0 4.5 ML ISC
1981 12 14 1159 122.651 -13.902 33.0 4.1 mb ISC
1981 12 15 0043 125.120 -19.400 0.0 3.9 mb ISC
1982 01 02 0636 120.277 -16.688 37.0 4.7 ML ISC
1982 02 08 0337 120.220 -16.580 37.0 3.1 ML MGO
1982 02 08 1423 123.433 -12.627 37.0 3.6 ML ISC
1982 02 19 0936 118.430 -18.840 10.0 3.4 ML MGO
1982 02 19 2026 113.900 -22.290 10.0 3.6 ML MGO
1982 02 26 1524 122.490 -17.670 37.0 3.8 ML MGO
1982 03 04 2344 120.110 -16.490 37.0 3.9 ML MGO
1982 03 11 1420 120.243 -16.232 35.0 4.2 ML BMR
1982 03 27 1543 114.000 -22.470 10.0 4.0 ML MGO
1982 06 16 1513 118.470 -18.050 37.0 4.5 ML MGO
1982 07 11 0222 114.470 -22.930 10.0 3.2 ML MGO
1982 12 07 1440 120.250 -16.880 37.0 4.5 ML MGO
1982 12 13 1619 113.020 -27.560 10.0 3.0 ML MGO
1983 01 12 1457 120.100 -16.400 37.0 3.4 ML MGO
1983 01 13 0247 120.100 -16.400 37.0 4.5 ML MGO
1983 03 13 1658 118.760 -18.000 37.0 3.5 ML MGO
1983 03 21 0033 113.280 -28.670 10.0 3.0 ML MGO
1983 04 09 0519 114.380 -29.290 37.0 3.2 ML MGO
1983 04 21 2118 118.970 -18.090 37.0 4.3 ML MGO
1983 04 24 0820 116.930 -19.110 25.0 3.4 ML MGO
1983 05 10 2216 117.970 -18.860 10.0 3.0 ML MGO
1983 05 29 1938 126.619 -12.221 33.0 4.9 mb ISC
1983 06 07 1018 114.470 -23.940 10.0 3.0 ML MGO
1983 07 15 1704 111.810 -25.070 10.0 4.0 ML MGO
1983 08 06 0227 112.520 -26.270 10.0 3.6 ML MGO
1983 08 29 0733 121.210 -15.850 37.0 3.6 ML MGO
1983 09 02 1822 113.030 -23.990 10.0 3.7 ML MGO
1983 10 03 0751 112.940 -25.010 10.0 3.6 ML MGO
1983 10 24 0053 114.920 -26.940 10.0 4.0 ML MGO
1983 10 24 0354 114.920 -26.840 10.0 3.2 ML MGO
1983 11 01 1046 118.340 -18.320 37.0 3.3 ML MGO
1983 11 11 1821 116.340 -19.560 37.0 3.5 ML MGO
1983 12 13 2310 114.110 -28.190 10.0 3.0 ML MGO
1983 12 18 1510 120.309 -17.084 37.0 3.8 ML ISC
1984 03 02 0501 122.420 -17.660 10.0 4.1 ML MGO
1984 03 28 1652 120.290 -16.650 37.0 4.0 ML MGO
1984 04 17 0326 113.940 -29.200 10.0 3.2 ML MGO
1984 06 12 1957 112.420 -23.970 10.0 3.0 ML MGO
1984 06 30 1245 116.494 -19.937 10.0 4.9 mb ISC
1984 07 03 0155 116.380 -20.020 37.0 4.1 ML MGO
1984 09 01 2255 113.320 -27.140 10.0 3.0 ML MGO
1984 10 27 1846 114.300 -23.560 10.0 3.0 ML MGO
1984 11 18 2119 122.890 -17.670 37.0 3.4 ML MGO
1984 12 28 2148 125.810 -19.270 10.0 3.5 ML MGO
1984 12 28 2153 114.590 -23.780 10.0 3.2 ML MGO
1985 01 08 1027 120.970 -16.236 33.0 4.5 mb ISC
1985 02 25 2040 117.420 -18.870 37.0 3.2 ML MGO
1985 03 13 2152 121.678 -15.427 33.0 5.3 ML ISC
1985 03 28 2240 112.960 -24.150 37.0 3.1 ML MGO
1985 04 01 0448 113.960 -24.500 10.0 3.0 ML MGO
1985 04 24 1538 114.060 -21.730 10.0 3.4 ML MGO
1985 05 06 1621 122.416 -12.312 33.0 4.3 mb ISC
1985 05 07 1004 118.880 -18.950 10.0 4.2 ML MGO
1985 08 13 1234 117.869 -18.892 37.0 4.0 ML ISC
1985 08 18 0109 113.960 -22.960 10.0 3.7 ML MGO
1985 09 02 0949 121.140 -16.970 37.0 3.7 ML MGO
1985 11 05 2205 113.700 -21.780 37.0 3.1 ML MGO
1985 11 13 1748 120.515 -16.552 33.0 4.0 ML ISC
1985 11 15 0835 113.530 -23.740 10.0 3.9 ML MGO
1985 11 29 1932 114.360 -25.930 10.0 3.3 ML MGO
1985 12 16 1014 113.230 -27.320 10.0 3.3 ML MGO
1986 01 02 2133 112.097 -34.484 11.8 4.8 mb EHB
1986 01 02 2159 112.010 -34.500 5.0 3.4 ML MGO
1986 01 02 2313 115.150 -20.790 5.0 3.0 ML MGO
1986 01 03 1333 111.950 -34.560 5.0 3.3 ML MGO
1986 01 14 0038 113.440 -23.870 5.0 4.2 ML MGO
1986 01 14 0541 113.600 -23.870 5.0 3.5 ML MGO
1986 01 15 2211 114.990 -34.510 5.0 3.8 ML MGO
1986 01 28 1629 113.590 -25.750 5.0 3.3 ML MGO
1986 02 02 2256 115.930 -20.290 5.0 3.0 ML MGO
1986 02 06 1144 119.201 -18.654 5.0 3.8 ML ISC
1986 03 03 0237 110.710 -34.000 5.0 3.1 ML MGO
1986 03 14 1654 113.710 -29.020 5.0 3.0 ML MGO
1986 03 16 2141 121.931 -12.205 33.0 4.7 mb ISC
1986 05 08 1747 116.540 -19.620 5.0 3.5 ML MGO
1986 05 10 2318 110.380 -33.000 5.0 3.6 ML MGO
1986 05 26 1034 123.550 -17.590 5.0 3.3 ML MGO
1986 05 31 2038 117.949 -18.846 10.0 4.1 ML ISC
1986 09 13 0237 120.950 -15.810 5.0 4.3 ML MGO
1986 10 16 2136 114.590 -22.610 5.0 4.1 ML MGO
1986 11 05 0757 118.850 -18.470 5.0 4.0 ML MGO
1986 12 04 1347 115.830 -20.250 5.0 4.0 ML MGO
1986 12 18 0126 122.808 -17.265 5.0 3.9 ML ISC
1987 01 07 0526 117.750 -19.310 5.0 3.4 ML MGO
1987 03 14 1925 114.100 -22.750 5.0 3.0 ML MGO
1987 03 20 1613 114.140 -22.840 5.0 3.0 ML MGO
1987 03 29 1539 118.840 -18.900 5.0 3.0 ML MGO
1987 04 10 0643 122.100 -17.250 5.0 3.7 ML MGO
1987 05 17 1542 122.590 -17.470 5.0 3.4 ML MGO
1987 06 21 1615 118.990 -18.170 5.0 4.0 ML MGO
1987 07 19 0303 113.060 -27.220 5.0 5.0 ML MGO
1987 09 18 0041 119.220 -16.760 5.0 4.0 ML MGO
1987 09 23 0229 123.380 -17.650 5.0 3.2 ML MGO
1987 09 24 2046 115.650 -19.670 5.0 4.0 ML MGO
1987 10 16 1119 112.560 -25.760 5.0 4.7 ML MGO
1987 10 21 0233 112.840 -26.360 5.0 3.8 ML MGO
1987 10 25 2242 119.220 -18.170 5.0 3.7 ML MGO
1987 11 06 1336 122.966 -13.388 10.0 4.5 ML ISC
1987 11 07 0359 122.875 -13.147 10.0 3.8 ML ISC
1987 11 15 1237 114.000 -23.310 5.0 3.1 ML MGO
1987 12 12 1206 119.570 -16.940 5.0 3.3 ML MGO
1987 12 25 1936 120.652 -16.326 10.0 4.6 ML ISC
1987 12 27 0807 114.380 -23.760 5.0 3.5 ML MGO
1988 03 20 1915 114.000 -29.110 5.0 3.0 ML MGO
1988 05 29 0606 122.435 -13.864 10.0 4.0 ML ISC
1988 07 30 0414 123.540 -18.410 5.0 3.6 ML MGO
1988 10 24 1759 115.830 -20.260 5.0 3.4 ML MGO
1988 11 30 1429 127.970 -10.055 183.0 4.1 mb USGS
1988 12 29 1140 117.890 -18.680 5.0 3.2 ML MGO
1989 01 24 0458 128.725 -10.658 147.0 4.6 mb ISC
1989 02 17 1151 117.550 -19.340 5.0 3.3 ML MGO
1989 02 17 1416 121.148 -14.933 5.0 3.9 ML ISC
1989 02 27 2325 122.586 -12.337 33.0 4.1 mb ISC
1989 03 21 1800 114.580 -23.240 10.0 3.5 ML MGO
1989 03 27 1225 111.730 -25.580 5.0 3.2 ML MGO
1989 04 07 1845 122.180 -12.525 33.0 4.7 mb ISC
1989 07 20 0929 114.888 -33.967 5.0 3.2 ML MGO
1990 02 18 2247 117.982 -18.183 5.0 4.5 ML ISC
1990 03 20 2109 124.310 -18.506 5.0 3.4 ML ISC
1990 03 30 1131 113.385 -24.022 5.0 3.5 ML MGO
1990 04 01 1035 122.589 -13.359 33.0 3.9 mb ISC
1990 04 15 0620 114.057 -22.327 5.0 3.2 ML MGO
1990 07 13 1818 116.318 -18.853 5.0 3.0 ML MGO
1990 08 17 1214 122.631 -17.849 10.0 4.0 mb ISC
1990 10 09 1816 128.895 -14.286 5.0 3.3 ML MGO
1990 10 15 1949 113.924 -22.505 5.0 3.2 ML ISC
1991 01 09 1022 123.921 -17.534 10.0 3.7 ML ISC
1991 03 17 0938 114.010 -28.092 5.0 3.3 ML MGO
1991 04 20 1508 112.506 -27.384 5.0 3.1 ML MGO
1991 05 07 0528 118.407 -18.799 5.0 3.0 ML MGO
1991 07 28 0531 122.305 -17.719 5.0 3.1 ML MGO
1991 09 05 0611 112.678 -25.093 5.0 3.0 ML MGO
1991 11 24 1438 117.001 -19.375 5.0 3.1 ML MGO
1992 01 18 0249 126.708 -19.856 5.0 3.0 ML MGO
1992 04 18 2040 123.250 -17.322 10.0 3.5 ML ISC
1992 06 25 1959 113.135 -23.552 5.0 3.2 ML MGO
1992 07 12 2142 114.089 -32.789 5.0 3.4 ML MGO
1992 07 27 1159 122.139 -17.616 5.0 4.0 ML MGO
1992 07 29 0451 122.103 -17.536 5.0 3.1 ML MGO
1992 08 02 0734 126.730 -19.906 5.0 3.2 ML MGO
1992 08 27 1919 123.600 -12.407 33.0 3.7 ML ISC
1992 08 30 1740 119.064 -18.214 5.0 3.1 ML MGO
1992 10 21 2142 121.912 -15.252 5.0 3.2 ML ISC
1992 10 27 1715 119.110 -18.193 33.0 3.8 ML ISC
1992 11 09 0536 119.275 -18.202 5.0 3.4 ML MGO
1993 02 08 2028 120.943 -16.303 5.0 3.2 ML MGO
1993 03 11 2216 114.606 -21.552 5.0 3.5 ML MGO
1993 03 12 1704 115.556 -30.075 9.0 3.1 ML MGO
1993 03 26 0020 113.925 -22.043 37.5 3.0 ML MGO
1993 04 15 0005 121.138 -15.724 10.0 3.3 ML ISC
1993 05 14 2014 113.472 -22.978 5.0 4.0 ML MGO
1993 05 18 0608 113.533 -23.026 5.0 3.4 ML MGO
1993 06 07 1508 119.174 -18.093 5.0 3.0 ML MGO
1993 10 03 0231 113.722 -22.019 5.0 3.0 ML MGO
1994 05 25 1825 120.686 -16.687 5.0 3.1 ML MGO
1994 07 22 1136 123.418 -12.199 33.0 3.8 mb ISC
1994 10 25 0809 123.689 -12.213 33.0 4.4 mb ISC
1995 04 20 1403 123.605 -12.230 24.5 4.3 mb ISC
1995 05 19 1942 121.139 -16.164 5.0 3.3 ML MGO
1995 06 12 1714 122.082 -12.906 0.0 3.8 mL ISC
1995 06 18 0745 126.380 -11.116 150.0 4.2 mL ISC
1995 06 25 2023 121.439 -16.066 5.0 3.3 mL ISC
1995 07 01 1843 122.416 -17.483 36.5 3.2 ML MGO
1995 08 17 1336 113.199 -25.618 5.0 3.1 ML MGO
1995 08 20 1957 122.619 -12.385 59.0 4.1 mb ISC
1995 08 25 1150 112.183 -23.754 5.0 4.6 mb ISC
1995 09 15 0440 118.049 -19.354 22.0 3.0 ML MGO
1995 10 29 0655 113.531 -24.063 5.0 3.4 ML MGO
1995 11 11 2026 127.447 -20.939 5.0 3.0 ML MGO
1995 12 10 1251 123.248 -14.281 5.0 3.3 ML ISC
1995 12 12 2211 124.282 -18.527 5.0 3.3 ML MGO
1995 12 16 0156 127.454 -21.081 5.0 3.4 ML MGO
1995 12 27 0505 120.444 -16.492 5.0 4.3 ML MGO
1996 01 13 1919 129.327 -10.342 626.0 4.1 mb ISC
1996 02 05 0607 120.150 -16.980 5.0 4.1 ML MGO
1996 03 11 0039 113.860 -29.209 5.0 3.0 ML MGO
1996 03 13 0340 123.064 -12.584 33.0 4.0 ML ISC
1996 03 17 2239 114.302 -21.820 5.0 3.4 ML MGO
1996 03 17 2347 114.278 -21.839 5.0 3.4 ML MGO
1996 03 30 0724 120.156 -16.683 5.0 3.2 ML MGO
1996 04 02 0355 127.890 -10.600 64.0 3.5 ML EIDC
1996 04 06 0846 119.397 -17.902 5.0 3.2 ML MGO
1996 04 30 1358 128.803 -11.753 33.0 3.5 mb ISC
1996 05 28 0126 128.573 -10.213 67.0 4.0 mb ISC
1996 07 22 0006 120.459 -17.163 5.0 3.4 ML MGO
1996 08 16 1158 127.206 -11.901 33.0 3.6 mb ISC
1996 09 06 2024 115.047 -27.240 5.0 3.6 ML MGO
1996 10 18 0528 114.588 -32.761 5.0 4.1 ML MGO
1996 12 31 1504 122.458 -17.708 5.0 3.2 ML MGO
1997 02 02 1936 124.073 -13.884 33.0 3.8 mb ISC
1997 02 20 1445 120.863 -15.951 5.0 3.5 ML MGO
1997 04 21 1337 113.898 -22.729 5.0 3.1 ML MGO
1997 05 18 0835 112.975 -23.740 5.0 3.0 ML MGO
1997 05 21 1158 122.072 -14.902 5.0 3.2 ML MGO
1997 06 05 0515 122.376 -12.718 0.0 3.2 ML EIDC
1997 06 19 2222 120.701 -16.635 5.0 3.0 ML MGO
1997 06 28 0100 114.474 -23.512 12.9 3.0 ML MGO
1997 07 08 2134 114.330 -28.465 5.0 4.2 ML MGO
1997 07 31 1914 123.284 -17.317 5.0 3.0 ML MGO
1997 08 17 1305 121.784 -17.151 5.0 3.1 ML MGO
1997 08 30 1855 118.691 -18.295 5.0 3.3 ML MGO
1997 09 01 0948 123.138 -18.116 5.0 4.5 ML MGO
1997 09 12 1822 114.960 -21.106 37.0 3.7 ML MGO
1997 10 02 0933 114.927 -23.049 5.0 3.0 ML MGO
1997 10 10 1717 116.786 -19.381 5.0 3.2 ML MGO
1997 11 20 0144 118.855 -18.385 5.0 3.3 ML MGO
1997 12 14 1836 112.980 -23.943 84.0 3.3 ML MGO
1998 01 11 1432 122.817 -12.569 0.0 3.0 ML EIDC
1998 02 08 0446 122.259 -17.831 5.0 3.0 ML MGO
1998 02 13 0510 124.087 -17.484 5.0 3.3 ML MGO
1998 03 12 1240 113.308 -23.750 5.0 3.2 ML MGO
1998 03 29 2006 129.278 -14.280 10.0 4.0 ML AGSO
1998 04 29 2314 128.115 -11.481 0.0 3.1 ML EIDC
1998 05 12 0059 120.710 -16.802 5.0 3.0 ML MGO
1998 05 25 0503 123.827 -13.827 0.0 3.3 ML EIDC
1998 06 13 2013 117.531 -18.955 5.0 3.1 ML MGO
1998 07 13 0531 120.981 -15.904 5.0 3.1 ML MGO
1998 07 21 1223 113.504 -28.226 5.0 3.0 ML MGO
1998 08 08 1326 123.420 -12.766 33.0 4.3 mb ISC
1998 08 15 1941 123.361 -12.876 33.0 3.6 mb ISC
1998 08 17 0245 123.565 -17.662 5.0 3.0 ML MGO
1998 08 19 0234 120.093 -17.039 5.0 3.1 ML MGO
1998 09 13 2250 123.208 -12.501 5.0 3.3 ML ISC
1998 10 15 0404 126.907 -11.718 33.0 3.9 mb ISC
1998 11 10 0158 128.966 -13.794 0.0 3.3 mL EIDC
1998 11 13 1154 124.887 -19.132 7.0 3.8 ML ISC
1998 11 13 2352 129.120 -13.740 0.0 3.1 ML EIDC
1998 11 17 1901 121.898 -13.109 5.0 3.5 ML ISC
1998 12 05 2311 129.746 -10.275 560.0 3.3 mb EIDC
1999 02 25 2252 129.119 -10.468 0.0 3.3 ML EIDC
1999 04 01 2239 120.917 -15.984 5.0 3.1 ML MGO
1999 04 18 2143 122.766 -13.679 5.0 3.2 ML MGO
1999 06 25 0036 113.910 -22.850 5.0 4.0 ML MGO
1999 08 25 1223 112.570 -24.340 5.0 3.0 ML MGO
1999 09 25 1124 122.502 -12.054 5.0 3.7 mb ISC
1999 10 29 0615 113.780 -22.170 18.0 3.2 ML MGO
2000 01 20 1501 114.050 -24.130 5.0 3.4 ML MGO
2000 02 06 1251 121.705 -17.121 5.0 3.2 ML ISC
2000 02 07 1438 121.783 -17.204 10.0 3.2 ML USGS
2000 02 08 1337 122.277 -13.529 33.0 3.8 mb ISC
2000 02 21 0406 120.160 -16.930 5.0 3.8 ML MGO
2000 02 23 1405 120.730 -16.210 5.0 3.0 ML MGO
2000 03 01 0611 123.466 -12.610 5.0 3.2 ML MGO
2000 03 01 2211 119.290 -18.100 5.0 3.0 ML MGO
2000 03 19 2307 113.190 -24.100 11.0 3.0 ML AGSO
2000 03 22 1945 120.650 -16.690 5.0 3.0 ML MGO
2000 04 01 1329 111.629 -25.186 0.0 4.3 ML AGSO
2000 05 14 1239 112.960 -23.282 10.0 4.1 mb ISC
2000 05 25 0425 114.792 -20.722 5.0 3.1 ML AGSO
2000 06 20 1412 124.121 -11.736 2.0 3.3 ML AGSO
2000 07 25 0333 113.630 -24.190 5.0 3.8 ML AUST
2000 09 24 0907 114.791 -22.090 10.0 3.3 ML ISC
2000 10 15 0827 128.902 -12.370 28.0 4.1 mb ISC
2000 10 21 1052 129.288 -13.802 19.0 3.3 ML AGSO
2001 02 17 1300 129.194 -13.077 0.0 3.6 ML IDC
2001 04 29 1954 114.042 -27.651 9.0 3.9 mb ISC
2001 04 30 2338 113.070 -24.500 18.0 3.4 ML AGSO
2001 05 24 0951 122.638 -12.149 10.0 3.2 ML AGSO
2001 07 27 0423 124.366 -18.384 0.0 3.4 ML AGSO
2001 08 06 1421 128.803 -10.044 90.0 3.2 ML IDC
2001 09 04 1656 115.192 -27.288 5.0 3.4 mb ISC
2001 09 11 0356 114.874 -24.913 10.0 3.3 ML USGS
2001 11 02 0238 123.428 -12.695 33.0 3.6 mb ISC
2001 11 23 1407 126.311 -12.499 33.0 3.6 mb ISC
2001 12 01 2209 122.592 -12.967 23.0 3.4 ML AUST
2002 02 05 1751 122.320 -17.457 0.0 3.5 ML AUST
2002 04 05 1910 112.388 -25.181 10.0 3.8 mb ISC
2002 04 09 2219 120.116 -16.062 0.0 3.6 ML AUST
2002 04 30 1517 114.013 -32.993 10.0 3.4 ML AUST
2002 05 02 0405 119.599 -17.742 2.0 3.4 ML AUST
2002 08 16 2225 114.461 -22.814 10.0 3.9 ML ISC
2002 10 08 1554 115.498 -25.263 5.0 4.5 ML AUST
2003 04 08 0313 121.917 -14.642 33.0 3.6 ML AUST
2003 04 10 0041 114.333 -29.330 10.0 3.3 ML AUST
2003 06 19 0726 113.192 -25.481 1.0 3.0 ML AUST
2003 07 27 2257 125.142 -19.012 10.0 3.1 ML AUST
2003 10 04 0145 122.465 -13.731 5.0 3.1 ML AUST
2003 10 19 0842 112.143 -24.983 116.0 3.4 ML AUST
2003 11 12 2057 122.797 -13.237 105.0 3.6 mb ISC
2004 01 14 0109 122.789 -12.864 75.0 3.7 ML USGS
2004 01 23 1820 123.700 -12.020 107.0 3.7 mb ISC
2004 03 31 1322 128.200 -10.007 33.0 3.5 mb ISC
2004 04 02 2222 128.185 -11.851 0.0 3.7 ML IDC
2004 04 08 1024 124.198 -12.349 98.0 4.1 mb ISC
2004 05 10 1839 113.004 -24.516 20.0 3.4 ML AUST
2004 05 12 1125 116.924 -19.780 36.0 3.3 ML AUST
2004 08 30 1540 122.421 -12.155 67.0 3.8 mb ISC
2004 12 02 2128 117.635 -18.650 20.0 3.0 ML AUST
2005 01 24 0943 122.587 -17.530 10.0 3.8 ML AUST
2005 02 23 1935 122.095 -14.636 10.0 4.6 mb USGS
2005 03 07 1452 112.565 -24.309 10.0 3.3 ML AUST
2005 03 08 0454 122.014 -14.738 10.0 4.2 mb USGS
2005 03 19 2138 115.764 -20.800 10.0 3.5 mb ISC
2005 12 20 1949 114.102 -29.400 10.0 3.8 ML AUST
2005 12 26 2040 122.762 -13.834 10.0 4.6 mb ISC
2005 12 27 0932 112.757 -24.860 0.0 3.5 ML AUST
2006 02 01 0014 122.740 -13.831 10.0 3.8 mb ISC
2006 02 16 0046 122.536 -17.735 10.0 3.4 mb ISC
2006 02 22 0842 128.384 -10.382 35.0 3.3 mb ISC
2006 04 26 1424 122.161 -17.435 6.6 3.3 ML AUST
2006 09 18 0823 123.289 -17.686 0.0 3.4 mb IDC
2006 10 06 1206 113.904 -22.269 26.0 3.0 ML AUST
2007 02 05 1717 125.413 -19.294 5.0 3.0 ML AUST
2007 02 09 1634 123.613 -17.818 15.0 3.2 ML AUST
2007 02 15 1538 113.383 -25.918 10.0 5.2 Mw ISC
2007 04 28 2219 124.759 -12.018 21.0 4.3 mb ISC
2007 10 25 0128 114.667 -23.774 19.0 3.5 ML AUST
2007 11 04 1219 114.861 -23.842 15.0 4.0 ML AUST
2007 11 07 1910 114.933 -23.833 0.0 4.4 ML AUST
2007 12 13 0529 122.823 -12.537 15.0 3.8 ML AUST
2008 01 28 1537 113.872 -22.683 7.2 3.1 ML AUST
2008 02 06 0646 129.644 -13.402 6.7 4.2 ML AUST
2008 05 28 0935 118.920 -18.430 5.0 3.6 ML AUST
2008 06 01 1214 113.506 -24.208 10.0 3.1 ML AUST
2008 07 29 1109 122.110 -14.550 0.0 4.5 ML AUST
2008 08 02 0518 122.166 -14.656 2.6 4.1 ML AUST
2008 09 20 1929 128.700 -12.870 0.0 4.2 ML IDC
2009 03 06 0135 121.240 -16.271 10.0 4.8 mb ISC
2009 04 05 2210 119.480 -16.940 10.0 4.7 mb BKK
2009 06 06 1826 113.267 -28.278 0.0 3.4 ML AUST
2009 12 05 1540 114.013 -22.036 21.0 3.0 ML AUST
2009 12 20 0856 128.380 -10.100 0.0 3.0 ML IDC
2010 05 22 0410 122.940 -12.820 82.0 3.2 Ms IDC
2010 07 04 0348 113.667 -22.370 13.0 3.1 ML AUST
2010 07 16 1635 119.068 -18.000 0.0 3.7 ML AUST
2010 09 02 0725 129.351 -14.310 0.0 3.1 ML AUST
2010 10 15 1306 117.435 -19.603 10.0 3.5 ML AUST
2010 11 24 1744 121.321 -17.094 10.0 3.1 ML AUST
2010 12 02 0837 128.614 -14.786 0.0 3.0 ML IDC
2010 12 21 1500 127.327 -13.115 10.0 3.5 ML AUST
2011 04 14 0118 123.730 -18.197 20.0 3.6 ML AUST
2011 05 07 0523 123.021 -17.833 10.0 4.0 mb ISC
2011 05 09 0818 112.972 -27.250 10.0 3.5 ML AUST
2011 05 11 2034 125.207 -12.614 0.0 3.2 mb IDC
2011 06 21 2003 113.481 -25.292 0.0 3.1 ML AUST
2011 06 27 2218 115.643 -25.283 0.0 3.5 ML AUST
2011 07 02 0048 123.958 -18.366 0.0 4.0 ML IDC
2011 07 11 1939 116.135 -20.051 33.0 3.5 ML AUST
2011 07 14 0235 114.173 -33.165 0.0 3.4 ML AUST
2011 07 24 1316 114.557 -23.533 10.0 3.2 ML AUST
2011 11 23 1100 122.593 -12.527 0.0 3.0 ML IDC
2011 12 05 1910 114.777 -21.809 10.0 5.2 Mw ISC
2012 03 01 0418 120.644 -16.505 33.0 3.8 ML AUST
2012 03 05 1720 120.616 -16.820 33.0 3.1 ML AUST
2012 03 16 1304 113.952 -27.009 5.0 3.0 ML AUST
2012 03 29 0505 114.224 -29.031 3.0 3.4 ML AUST
2012 05 11 1827 128.104 -10.582 116.0 4.5 mb USGS
2012 12 19 2350 112.497 -24.921 nan 3.0 ML AUST
2012 12 28 1204 112.396 -24.344 3.0 3.7 ML AUST
2012 12 29 1743 113.024 -24.529 10.0 3.0 ML AUST
2013 01 15 0711 112.861 -25.040 0.0 3.4 ML AUST
2013 01 18 1535 118.563 -18.486 5.0 3.5 ML AUST
2013 03 20 2314 123.373 -17.630 10.0 3.1 ML AUST
2013 06 23 1248 114.766 -25.094 0.0 3.2 ML AUST
2013 10 23 1952 120.234 -17.087 30.0 3.0 ML AUST
2013 12 06 1207 112.649 -25.349 10.0 3.2 ML AUST
2014 03 01 1414 122.304 -17.698 10.0 3.2 ML AUST
2014 06 15 0738 121.783 -15.314 10.0 3.5 ML AUST
2014 07 29 0439 118.765 -18.315 40.0 3.9 ML AUST
2014 08 16 2215 114.574 -23.517 10.0 3.6 ML AUST
2014 08 22 0725 114.610 -23.505 10.0 3.8 ML AUST
2014 09 13 2209 113.285 -24.903 15.0 3.2 ML AUST
2014 10 10 0423 113.734 -27.269 10.0 3.5 ML AUST
2014 11 28 0301 112.569 -26.054 15.0 4.0 ML AUST
2015 01 14 1212 114.522 -23.460 10.0 3.2 ML AUST
2015 03 04 0301 119.213 -18.134 105.0 3.6 ML AUST
2015 04 02 0013 115.070 -26.926 10.0 3.1 ML AUST
2015 04 13 0225 122.621 -17.544 10.0 3.2 ML AUST
2015 04 28 1816 124.700 -18.383 10.0 3.5 ML AUST
2015 05 22 0010 110.996 -32.818 10.0 4.1 ML SRC
2015 05 28 1831 123.598 -18.074 15.0 3.3 ML AUST
2015 07 06 2254 113.626 -27.700 10.0 3.0 ML SRC
2015 07 20 2218 119.875 -18.557 15.0 3.9 ML AUST
2015 10 07 2030 121.874 -17.229 14.0 4.5 mb USGS
2015 10 27 0632 126.526 -20.267 10.0 3.7 ML AUST
2015 10 27 0638 115.570 -20.507 10.0 3.5 ML AUST
2015 12 19 1213 113.267 -25.144 10.0 3.3 ML AUST
2016 01 01 1946 129.230 -13.891 15.0 3.2 ML AUST
2016 01 13 1225 116.789 -19.397 10.0 3.4 ML AUST
2016 03 26 1454 111.834 -24.981 15.0 3.0 ML AUST
