1965 05 19 0213 111.953 -25.027 4.7 5.00 MW EHB
1966 11 13 0341 111.900 -24.200 33.0 4.80 MW ISC
1975 04 18 1634 113.860 -24.400 0.0 4.50 MW MGO
1978 12 15 1410 111.570 -26.140 10.0 4.60 MW MGO
1979 07 17 1727 113.790 -25.600 10.0 3.40 MW MGO
1980 08 08 0227 112.830 -27.220 19.0 3.30 MW MGO
1980 11 02 1827 113.320 -23.860 10.0 3.30 MW MGO
1981 02 21 0619 114.550 -29.420 0.0 3.20 MW MGO
1981 06 07 1451 112.180 -24.330 10.0 3.20 MW MGO
1981 06 29 0639 111.217 -26.356 37.0 4.40 MW ISC
1981 07 03 2129 112.970 -25.010 10.0 3.30 MW MGO
1981 07 07 1825 110.760 -26.250 10.0 3.10 MW MGO
1981 09 26 0127 112.060 -23.130 10.0 4.30 MW MGO
1982 04 28 1501 110.920 -26.550 10.0 3.30 MW MGO
1982 12 13 1619 113.020 -27.560 10.0 3.00 MW MGO
1983 03 21 0033 113.280 -28.670 10.0 3.00 MW MGO
1983 04 09 0519 114.380 -29.290 37.0 3.20 MW MGO
1983 04 24 0918 111.220 -26.680 37.0 3.10 MW MGO
1983 07 15 1704 111.810 -25.070 10.0 4.00 MW MGO
1983 08 06 0227 112.520 -26.270 10.0 3.60 MW MGO
1983 09 02 1822 113.030 -23.990 10.0 3.70 MW MGO
1983 10 03 0751 112.940 -25.010 10.0 3.60 MW MGO
1983 10 24 0053 114.920 -26.940 10.0 4.00 MW MGO
1983 12 13 2310 114.110 -28.190 10.0 3.00 MW MGO
1983 12 17 0853 113.480 -27.090 10.0 2.80 MW MGO
1984 04 17 0326 113.940 -29.200 10.0 3.20 MW MGO
1984 05 22 1852 110.740 -24.630 37.0 3.80 MW MGO
1984 06 12 1957 112.420 -23.970 10.0 3.00 MW MGO
1984 09 01 2255 113.320 -27.140 10.0 3.00 MW MGO
1984 09 13 1948 111.310 -26.460 10.0 3.10 MW MGO
1985 03 20 0833 111.580 -26.950 10.0 3.20 MW MGO
1985 03 28 2240 112.960 -24.150 37.0 3.10 MW MGO
1985 04 01 0448 113.960 -24.500 10.0 3.00 MW MGO
1985 11 10 1711 111.100 -26.470 10.0 3.00 MW MGO
1985 11 15 0835 113.530 -23.740 10.0 3.90 MW MGO
1985 11 29 1932 114.360 -25.930 10.0 3.30 MW MGO
1985 12 16 1014 113.230 -27.320 10.0 3.30 MW MGO
1986 01 14 0038 113.440 -23.870 5.0 4.20 MW MGO
1986 01 28 1629 113.590 -25.750 5.0 3.30 MW MGO
1986 03 14 1654 113.710 -29.020 5.0 3.00 MW MGO
1986 05 22 2100 111.300 -24.920 5.0 3.10 MW MGO
1986 10 26 0552 111.190 -26.670 5.0 3.00 MW MGO
1986 12 30 1452 111.370 -26.060 5.0 2.80 MW MGO
1987 07 19 0303 113.060 -27.220 5.0 5.00 MW MGO
1987 10 16 1119 112.560 -25.760 5.0 4.70 MW MGO
1987 10 21 0233 112.840 -26.360 5.0 3.80 MW MGO
1988 03 20 1915 114.000 -29.110 5.0 3.00 MW MGO
1989 03 27 1225 111.730 -25.580 5.0 3.20 MW MGO
1989 10 02 1607 111.168 -24.416 5.0 3.10 MW MGO
1990 03 30 1131 113.385 -24.022 5.0 3.50 MW MGO
1990 05 28 0823 113.839 -27.549 5.0 2.90 MW MGO
1990 08 28 1004 112.751 -22.864 5.2 3.60 MW MGO
1991 02 08 0015 114.246 -24.638 5.0 2.90 MW MGO
1991 03 17 0938 114.010 -28.092 5.0 3.30 MW MGO
1991 04 14 0746 111.306 -26.664 5.0 3.70 MW ISC
1991 04 20 1508 112.506 -27.384 5.0 3.10 MW MGO
1991 07 02 0648 111.266 -26.954 5.0 3.60 MW MGO
1991 09 05 0611 112.678 -25.093 5.0 3.00 MW MGO
1991 12 06 1458 112.167 -26.763 5.0 3.30 MW MGO
1992 06 25 1959 113.135 -23.552 5.0 3.20 MW MGO
1994 05 02 1230 111.727 -26.118 5.0 2.80 MW MGO
1995 02 11 0812 113.904 -27.206 5.0 2.90 MW MGO
1995 08 17 1336 113.199 -25.618 5.0 3.10 MW MGO
1995 08 25 1150 112.183 -23.754 5.0 4.60 MW ISC
1995 10 29 0655 113.531 -24.063 5.0 3.40 MW MGO
1996 01 09 0407 112.237 -23.336 5.0 2.80 MW MGO
1996 03 11 0039 113.860 -29.209 5.0 3.00 MW MGO
1996 09 06 2024 115.047 -27.240 5.0 3.30 MW MGO
1997 01 22 1504 112.051 -23.659 17.0 2.80 MW MGO
1997 05 18 0835 112.975 -23.740 5.0 3.00 MW MGO
1997 07 08 2134 114.330 -28.465 5.0 4.20 MW MGO
1997 08 12 1811 111.128 -24.657 5.0 3.00 MW MGO
1997 09 13 1158 113.653 -24.219 5.0 2.90 MW MGO
1997 12 14 1836 112.980 -23.943 84.0 3.30 MW MGO
1998 03 12 1240 113.308 -23.750 5.0 3.20 MW MGO
1998 04 17 0716 113.066 -24.875 5.0 2.80 MW MGO
1998 05 18 2145 111.366 -24.705 5.0 3.00 MW MGO
1998 07 21 1223 113.504 -28.226 5.0 3.00 MW MGO
1999 08 21 0714 112.260 -23.660 5.0 2.80 MW MGO
1999 08 25 1223 112.570 -24.340 5.0 3.00 MW MGO
2000 01 20 1501 114.050 -24.130 5.0 3.40 MW MGO
2000 03 19 2307 113.190 -24.100 11.0 3.00 MW AGSO
2000 04 01 1329 111.629 -25.186 0.0 4.30 MW AGSO
2000 05 14 1239 112.960 -23.282 10.0 4.10 MW ISC
2000 07 25 0333 113.630 -24.190 5.0 3.80 MW AUST
2001 04 29 1954 114.042 -27.651 9.0 3.90 MW ISC
2001 04 30 2338 113.070 -24.500 18.0 3.40 MW AGSO
2001 09 04 1656 115.192 -27.288 5.0 3.40 MW ISC
2002 04 05 1910 112.388 -25.181 10.0 4.10 MW ISC
2002 04 06 1135 114.450 -26.355 5.0 2.80 MW AUST
2002 05 11 1350 113.192 -25.023 6.0 2.90 MW AUST
2003 04 10 0041 114.333 -29.330 10.0 3.30 MW AUST
2003 04 30 0255 111.072 -25.086 22.0 3.30 MW AUST
2003 06 19 0726 113.192 -25.481 1.0 3.00 MW AUST
2003 10 19 0842 112.143 -24.983 116.0 3.40 MW AUST
2004 05 10 1839 113.004 -24.516 20.0 3.40 MW AUST
2005 03 07 1452 112.565 -24.309 10.0 3.30 MW AUST
2005 12 20 1949 114.102 -29.400 10.0 3.80 MW AUST
2005 12 27 0932 112.757 -24.860 0.0 3.50 MW AUST
2007 02 15 1538 113.383 -25.918 10.0 5.10 MW ISC
2007 06 28 1602 112.923 -28.741 15.0 3.20 MW AUST
2008 02 18 1918 112.770 -26.693 10.0 2.80 MW AUST
2008 03 31 0827 112.332 -27.666 18.0 4.40 MW AUST
2008 06 01 1214 113.506 -24.208 10.0 3.10 MW AUST
2009 06 06 1826 113.267 -28.278 0.0 3.40 MW AUST
2010 05 19 2008 111.125 -24.985 50.0 3.63 MW AUST
2010 08 22 0410 110.795 -24.777 10.0 3.40 MW AUST
2011 05 09 0818 112.972 -27.250 10.0 3.47 MW AUST
2011 06 21 2003 113.481 -25.292 0.0 3.10 MW AUST
2012 02 18 0402 113.603 -24.096 10.0 2.90 MW AUST
2012 03 16 1304 113.952 -27.009 5.0 3.00 MW AUST
2012 03 29 0505 114.224 -29.031 3.0 3.37 MW AUST
2012 07 20 1702 113.708 -27.303 8.0 2.90 MW AUST
2012 09 10 0316 113.395 -24.438 0.0 2.80 MW AUST
2012 12 19 2350 112.497 -24.921 0.0 3.00 MW AUST
2012 12 28 1204 112.396 -24.344 3.0 3.73 MW AUST
2012 12 29 1743 113.024 -24.529 10.0 3.00 MW AUST
2013 01 15 0711 112.861 -25.040 0.0 3.42 MW AUST
2013 10 04 1335 113.311 -23.878 10.0 2.90 MW AUST
2013 12 06 1207 112.649 -25.349 10.0 3.20 MW AUST
2014 02 03 0106 114.251 -24.941 10.0 2.90 MW AUST
2014 09 13 2209 113.285 -24.903 15.0 3.20 MW AUST
2014 10 10 0423 113.734 -27.269 10.0 3.48 MW AUST
2014 11 03 1337 112.773 -26.559 0.0 2.80 MW AUST
2014 11 28 0301 112.569 -26.054 15.0 4.00 MW AUST
2015 04 02 0013 115.070 -26.926 10.0 3.10 MW AUST
2015 07 06 2254 113.626 -27.700 10.0 3.00 MW SRC
2015 12 19 1213 113.267 -25.144 10.0 3.25 MW AUST
2016 03 26 1454 111.834 -24.981 15.0 3.00 MW AUST
2016 05 03 1728 114.402 -29.520 10.0 2.90 MW AUST
2016 05 27 1602 111.510 -24.717 32.0 3.20 MW AUST
2016 12 12 1733 113.115 -27.652 10.0 3.00 MW AUST
2017 02 26 1741 112.877 -24.785 10.0 3.20 MW AUST
2017 04 27 0153 111.506 -24.840 10.0 3.36 MW AUST
