1968 08 02 2045 133.100 -22.780  30.0 4.59 MW ISC
1970 02 08 1631 125.080 -27.400   1.0 4.95 MW ISC
1970 03 24 1035 126.673 -22.059  15.0 5.87 MW EHB
1972 01 18 1033 126.580 -22.980   0.0 3.93 MW BMR
1972 07 22 0419 126.710 -28.030   0.0 4.47 MW MGO
1973 03 11 1604 127.418 -21.889  10.0 4.83 MW ISC
1973 07 24 1117 126.533 -22.009  10.0 5.43 MW ISC
1975 01 10 0820 126.110 -27.740   0.0 5.55 MW MGO
1975 03 07 2013 126.580 -25.860   0.0 4.71 MW MGO
1976 03 15 1538 125.470 -32.340  10.0 5.07 MW MGO
1976 04 18 1950 126.546 -22.184  51.0 4.35 MW ISC
1976 10 21 1112 126.665 -22.347  33.0 4.71 MW USGS
1977 05 15 1916 117.950 -35.000  10.0 4.01 MW MGO
1977 08 17 2116 125.424 -29.797   0.0 3.96 MW ISC
1978 05 06 1952 126.560 -19.550  17.0 5.07 MW BMR
1978 12 12 0651 126.420 -22.052  19.0 4.11 MW ISC
1979 04 24 2314 129.160 -26.340   0.0 4.32 MW BMR
1979 07 21 1728 120.940 -26.790  10.0 3.01 MW MGO
1979 08 17 0806 126.590 -21.890  19.0 3.19 MW MGO
1980 02 12 2241 130.099 -23.020   0.0 3.55 MW BMR
1980 06 03 1401 127.840 -21.260   0.0 3.30 MW BMR
1980 06 07 0515 130.260 -22.100   0.0 3.10 MW BMR
1980 08 02 0531 124.820 -29.410   0.0 3.07 MW MGO
1980 12 21 1320 126.570 -22.000  30.0 3.55 MW MGO
1981 04 15 2314 126.500 -22.170  19.0 3.76 MW MGO
1981 04 24 2103 129.100 -26.330  10.0 3.66 MW MGO
1981 07 26 1324 127.060 -26.390   0.0 3.28 MW MGO
1981 10 25 1032 130.130 -25.050  10.0 3.48 MW BMR
1982 01 27 2312 125.390 -27.350  10.0 3.25 MW MGO
1982 02 13 0826 126.643 -22.096  10.0 4.59 MW BMR
1982 03 13 1817 120.710 -23.360  10.0 3.05 MW MGO
1982 05 26 1755 120.830 -22.240  10.0 3.48 MW MGO
1982 07 01 1720 127.220 -33.520  37.0 3.03 MW MGO
1982 07 04 0705 131.010 -26.470  10.0 3.14 MW MGO
1982 08 24 0232 131.420 -26.410  10.0 3.94 MW MGO
1982 11 20 0200 127.090 -19.036  19.0 3.66 MW ISC
1982 12 14 1254 126.390 -22.000  10.0 3.06 MW MGO
1983 02 01 1500 126.270 -21.760  10.0 3.09 MW MGO
1983 09 26 1219 131.440 -26.920  10.0 3.09 MW MGO
1983 10 04 0012 130.250 -24.140  10.0 3.20 MW MGO
1983 10 12 1925 130.330 -25.610  10.0 3.39 MW MGO
1983 12 01 1545 126.450 -21.960  10.0 3.59 MW MGO
1984 01 09 0829 130.920 -26.170   0.0 3.34 MW BMR
1984 01 16 0225 133.400 -22.100   0.0 3.09 MW BMR
1984 01 24 1441 129.700 -21.972   0.0 3.49 MW ISC
1984 02 03 1502 119.570 -34.370  10.0 3.21 MW MGO
1984 03 23 1938 125.520 -21.290  19.0 3.46 MW MGO
1984 03 30 1015 124.550 -27.140  10.0 3.28 MW MGO
1984 04 12 2046 129.883 -21.512  18.0 3.35 MW ISC
1984 05 17 0412 123.060 -21.370  15.0 3.32 MW MGO
1984 06 11 1321 122.780 -26.180   0.0 3.70 MW BMR
1984 07 07 0439 126.659 -28.219  33.0 4.24 MW ISC
1984 08 08 0357 130.150 -23.200   0.0 3.45 MW BMR
1984 09 12 2102 126.446 -22.016  33.0 3.81 MW ISC
1984 09 15 1623 130.860 -26.050   0.0 3.26 MW BMR
1984 09 22 2036 127.070 -26.420  10.0 3.00 MW MGO
1984 09 30 1819 120.690 -28.300  10.0 3.16 MW MGO
1984 10 01 1547 126.830 -18.760  10.0 3.26 MW MGO
1984 12 13 1648 124.910 -26.250  10.0 3.28 MW MGO
1984 12 28 2148 125.810 -19.270  10.0 3.11 MW MGO
1985 02 10 1559 129.910 -25.310   0.0 3.34 MW BMR
1985 02 13 2121 130.680 -20.170   0.0 3.40 MW BMR
1985 03 22 0023 125.570 -22.840  10.0 3.54 MW MGO
1985 04 03 0150 132.455 -23.016   9.0 4.59 MW ISC
1985 07 02 2345 125.300 -27.700  10.0 3.47 MW MGO
1985 07 10 0824 132.000 -25.500   0.0 3.20 MW BMR
1985 07 23 0947 126.797 -19.310  10.0 4.29 MW ISC
1985 07 29 0713 124.260 -28.100  10.0 3.29 MW MGO
1985 09 10 1157 130.240 -18.050  33.0 5.07 MW ISC
1985 09 13 2116 127.970 -17.750  10.0 3.01 MW MGO
1986 03 16 0644 126.610 -28.100   5.0 3.52 MW MGO
1986 03 30 0853 132.734 -26.310   5.0 5.70 MW EHB
1986 04 14 0633 126.270 -21.760   5.0 3.09 MW MGO
1986 04 14 1932 131.345 -24.879  10.0 3.91 MW BMR
1986 04 24 0823 127.880 -18.090   5.0 3.15 MW MGO
1986 05 26 0555 128.992 -27.768   5.0 4.13 MW BMR
1986 06 05 1115 129.340 -28.238  29.9 3.28 MW ADE
1986 06 15 0233 125.930 -25.340   5.0 3.11 MW MGO
1986 06 16 0442 129.360 -21.200   5.0 3.06 MW MGO
1986 06 23 1530 124.780 -27.590   5.0 3.68 MW MGO
1986 07 11 0613 130.555 -25.699   0.0 3.04 MW BMR
1986 07 20 0125 126.460 -21.980   5.0 3.21 MW MGO
1986 08 24 0454 126.705 -21.648  10.0 3.48 MW ISC
1986 09 04 1910 133.333 -33.619  21.9 3.18 MW ADE
1986 10 01 1319 126.240 -32.250   5.0 3.01 MW MGO
1986 10 27 1708 128.220 -23.110   5.0 3.02 MW MGO
1986 11 28 1546 129.779 -25.433   5.0 3.93 MW BMR
1987 03 30 0510 131.519 -26.062  33.0 3.72 MW BMR
1987 07 24 0019 129.663 -22.573  25.0 3.09 MW BMR
1987 08 19 1621 128.619 -24.455   0.0 3.30 MW BMR
1987 10 12 0453 118.470 -34.910   5.0 3.35 MW MGO
1987 11 01 1527 126.600 -22.080   5.0 3.19 MW MGO
1987 12 13 1529 126.270 -29.610   5.0 3.18 MW MGO
1988 01 22 1204 133.854 -19.896   5.0 6.58 MW EHB
1988 04 23 2338 126.628 -21.817   5.0 3.23 MW BMR
1988 05 08 1553 124.730 -22.830   5.0 3.14 MW MGO
1988 05 09 1924 126.430 -21.920   5.0 3.22 MW MGO
1988 06 15 0913 126.500 -31.720   5.0 4.27 MW MGO
1988 07 05 0900 123.070 -22.500   5.0 3.08 MW MGO
1988 08 08 1813 126.573 -27.243   5.0 3.95 MW BMR
1988 09 25 0628 132.342 -31.226  15.3 3.43 MW ADE
1988 11 01 0425 129.540 -25.090   5.0 3.22 MW AUST
1988 11 23 2007 122.990 -27.433   5.0 3.03 MW BMR
1988 12 23 0424 126.510 -22.000   5.0 3.13 MW MGO
1989 04 01 0517 127.770 -19.280  10.0 3.28 MW ISC
1989 05 05 0616 131.399 -17.995  10.0 3.23 MW ISC
1989 05 28 0255 130.755 -25.139  28.6 4.99 MW EHB
1989 07 27 0607 125.467 -26.092   5.0 3.18 MW MGO
1989 09 13 2152 129.969 -21.517   5.0 3.12 MW BMR
1989 10 12 0403 122.916 -27.686   5.0 3.23 MW MGO
1990 01 12 0549 131.570 -25.620   5.0 3.59 MW BMR
1990 01 12 0950 131.239 -23.053   5.0 4.31 MW AUST
1990 03 05 1258 127.775 -26.262   3.0 3.14 MW MGO
1990 03 21 1337 129.510 -25.430  10.0 4.40 MW AUST
1990 04 21 2136 127.301 -26.144  10.0 3.28 MW MGO
1990 06 26 2030 126.799 -18.698   5.0 3.43 MW MGO
1990 08 11 1754 130.270 -23.120  10.0 4.40 MW ISC
1990 11 25 2146 126.400 -21.730   5.0 3.21 MW MGO
1990 12 01 2054 131.809 -26.527  12.9 3.43 MW ADE
1990 12 01 2235 131.325 -26.582  21.6 4.06 MW ADE
1991 02 13 0735 125.653 -29.775   1.0 3.14 MW MGO
1991 03 15 0429 124.655 -29.360   1.0 3.21 MW MGO
1991 04 18 0450 132.807 -26.447  10.0 3.21 MW ADE
1992 01 18 0249 126.708 -19.856   5.0 3.21 MW MGO
1992 03 10 0347 130.077 -25.449   5.0 3.36 MW AUST
1992 03 15 0631 124.663 -28.752   5.0 3.07 MW MGO
1992 03 31 0214 126.875 -18.820  10.0 3.99 MW ISC
1992 06 02 0116 127.954 -22.015   5.0 3.36 MW MGO
1992 06 13 1805 130.096 -23.862  16.0 4.40 MW ISC
1992 06 14 1528 129.200 -21.450  10.0 3.28 MW ISC
1992 07 14 0519 129.220 -22.160  10.0 3.43 MW ISC
1992 07 15 0017 126.433 -22.064   5.0 4.66 MW AUST
1992 07 27 0940 129.286 -24.284   5.0 3.21 MW MGO
1992 08 02 0734 126.730 -19.906   5.0 3.36 MW MGO
1992 08 20 1845 130.075 -23.693   5.0 3.00 MW AUST
1992 08 21 2053 130.136 -16.818   5.0 3.90 MW AUST
1992 08 22 1054 128.791 -27.452   5.0 3.82 MW ADE
1992 12 03 1737 131.395 -25.931  10.0 3.66 MW ISC
1992 12 29 2020 129.870 -25.404   0.0 3.98 MW AUST
1993 01 11 1820 134.018 -34.640  12.8 3.00 MW ADE
1993 03 22 0208 129.903 -25.392   0.0 3.36 MW AUST
1993 04 05 1754 127.593 -25.768   5.0 3.21 MW MGO
1993 05 28 1503 121.806 -28.218   1.0 3.66 MW MGO
1993 07 06 2359 126.368 -22.569   5.0 3.43 MW MGO
1993 08 11 1914 126.841 -19.514  10.0 3.59 MW ISC
1993 11 20 0738 125.726 -20.590   5.0 3.43 MW MGO
1993 11 30 0051 125.087 -29.892   5.0 3.36 MW MGO
1993 12 31 1040 126.731 -19.881   5.0 3.00 MW MGO
1994 04 19 1125 126.548 -21.917   5.0 3.51 MW MGO
1994 06 26 0736 133.815 -33.605  13.3 3.36 MW ADE
1994 08 22 0331 126.315 -21.986   5.0 3.51 MW AUST
1994 09 01 0625 130.459 -22.873   5.0 3.28 MW AGSO
1994 12 02 1942 130.133 -23.587   0.0 4.15 MW AGSO
1994 12 10 1702 118.519 -34.969   1.0 3.00 MW MGO
1994 12 27 1910 130.248 -23.649   5.0 3.21 MW AGSO
1995 01 07 0330 126.620 -28.153   5.0 3.07 MW MGO
1995 01 11 2238 132.052 -23.401   3.0 3.07 MW AUST
1995 01 18 1302 131.906 -25.995   5.0 3.07 MW AUST
1995 02 23 0403 126.226 -21.905   5.0 3.43 MW MGO
1995 03 06 1056 129.814 -22.129   6.0 3.43 MW AGSO
1995 03 16 2301 130.406 -23.347   5.0 3.21 MW AGSO
1995 03 28 0732 120.440 -27.696   5.0 3.14 MW MGO
1995 04 05 2338 126.953 -32.672   5.0 3.98 MW MGO
1995 04 06 0402 129.025 -17.909   5.0 3.07 MW MGO
1995 06 04 2036 125.796 -24.119   5.0 3.74 MW MGO
1995 07 10 1225 132.316 -22.357   0.0 3.36 MW ISC
1995 08 10 0650 131.704 -22.357   0.0 3.28 MW ISC
1995 09 21 0940 127.504 -22.249  10.0 3.87 MW ISC
1995 10 01 1139 134.483 -19.832  24.0 3.66 MW ISC
1995 11 11 1034 131.767 -25.950  10.0 3.00 MW ISC
1995 11 20 1116 131.450 -25.991  10.0 3.59 MW ISC
1995 12 16 0156 127.454 -21.081   5.0 3.51 MW MGO
1995 12 25 1509 134.070 -18.917   0.0 3.28 MW ISC
1996 03 10 1800 128.420 -20.540   5.0 3.21 MW MGO
1996 04 22 0958 126.595 -22.082   5.0 3.66 MW MGO
1996 07 04 1241 134.200 -20.080   0.0 3.07 MW EIDC
1996 07 09 0926 129.936 -26.990   5.0 3.36 MW MGO
1996 08 07 1502 129.757 -16.643   5.0 3.07 MW MGO
1996 09 04 1211 130.685 -26.444   0.0 3.21 MW AUST
1996 11 12 0502 130.005 -21.963  11.0 3.21 MW AUST
1996 12 01 0450 132.988 -26.695   5.0 3.51 MW MGO
1996 12 06 0401 128.704 -23.405   5.0 3.14 MW MGO
1996 12 10 0602 128.448 -26.251   5.0 3.51 MW MGO
1997 02 21 0826 125.243 -27.411   5.0 3.07 MW MGO
1997 02 22 0848 126.327 -21.757  12.0 3.82 MW MGO
1997 06 06 0617 125.812 -24.156   5.0 3.21 MW MGO
1997 06 13 2222 129.181 -17.001   5.0 3.07 MW MGO
1997 06 23 2044 131.870 -23.110  19.0 4.15 MW AGSO
1997 07 23 1829 126.541 -22.114   5.0 3.66 MW MGO
1997 07 29 0742 125.807 -28.360  10.0 4.15 MW MEL
1997 08 09 2136 128.016 -21.140   5.0 3.00 MW MGO
1997 09 11 1619 126.262 -30.968   5.0 3.21 MW MGO
1997 09 26 0810 127.560 -22.792   5.0 3.14 MW MGO
1997 11 02 0718 129.606 -28.066   5.0 3.00 MW MGO
1997 11 20 0950 128.982 -26.271   5.0 3.00 MW MGO
1998 05 15 2354 130.940 -26.090   5.0 3.51 MW AGSO
1998 06 23 0838 131.860 -26.080  10.0 3.28 MW AGSO
1998 07 17 1846 127.845 -26.502  11.0 3.51 MW MGO
1998 07 23 0149 131.350 -23.030   0.0 3.21 MW AGSO
1998 07 31 0046 125.694 -24.301   5.0 3.36 MW MGO
1998 09 11 0207 132.810 -26.410   0.0 3.28 MW AGSO
1999 01 02 0555 131.754 -20.418   0.0 3.00 MW AGSO
1999 01 18 1450 126.410 -27.788  10.0 4.15 MW ISC
1999 04 09 0728 129.812 -25.189   5.0 3.14 MW MGO
1999 08 10 2118 126.610 -22.040   5.0 3.07 MW MGO
1999 08 14 1245 131.044 -26.170  10.0 3.66 MW ADE
1999 12 01 1525 126.590 -27.180   5.0 3.36 MW MGO
2000 01 10 2057 124.082 -28.554  10.0 3.21 MW ISC
2000 02 08 0426 128.814 -23.911   5.0 3.28 MW ISC
2000 02 17 1558 131.438 -25.729   0.0 3.00 MW AGSO
2000 02 29 0327 120.110 -23.530   5.0 3.00 MW MGO
2000 04 03 1109 134.790 -35.087  14.1 3.21 MW ADE
2000 06 12 2041 132.732 -19.911   0.0 3.07 MW AGSO
2000 06 19 1804 131.404 -22.832   5.0 3.59 MW ISC
2000 06 19 2124 131.351 -23.464   0.0 3.00 MW AGSO
2000 07 22 1328 132.520 -20.570   0.0 3.21 MW AUST
2000 07 25 2056 126.286 -22.291  10.0 3.14 MW ISC
2000 08 01 1123 131.749 -26.787   0.0 3.43 MW AUST
2000 08 11 0401 121.788 -34.639   0.0 3.07 MW AGSO
2000 09 07 0107 131.205 -23.264  10.0 3.28 MW ISC
2000 11 11 2200 126.172 -27.637   2.0 3.43 MW ISC
2000 11 15 0848 126.540 -22.039  11.0 3.43 MW AGSO
2001 01 10 1003 126.635 -27.890   0.0 3.14 MW ISC
2001 01 19 0700 122.425 -28.258  11.0 3.07 MW AGSO
2001 04 21 0856 127.611 -20.013  10.0 3.51 MW USGS
2001 05 28 0743 131.680 -26.500  10.0 3.21 MW AGSO
2001 07 12 0526 131.084 -26.297   7.0 3.00 MW AUST
2001 07 28 1949 126.662 -22.137  10.0 3.74 MW ISC
2001 08 14 0803 127.580 -22.940   0.0 3.82 MW AGSO
2001 08 18 0205 122.555 -33.416  10.0 3.21 MW USGS
2001 09 08 1031 133.529 -34.272   7.2 3.21 MW ADE
2001 10 13 0507 129.014 -30.501  12.6 3.07 MW AUST
2001 10 19 0418 129.547 -23.601   1.0 3.98 MW AUST
2001 10 23 0617 124.381 -28.200  10.0 3.14 MW ISC
2002 02 06 0448 120.413 -22.785  10.0 3.74 MW AUST
2002 03 17 0109 125.388 -27.539   5.0 3.43 MW AUST
2002 03 24 1156 131.680 -26.691   2.0 3.59 MW ADE
2002 04 15 2244 130.040 -23.151   3.0 3.51 MW AUST
2002 04 16 1601 129.965 -23.024   2.0 3.51 MW AUST
2002 06 28 1257 130.090 -23.291   5.0 3.36 MW AUST
2002 09 09 0657 126.709 -31.527   6.0 3.90 MW AUST
2002 10 06 1457 129.274 -22.186   1.0 3.74 MW AUST
2002 10 25 0425 126.813 -32.415   5.0 3.59 MW AUST
2003 01 23 1048 129.944 -22.801   5.0 3.00 MW AUST
2003 03 06 0357 126.675 -22.162  10.0 3.43 MW ISC
2003 03 27 1440 133.274 -33.780  24.1 3.59 MW ADE
2003 05 27 1023 135.607 -35.217   8.8 3.28 MW ADE
2003 06 06 1140 126.524 -22.073   0.0 3.36 MW AUST
2003 06 21 1551 132.673 -21.097   0.0 3.36 MW AUST
2003 07 03 0536 120.149 -25.795  21.8 3.66 MW AUST
2003 07 18 1319 119.609 -34.372   5.0 3.14 MW AUST
2003 08 07 0510 129.882 -23.343   0.0 3.36 MW AUST
2003 09 16 1616 130.389 -22.676   0.0 3.36 MW AUST
2003 12 05 2226 126.844 -18.387  10.0 3.87 MW ISC
2004 01 23 0928 132.786 -22.297  10.0 3.36 MW AUST
2004 01 26 2039 131.849 -26.181  10.0 3.36 MW AUST
2004 02 23 1723 125.571 -20.832   5.0 3.82 MW AUST
2004 03 05 0011 127.084 -32.346  10.0 4.31 MW ISC
2004 04 10 0555 130.093 -25.064  10.0 3.28 MW ISC
2004 05 05 1008 131.071 -26.042  10.0 3.59 MW ISC
2004 06 07 1340 125.483 -27.695   6.8 3.82 MW AUST
2004 07 01 1158 127.590 -22.940   0.0 3.21 MW AUST
2004 08 14 1537 130.950 -26.090   0.8 3.59 MW AUST
2004 09 02 1056 131.885 -26.548   0.0 3.07 MW AUST
2004 09 15 1623 125.035 -29.645  12.0 3.07 MW AUST
2005 01 12 1917 127.876 -23.004   0.9 3.07 MW AUST
2005 03 13 0209 131.694 -26.205   5.0 4.49 MW ISC
2005 03 19 0729 130.868 -26.091  10.0 4.06 MW AUST
2005 03 29 1615 126.605 -22.144   5.0 3.59 MW AUST
2005 08 13 1516 127.740 -22.860  10.0 3.00 MW AUST
2006 04 01 0109 130.972 -26.046  10.0 3.99 MW ISC
2006 04 03 2158 132.175 -26.034   0.0 3.00 MW IDC
2006 05 14 0927 127.311 -18.327   0.0 3.00 MW AUST
2006 05 24 2134 129.984 -23.204  10.0 3.90 MW ISC
2006 06 15 1520 131.777 -23.003   0.0 3.07 MW AUST
2006 06 17 2041 132.479 -21.248   0.0 3.07 MW AUST
2006 09 13 0547 126.611 -22.141  10.0 3.36 MW ISC
2006 11 28 2151 123.951 -28.561   9.0 3.28 MW AUST
2007 02 05 1717 125.413 -19.294   5.0 3.21 MW AUST
2007 04 05 0942 132.208 -24.721   0.0 3.07 MW IDC
2007 04 20 0719 132.900 -26.572   0.0 3.28 MW IDC
2007 07 01 1356 128.633 -23.003  10.0 3.90 MW ISC
2007 08 03 0838 120.571 -23.394   0.0 3.14 MW IDC
2007 09 28 0840 120.660 -23.150   0.0 3.28 MW IDC
2007 11 05 0641 129.666 -22.390   0.0 3.51 MW AUST
2007 12 01 2058 129.657 -22.291  10.0 3.51 MW AUST
2008 03 19 0717 134.047 -19.654  15.0 3.74 MW AUST
2008 03 20 0515 126.017 -23.696   0.0 3.21 MW AUST
2008 04 19 1624 125.698 -20.470  10.0 3.00 MW AUST
2008 05 01 1352 124.316 -28.028   8.0 3.07 MW AUST
2008 05 20 0825 129.609 -23.363   0.0 3.66 MW AUST
2008 06 23 1317 127.722 -18.176   0.0 3.07 MW AUST
2008 07 09 2345 125.223 -26.034   1.4 4.62 MW AUST
2008 07 27 0644 127.744 -18.144   0.0 3.07 MW AUST
2008 12 05 1530 127.550 -22.203   3.0 3.21 MW AUST
2009 01 14 2257 133.172 -29.228  12.5 3.05 MW ADE
2009 10 16 0224 133.119 -34.419  32.3 4.15 MW ADE
2009 11 03 0654 125.792 -27.579   9.5 3.51 MW AUST
2010 03 11 1257 132.472 -22.413   0.0 3.07 MW AUST
2010 03 20 1056 126.785 -18.718   1.0 3.14 MW AUST
2010 06 09 1541 123.256 -22.166   0.0 3.43 MW AUST
2010 06 21 0404 129.752 -21.524   5.0 3.63 MW AUST
2010 07 05 1229 131.061 -25.940   0.0 3.36 MW IDC
2010 07 27 0635 128.845 -23.113   0.0 3.51 MW IDC
2010 08 30 0417 127.636 -22.936   0.0 3.21 MW IDC
2010 08 30 1349 134.033 -20.633  10.0 3.59 MW ISC
2010 12 25 1201 129.721 -22.197  15.0 3.36 MW AUST
2011 01 11 0311 124.491 -27.997   0.0 3.61 MW AUST
2011 02 24 0226 120.084 -26.564  10.0 3.21 MW AUST
2011 04 01 0817 134.067 -18.870   0.0 3.59 MW IDC
2011 05 11 1215 133.096 -26.709   0.0 3.14 MW IDC
2011 05 20 2003 119.504 -23.567  10.0 4.54 MW ISC
2011 10 27 0705 126.529 -22.061  10.0 3.28 MW AUST
2011 11 11 1943 127.337 -21.368  15.0 3.07 MW AUST
2011 12 27 1410 120.296 -26.741  10.0 3.00 MW AUST
2012 03 23 0925 131.971 -26.178  10.0 5.18 MW GG
2012 04 19 2103 132.976 -26.050  20.3 3.69 MW ADE
2012 06 03 0920 129.173 -17.083  15.0 3.07 MW AUST
2012 07 09 0655 133.780 -33.562  18.3 3.10 MW ADE
2012 09 14 1710 129.475 -20.951   5.0 3.36 MW AUST
2012 09 26 0522 132.163 -26.054  13.0 3.56 MW AUST
2012 10 07 0320 120.630 -27.768   0.0 3.36 MW AUST
2012 10 12 1927 127.681 -22.881  10.0 3.60 MW AUST
2012 11 08 0356 127.209 -29.907  32.5 3.63 MW ADE
2012 11 21 0621 128.603 -22.974  10.0 3.41 MW AUST
2012 11 28 2235 125.943 -27.757   0.0 3.89 MW AUST
2013 01 05 0232 120.611 -27.808   0.0 3.21 MW AUST
2013 01 06 1702 120.383 -28.075  10.0 3.00 MW AUST
2013 03 08 2159 122.228 -21.738  10.0 3.50 MW AUST
2013 03 15 0440 127.693 -22.755  10.0 3.63 MW AUST
2013 03 21 0408 127.736 -25.581  10.0 3.14 MW AUST
2013 04 30 0823 120.609 -27.795   8.0 3.00 MW AUST
2013 05 05 0631 120.521 -27.864   0.0 3.00 MW AUST
2013 05 07 2148 132.113 -26.185   4.0 3.40 MW AUST
2013 06 09 1422 132.230 -25.953  33.4 5.38 MW ADE
2013 06 12 1330 127.743 -22.752   0.0 3.70 MW AUST
2013 07 29 0521 131.669 -22.675   0.0 3.36 MW AUST
2013 08 02 1746 121.413 -26.146  10.0 3.21 MW AUST
2013 08 17 2144 121.210 -28.123  10.0 3.21 MW AUST
2013 10 14 1554 130.825 -24.050   0.0 3.54 MW AUST
2013 10 30 2225 120.746 -27.786   0.0 3.75 MW AUST
2013 12 16 1838 125.154 -21.811  15.0 3.36 MW AUST
2014 02 01 0526 119.627 -34.614  10.0 3.00 MW AUST
2014 02 07 0118 126.183 -32.285   0.0 3.36 MW AUST
2014 05 04 2237 128.589 -23.005  10.0 3.91 MW AUST
2014 05 13 1351 122.339 -28.327   9.0 3.21 MW AUST
2014 06 02 1012 126.236 -32.693  10.0 3.40 MW AUST
2014 07 09 1555 127.320 -23.122  10.0 3.58 MW AUST
2014 07 16 0035 128.382 -25.718  10.0 3.56 MW AUST
2014 07 29 0650 123.863 -26.105  10.0 3.56 MW AUST
2014 09 18 0321 126.970 -31.646  15.0 3.40 MW AUST
2014 10 24 1821 129.685 -23.579   0.0 3.14 MW AUST
2014 12 01 1025 131.300 -21.716  10.0 3.77 MW AUST
2015 01 06 1241 133.071 -26.862   4.0 3.48 MW AUST
2015 01 06 1311 133.074 -27.030  16.3 3.51 MW SRC
2015 01 17 1741 119.300 -23.306   0.0 3.07 MW AUST
2015 03 18 0549 131.356 -17.946  15.0 3.28 MW AUST
2015 03 28 1214 128.154 -27.009   0.0 3.21 MW AUST
2015 05 02 2131 132.111 -25.916  23.0 3.42 MW AUST
2015 05 11 1331 127.779 -18.152  10.0 3.00 MW AUST
2015 08 16 0013 133.254 -29.278  17.3 3.21 MW ADE
2015 10 13 0654 120.751 -22.569  13.0 4.08 MW AUST
2015 10 27 0632 126.526 -20.267  10.0 3.77 MW AUST
2016 03 11 0148 121.576 -26.102  10.0 3.21 MW AUST
2016 05 16 2013 128.602 -22.904  10.0 4.15 MW AUST
2016 05 20 1814 129.832 -25.579   0.0 6.09 MW AUST
2016 06 10 0149 126.347 -28.009   0.0 3.51 MW AUST
2016 09 10 1534 127.115 -23.514   0.0 3.36 MW AUST
2016 09 20 0108 132.526 -26.517   9.0 3.43 MW AUST
2016 11 06 0954 128.002 -19.102  10.0 4.48 MW USGS
2017 02 12 0919 131.951 -26.097  10.0 3.14 MW AUST
2017 04 04 0355 128.939 -25.903  10.0 3.96 MW AUST
2017 04 22 1929 131.217 -29.953  10.0 3.00 MW AUST
2017 05 03 1756 127.936 -22.607  10.0 3.28 MW AUST
2017 05 15 1912 123.588 -27.167  10.0 3.90 MW AUST
2017 07 15 2127 131.897 -26.122   0.0 3.36 MW AUST
