1965 06 03 2159 150.220 -28.080  10.0 4.76 MW BMR
1965 09 14 1253 144.300 -38.700  10.0 5.02 MW Underwood
1966 05 03 1907 147.168 -37.042  15.0 5.32 MW Denham
1968 07 08 1150 150.510 -34.570  13.0 4.41 MW CAN
1968 12 31 1608 149.260 -31.040   0.0 4.56 MW CAN
1969 06 20 1115 146.300 -38.470  19.0 4.93 MW BMR
1971 07 06 2154 145.048 -38.452  17.0 4.47 MW MEL
1973 03 09 1909 150.340 -34.187  28.9 5.15 MW MEL
1975 01 05 1146 144.213 -36.036  30.7 3.06 MW MEL
1975 01 22 0037 143.550 -38.440  32.0 3.24 MW BMR
1975 01 26 1632 146.070 -36.260   4.0 3.27 MW CAN
1975 02 03 0255 144.221 -36.039  28.6 3.20 MW MEL
1975 02 06 0220 151.730 -34.380   0.0 2.98 MW CAN
1975 02 08 1734 147.870 -34.660   8.0 3.11 MW CAN
1975 02 08 2327 147.460 -36.740   3.0 2.91 MW CAN
1975 03 07 1131 144.510 -36.840  10.0 3.22 MW BMR
1975 03 26 1013 146.695 -37.909  14.3 2.98 MW MEL
1975 04 04 2241 143.280 -36.090  32.0 2.93 MW BMR
1975 04 17 0829 148.366 -36.146   2.0 3.33 MW CAN
1975 05 03 0909 144.000 -41.700   0.0 3.97 MW BMR
1975 05 05 1728 144.200 -36.070  10.0 3.41 MW BMR
1975 05 29 0841 148.150 -34.350   3.0 3.05 MW CAN
1975 05 31 1436 147.280 -33.840   9.0 3.19 MW CAN
1975 06 05 0700 150.161 -36.251   4.0 2.99 MW CAN
1975 06 06 0500 151.480 -34.500   7.0 3.57 MW CAN
1975 06 15 1306 139.257 -37.406   7.7 3.50 MW ADE
1975 06 23 0233 139.133 -37.563  23.8 3.16 MW ADE
1975 07 22 1130 146.180 -38.400  10.0 3.00 MW BMR
1975 07 23 0346 145.520 -36.830   0.0 3.00 MW CAN
1975 07 29 2311 151.730 -34.000   0.0 3.56 MW CAN
1975 08 02 1938 149.120 -34.200   7.0 2.98 MW CAN
1975 08 04 1717 149.194 -34.784   1.0 3.27 MW BMR
1975 08 07 0330 150.210 -36.760  11.0 3.27 MW CAN
1975 08 21 2043 147.240 -36.820   3.0 3.58 MW CAN
1975 08 31 0016 144.950 -40.530   0.0 3.32 MW BMR
1975 09 06 0213 144.480 -35.750  10.0 3.05 MW BMR
1975 09 08 1741 145.890 -38.540   0.0 3.34 MW BMR
1975 10 25 1341 151.030 -35.440   5.0 2.99 MW CAN
1975 11 08 0537 144.840 -40.650  10.0 3.03 MW BMR
1975 11 12 1029 151.900 -25.600  10.0 3.04 MW BRS
1975 11 21 0532 147.750 -36.540  14.0 2.97 MW CAN
1975 11 22 1931 140.060 -38.189  18.0 4.07 MW ISC
1975 11 26 0127 147.400 -35.750   0.0 2.98 MW CAN
1975 12 03 0050 144.440 -35.930  10.0 2.91 MW BMR
1975 12 18 0152 149.000 -35.010  68.0 3.06 MW CAN
1976 01 09 0430 150.630 -34.210   7.0 3.20 MW CAN
1976 01 10 0127 149.030 -35.610  13.0 3.04 MW CAN
1976 01 16 0437 149.000 -35.010   0.0 3.05 MW CAN
1976 02 22 1518 144.081 -38.640  11.6 3.42 MW MEL
1976 02 27 1144 144.600 -33.500   0.0 3.20 MW BMR
1976 03 08 0825 146.187 -36.896   4.1 2.98 MW MEL
1976 03 08 1922 146.594 -38.076  11.3 3.00 MW MEL
1976 03 28 1816 150.140 -36.480   9.0 3.20 MW CAN
1976 04 01 0230 146.930 -39.930   0.0 3.02 MW TAU
1976 04 21 1329 150.220 -33.590  18.0 2.92 MW CAN
1976 05 01 1516 149.340 -36.070  27.0 3.97 MW CAN
1976 05 11 1002 146.454 -36.405   8.7 2.98 MW MEL
1976 06 01 0316 148.220 -34.370   8.0 3.05 MW CAN
1976 06 11 0952 145.530 -34.620   0.0 3.33 MW CAN
1976 06 20 1642 150.810 -33.620   8.0 3.26 MW CAN
1976 06 26 2055 144.880 -38.708  17.1 3.21 MW MEL
1976 07 01 1725 142.169 -38.022  12.2 3.07 MW MEL
1976 07 02 1441 147.070 -42.050   0.0 3.04 MW TAU
1976 07 08 0804 149.209 -34.445   1.0 3.05 MW BMR
1976 07 11 1258 146.190 -40.800  32.0 2.91 MW BMR
1976 07 12 1345 140.451 -37.565   4.0 3.38 MW ADE
1976 07 18 1755 148.790 -35.870   0.0 3.12 MW CAN
1976 08 14 0347 139.158 -37.848  33.0 3.72 MW ISC
1976 08 20 0100 144.210 -36.031  12.5 3.17 MW MEL
1976 08 23 1914 146.470 -35.300   4.0 3.54 MW BMR
1976 09 03 2223 148.940 -34.290  13.0 3.06 MW CAN
1976 09 08 0421 148.265 -36.493   8.0 3.78 MW MEL
1976 09 08 2146 144.830 -35.778  15.0 3.42 MW MEL
1976 09 15 0439 147.450 -34.250   0.0 3.65 MW CAN
1976 09 17 1449 147.190 -35.310  14.0 2.99 MW CAN
1976 09 22 0433 154.000 -28.000  10.0 3.44 MW BRS
1976 10 01 0046 150.700 -24.600  10.0 3.30 MW BRS
1976 10 05 1746 144.330 -42.330   0.0 2.97 MW TAU
1976 10 16 1552 148.150 -33.980  10.0 3.26 MW CAN
1976 10 16 1706 145.830 -42.220   0.0 2.98 MW TAU
1976 10 27 0443 148.330 -34.300  15.0 3.22 MW CAN
1976 11 01 0127 145.251 -39.209  15.1 2.92 MW MEL
1976 11 23 0619 149.186 -34.780   1.0 3.26 MW BMR
1976 11 28 1923 147.600 -34.230  24.0 3.07 MW CAN
1976 12 15 1603 151.030 -32.800   0.0 2.91 MW CAN
1976 12 21 1102 146.080 -42.980   0.0 3.19 MW TAU
1977 01 11 2020 147.370 -35.810  17.0 3.36 MW CAN
1977 01 17 0559 148.290 -33.500  15.0 2.93 MW CAN
1977 01 29 1041 148.810 -34.630  12.0 3.12 MW CAN
1977 02 14 1639 143.636 -39.113   0.4 3.14 MW MEL
1977 02 21 1018 146.452 -38.127   7.8 2.93 MW MEL
1977 03 01 1345 148.770 -34.760  14.0 3.26 MW CAN
1977 03 05 0604 150.350 -28.136  33.0 4.26 MW ISC
1977 04 05 1031 149.185 -34.743   1.0 3.34 MW BMR
1977 04 13 2157 150.170 -33.510  20.0 3.49 MW CAN
1977 04 29 2017 148.272 -35.454   6.0 3.05 MW MEL
1977 05 02 0400 149.190 -34.440  10.0 3.05 MW CAN
1977 05 18 2330 150.180 -33.240  12.0 2.91 MW CAN
1977 05 25 1711 148.000 -36.470  13.0 3.06 MW CAN
1977 05 29 1332 149.590 -34.590  10.0 3.05 MW CAN
1977 06 18 1315 144.686 -40.248   6.6 2.99 MW MEL
1977 07 04 2005 148.889 -34.654  13.0 4.64 MW BMR
1977 07 19 0448 148.850 -33.570  15.0 3.56 MW CAN
1977 07 24 2137 144.500 -40.830   0.0 2.94 MW TAU
1977 07 31 0013 146.480 -36.450  11.0 3.05 MW CAN
1977 07 31 0016 146.730 -36.480  17.0 3.13 MW CAN
1977 08 16 1128 142.498 -36.522  17.2 3.30 MW MEL
1977 08 17 0412 143.023 -39.352  10.6 2.92 MW MEL
1977 08 20 0940 149.100 -34.220  17.0 2.92 MW CAN
1977 08 27 1306 150.687 -29.875   8.0 3.32 MW GSQ
1977 09 02 1848 144.885 -39.188  10.3 3.12 MW MEL
1977 09 13 1418 146.456 -37.933  13.7 2.91 MW MEL
1977 09 14 0937 144.192 -36.040   5.6 3.17 MW MEL
1977 09 15 1622 150.750 -36.530   0.0 3.55 MW CAN
1977 09 17 2205 149.630 -38.000   0.0 3.14 MW CAN
1977 09 22 2055 144.723 -38.175  16.7 3.27 MW MEL
1977 09 24 1530 147.020 -41.500   0.0 2.98 MW TAU
1977 10 06 0401 153.358 -29.489   1.0 2.92 MW GSQ
1977 10 25 2354 148.340 -34.340  14.0 3.21 MW CAN
1977 11 04 0841 153.680 -24.725   9.0 3.05 MW GSQ
1977 11 07 0929 144.868 -39.220  11.6 3.13 MW MEL
1977 11 12 1840 143.544 -38.949  12.5 3.41 MW MEL
1977 11 13 1836 151.500 -33.850   0.0 3.07 MW CAN
1977 12 02 1332 144.192 -37.855  13.7 4.59 MW MEL
1977 12 04 0208 145.491 -39.503   3.6 3.45 MW MEL
1977 12 06 0441 148.390 -34.180  23.0 3.28 MW CAN
1977 12 18 1006 147.160 -34.130  15.0 2.98 MW CAN
1977 12 21 1102 146.080 -42.980   0.0 3.19 MW TAU
1978 01 08 2029 149.660 -35.800  29.0 3.06 MW CAN
1978 01 15 2149 149.120 -34.210   0.0 2.99 MW CAN
1978 01 19 0144 149.510 -33.410  11.0 2.91 MW CAN
1978 01 22 2159 145.123 -38.543   2.0 2.97 MW MEL
1978 01 23 0712 151.420 -34.150   0.0 3.96 MW CAN
1978 02 02 0206 149.540 -34.640   9.0 2.98 MW CAN
1978 02 08 1626 148.830 -34.120  13.0 2.99 MW CAN
1978 02 16 0114 139.921 -37.123  34.1 3.26 MW ADE
1978 03 01 0359 149.420 -33.290  25.0 2.99 MW CAN
1978 03 09 0215 150.250 -36.200   0.0 2.98 MW CAN
1978 03 24 0427 150.769 -26.037   8.0 3.15 MW GSQ
1978 04 25 2302 149.140 -33.190  16.0 3.36 MW CAN
1978 05 03 0335 151.050 -34.990  16.0 3.20 MW CAN
1978 05 04 1134 145.703 -40.913   8.3 3.18 MW MEL
1978 06 02 2233 148.870 -34.270  14.0 3.06 MW CAN
1978 06 11 1552 147.700 -34.300   0.0 3.04 MW CAN
1978 07 25 0420 150.390 -36.980  17.0 2.94 MW CAN
1978 07 29 1950 150.280 -36.240  24.0 3.33 MW CAN
1978 07 30 1826 149.620 -34.260  13.0 3.56 MW CAN
1978 08 10 1204 148.250 -33.470  15.0 2.98 MW CAN
1978 08 17 0255 146.454 -38.552  14.2 3.21 MW MEL
1978 08 22 1037 151.420 -32.870  20.0 3.50 MW CAN
1978 08 25 0019 145.780 -42.980  20.0 3.19 MW TAU
1978 08 25 2023 146.305 -38.416   3.6 3.21 MW MEL
1978 09 25 1621 144.377 -35.210  14.4 2.98 MW MEL
1978 10 14 0652 151.430 -33.170   0.0 2.91 MW CAN
1978 10 20 0052 147.880 -42.680   0.0 2.99 MW TAU
1978 10 23 1053 144.659 -39.249  10.2 3.00 MW MEL
1978 10 26 2211 144.770 -42.400   0.0 2.92 MW TAU
1978 11 10 1355 151.341 -24.140   1.0 3.10 MW GSQ
1978 11 25 0829 144.981 -36.494  17.2 3.64 MW MEL
1978 11 25 1346 152.128 -30.686  11.1 2.92 MW GSQ
1978 11 28 1733 152.520 -23.337   0.0 4.21 MW ISC
1978 12 10 1658 150.448 -24.450   0.0 3.05 MW BRS
1978 12 11 0231 151.690 -33.890  21.0 3.44 MW CAN
1978 12 12 0142 151.000 -25.000  10.0 3.21 MW BRS
1978 12 17 0211 145.220 -34.770   0.0 3.16 MW CAN
1978 12 24 0244 146.332 -38.451  17.2 3.08 MW MEL
1979 01 05 2245 148.710 -34.840   0.0 2.96 MW CAN
1979 01 10 1606 151.820 -33.850   0.0 2.95 MW CAN
1979 01 13 1338 140.179 -37.899  13.3 3.13 MW MEL
1979 01 15 1631 150.340 -34.140  24.0 3.07 MW CAN
1979 01 18 0508 149.230 -34.740  14.0 3.20 MW CAN
1979 01 23 1846 150.660 -36.360  16.0 3.07 MW CAN
1979 01 29 2245 148.900 -34.680   0.0 2.98 MW CAN
1979 02 03 1633 149.170 -34.780  14.0 3.20 MW CAN
1979 02 04 0254 146.910 -36.110   0.0 2.91 MW CAN
1979 02 04 1326 151.400 -33.000  29.0 3.35 MW CAN
1979 02 26 0821 151.770 -34.580   0.0 3.34 MW CAN
1979 02 28 1502 152.376 -24.002   8.0 3.16 MW GSQ
1979 03 02 1805 151.410 -32.990  13.0 3.20 MW CAN
1979 03 05 0316 148.720 -34.770  13.0 3.04 MW CAN
1979 03 13 1937 145.670 -34.720   0.0 3.30 MW CAN
1979 04 13 1524 149.850 -32.990   7.0 3.18 MW CAN
1979 04 15 2020 144.792 -39.059   0.0 2.99 MW MEL
1979 04 16 0134 150.530 -33.940  18.0 3.20 MW CAN
1979 04 23 1807 147.510 -34.230  15.0 3.11 MW CAN
1979 04 25 0926 148.890 -34.680  16.0 3.05 MW CAN
1979 04 29 0117 147.270 -34.250  14.0 3.29 MW CAN
1979 05 06 1309 149.830 -32.100   0.0 3.38 MW CAN
1979 05 09 0532 146.920 -35.720   0.0 3.00 MW CAN
1979 05 16 1506 153.955 -25.348   8.0 3.46 MW GSQ
1979 05 19 0458 150.050 -33.390  29.0 3.00 MW CAN
1979 05 22 0459 150.900 -34.660  17.0 2.93 MW CAN
1979 05 24 1711 153.040 -24.560   8.0 3.20 MW GSQ
1979 05 25 2032 148.579 -35.066  11.2 3.11 MW MEL
1979 06 17 0853 148.850 -34.380   0.0 2.98 MW CAN
1979 06 26 1215 147.106 -38.699   0.0 3.01 MW MEL
1979 07 11 0005 144.592 -39.960  17.0 3.89 MW MEL
1979 07 11 0308 146.970 -35.700  14.0 2.92 MW CAN
1979 07 12 0406 149.171 -34.779   4.3 3.97 MW MEL
1979 07 27 1435 148.140 -34.840   9.0 2.92 MW CAN
1979 07 28 2121 144.720 -40.520   0.0 3.21 MW TAU
1979 08 01 0911 148.330 -34.280   0.0 2.92 MW CAN
1979 08 13 1944 148.718 -36.373   2.0 3.04 MW CAN
1979 08 16 0527 151.270 -33.680  21.0 3.00 MW CAN
1979 08 30 0101 147.590 -38.614  17.2 2.97 MW MEL
1979 08 31 0941 148.744 -36.363   2.0 2.96 MW CAN
1979 09 06 1307 152.980 -30.870  10.0 3.25 MW BMR
1979 09 07 0617 146.870 -35.720   0.0 2.91 MW CAN
1979 09 10 1524 144.439 -39.745  17.2 3.65 MW MEL
1979 09 12 0642 148.780 -35.200  23.0 3.26 MW CAN
1979 09 20 0109 151.320 -35.220  12.0 3.06 MW CAN
1979 09 30 2255 145.849 -36.851  17.1 2.92 MW MEL
1979 10 01 0822 151.420 -32.830   0.0 3.04 MW CAN
1979 10 19 1218 146.218 -34.608  16.6 3.26 MW MEL
1979 10 19 1420 150.220 -34.150   0.0 2.91 MW CAN
1979 11 14 1608 147.240 -37.571  14.3 2.98 MW MEL
1979 11 25 1953 147.994 -37.249   2.6 2.99 MW MEL
1979 11 30 2140 147.580 -33.390  48.0 3.03 MW CAN
1979 12 06 0752 148.530 -37.860  15.0 2.96 MW CAN
1979 12 15 0951 148.690 -33.860  20.0 3.06 MW CAN
1979 12 18 2351 147.950 -35.770  12.0 2.98 MW CAN
1979 12 24 0733 146.255 -37.162  16.8 2.98 MW MEL
1979 12 25 0817 144.614 -40.533  16.6 3.19 MW MEL
1979 12 28 1112 144.398 -38.904   0.0 3.26 MW MEL
1980 01 01 0238 153.399 -25.680   0.0 3.04 MW GSQ
1980 01 03 1146 148.220 -34.010  20.0 2.98 MW CAN
1980 01 13 1838 148.370 -33.930  13.0 3.05 MW CAN
1980 01 14 1058 147.050 -34.450  17.0 2.92 MW CAN
1980 01 16 0249 145.483 -39.554  17.2 3.55 MW MEL
1980 01 19 2015 150.464 -31.115  10.0 3.33 MW BRS
1980 02 04 2334 148.380 -33.470  15.0 2.98 MW CAN
1980 02 08 0442 150.537 -21.794   9.0 3.76 MW GSQ
1980 02 17 1639 145.510 -34.890  12.0 3.17 MW CAN
1980 02 24 0552 149.200 -34.780  16.0 3.12 MW CAN
1980 03 04 2333 149.530 -33.380  20.0 3.06 MW CAN
1980 03 10 0431 147.480 -34.250  16.0 3.26 MW CAN
1980 03 25 0026 152.895 -23.794   9.0 3.41 MW GSQ
1980 03 27 1237 146.055 -38.000  14.4 2.98 MW MEL
1980 04 06 0051 149.316 -28.788   0.0 3.35 MW GSQ
1980 04 24 0417 150.090 -33.760  19.0 3.21 MW CAN
1980 04 26 2054 146.319 -34.773   2.0 3.10 MW MEL
1980 05 01 2110 149.750 -32.890  13.0 3.72 MW CAN
1980 05 02 2225 149.240 -34.580  13.0 3.05 MW CAN
1980 05 16 0941 148.390 -33.380  15.0 3.44 MW CAN
1980 05 21 0448 146.516 -37.945  14.9 3.97 MW MEL
1980 05 23 1746 149.130 -34.210  14.0 3.21 MW CAN
1980 05 27 0558 151.130 -33.250  10.0 2.91 MW CAN
1980 06 05 1419 148.566 -38.006  17.2 3.44 MW MEL
1980 06 07 0700 149.190 -34.160   0.0 3.12 MW CAN
1980 07 02 0313 149.226 -36.191  16.6 3.98 MW MEL
1980 07 07 1230 148.950 -34.510  19.0 3.57 MW CAN
1980 07 07 1509 148.670 -33.300   5.0 3.05 MW CAN
1980 07 14 0530 150.240 -34.530  22.0 3.14 MW CAN
1980 07 19 0051 148.810 -34.580  16.0 3.42 MW CAN
1980 07 22 0005 148.330 -35.750  15.0 2.91 MW CAN
1980 08 01 0907 145.552 -39.385   1.8 2.92 MW MEL
1980 08 13 0605 151.490 -30.130   0.0 3.22 MW BRS
1980 08 19 1007 147.370 -35.820  20.0 3.00 MW CAN
1980 08 27 0302 149.230 -34.580  15.0 2.98 MW CAN
1980 08 31 0430 149.210 -34.580  13.0 2.98 MW CAN
1980 09 04 2105 150.937 -29.126   1.0 4.15 MW BMR
1980 09 07 0955 150.810 -34.330  18.0 3.41 MW CAN
1980 09 11 2306 151.140 -33.170  62.0 3.05 MW CAN
1980 09 14 0219 149.230 -34.590  14.0 2.91 MW CAN
1980 09 15 0017 149.150 -34.520  20.0 3.20 MW CAN
1980 09 15 1913 148.330 -34.350  16.0 3.06 MW CAN
1980 09 18 0551 145.678 -38.360  10.4 3.26 MW MEL
1980 10 02 0234 149.240 -34.590   0.0 2.91 MW CAN
1980 10 08 1002 151.450 -35.050   0.0 3.12 MW CAN
1980 10 17 0202 151.100 -33.370  24.0 3.01 MW CAN
1980 12 02 0052 149.212 -28.370   9.0 3.35 MW GSQ
1980 12 05 0736 144.972 -37.692  12.8 2.91 MW MEL
1980 12 15 1506 151.410 -32.760  16.0 3.51 MW CAN
1980 12 23 0003 149.240 -34.590   8.0 3.20 MW CAN
1980 12 27 0440 143.693 -35.537  17.2 3.43 MW MEL
1981 01 01 0900 149.200 -32.420   0.0 3.33 MW CAN
1981 01 03 2117 150.350 -30.530   0.0 3.25 MW BRS
1981 01 07 1714 145.949 -37.123   3.6 3.11 MW MEL
1981 01 07 2110 150.660 -35.770  28.0 3.27 MW CAN
1981 01 11 1813 149.240 -34.590  16.0 3.20 MW CAN
1981 01 18 1002 148.900 -34.280  11.0 2.93 MW CAN
1981 01 23 1436 145.893 -38.567   0.0 2.91 MW MEL
1981 01 23 1600 147.229 -37.361   2.6 3.40 MW MEL
1981 01 27 1306 147.034 -36.103   2.6 3.34 MW MEL
1981 01 30 1119 149.230 -34.580  10.0 3.12 MW CAN
1981 02 25 1855 148.640 -34.520  13.0 2.91 MW CAN
1981 03 07 0236 150.250 -32.470  15.0 2.97 MW CAN
1981 03 18 1126 149.000 -34.210  15.0 2.92 MW CAN
1981 03 24 1834 152.263 -27.655  19.7 2.93 MW GSQ
1981 04 05 1452 143.267 -35.860  12.3 3.00 MW MEL
1981 04 26 1944 146.230 -41.070   0.0 2.98 MW TAU
1981 05 10 1439 150.730 -26.330  19.0 3.73 MW BRS
1981 05 15 1707 148.760 -33.440   0.0 3.21 MW CAN
1981 05 16 2255 141.664 -38.480  12.5 3.23 MW ADE
1981 05 28 1150 150.620 -35.680  34.0 3.07 MW CAN
1981 06 16 2133 144.245 -38.899  17.2 4.70 MW MEL
1981 06 20 1308 150.340 -34.160  21.0 3.58 MW CAN
1981 06 27 0422 150.650 -35.600   0.0 3.05 MW CAN
1981 06 27 2323 148.540 -33.250  19.0 2.98 MW CAN
1981 07 01 1218 144.925 -36.470   0.0 3.06 MW MEL
1981 07 08 1143 148.730 -32.550   0.0 3.14 MW CAN
1981 07 26 1705 148.820 -34.590  15.0 3.19 MW CAN
1981 07 27 0622 150.670 -34.690  13.0 2.91 MW CAN
1981 07 30 1510 151.240 -30.580   0.0 3.07 MW BRS
1981 09 05 0700 148.980 -34.210  12.0 3.12 MW CAN
1981 09 06 1927 149.407 -30.777   0.0 3.89 MW BMR
1981 09 21 1526 144.473 -35.759   8.0 3.43 MW MEL
1981 10 11 0926 151.750 -29.640   7.0 3.31 MW BRS
1981 10 23 0046 151.300 -29.320   0.0 3.64 MW BRS
1981 10 25 0828 150.480 -36.340  24.0 3.98 MW CAN
1981 11 05 0356 148.810 -36.239   0.0 3.06 MW CAN
1981 11 08 1039 149.220 -34.600  11.0 2.98 MW CAN
1981 11 11 1749 151.020 -30.260   7.0 3.62 MW BMR
1981 11 15 1658 150.847 -34.210  18.0 4.10 MW MEL
1981 11 25 1310 149.350 -31.340   0.0 3.54 MW CAN
1981 11 30 0209 148.312 -36.695   9.9 3.72 MW MEL
1981 12 07 1755 150.650 -32.650  29.0 3.54 MW CAN
1981 12 07 2253 144.599 -39.947   1.8 2.91 MW MEL
1981 12 15 0548 149.010 -35.030  15.0 3.20 MW CAN
1981 12 21 1151 147.780 -34.380  22.0 3.13 MW CAN
1981 12 22 1534 146.335 -17.572   8.7 3.21 MW GSQ
1982 01 16 1524 148.720 -34.340  16.0 3.05 MW CAN
1982 01 22 0726 148.768 -36.235   1.0 3.28 MW CAN
1982 01 27 0641 145.700 -35.600   0.0 2.95 MW CAN
1982 02 11 1458 147.484 -38.531  17.2 3.07 MW MEL
1982 02 13 0722 148.223 -36.371   0.0 3.42 MW CAN
1982 03 04 1001 151.280 -29.820  12.0 3.76 MW BRS
1982 03 09 0009 147.904 -36.224  14.4 3.56 MW MEL
1982 03 11 1045 147.820 -42.730   0.0 2.99 MW TAU
1982 03 13 2128 146.650 -33.900   0.0 3.45 MW CAN
1982 03 18 0630 151.150 -29.180   0.0 3.03 MW BRS
1982 03 23 0728 145.750 -38.387   4.0 2.98 MW MEL
1982 04 01 0131 144.128 -40.678  10.6 3.79 MW MEL
1982 04 19 2014 148.880 -33.110  15.0 3.49 MW CAN
1982 05 02 0956 148.250 -34.110  16.0 3.19 MW CAN
1982 05 02 1156 144.204 -35.981   6.7 3.23 MW MEL
1982 05 05 0636 151.410 -35.240   0.0 3.35 MW CAN
1982 05 16 0418 148.750 -34.160  11.0 3.07 MW CAN
1982 05 20 0736 147.237 -33.965   2.0 3.63 MW BMR
1982 06 09 0432 151.570 -29.660   2.0 3.62 MW BRS
1982 06 13 1839 146.837 -36.894   6.0 2.91 MW MEL
1982 06 15 0925 146.983 -35.733  20.0 2.92 MW CAN
1982 06 18 1337 150.610 -33.500  20.0 3.05 MW CAN
1982 06 24 0314 149.180 -34.770  16.0 2.98 MW CAN
1982 06 26 0649 149.750 -32.450   0.0 3.06 MW CAN
1982 07 30 2317 149.370 -34.920  15.0 2.91 MW CAN
1982 08 13 1226 149.210 -34.750  17.0 2.91 MW CAN
1982 08 19 1048 145.359 -40.793   5.3 3.57 MW MEL
1982 09 09 0428 152.169 -33.706   2.6 4.05 MW MEL
1982 09 15 0433 150.870 -34.750  26.0 3.43 MW CAN
1982 09 18 1745 147.966 -37.015   3.0 2.98 MW MEL
1982 09 25 1611 147.210 -33.950  12.0 3.42 MW CAN
1982 09 29 1321 149.250 -34.570  16.0 3.20 MW CAN
1982 09 30 2221 146.522 -36.828  14.1 3.51 MW MEL
1982 10 09 1759 150.340 -33.640  12.0 2.98 MW CAN
1982 10 27 0848 147.706 -34.908  17.2 3.34 MW MEL
1982 11 04 1837 148.900 -34.280  19.0 3.00 MW CAN
1982 11 05 0133 148.963 -34.901   6.5 3.20 MW MEL
1982 11 05 1033 148.840 -34.950   8.0 3.19 MW CAN
1982 11 08 0132 149.080 -34.180  15.0 2.92 MW CAN
1982 11 09 2147 149.100 -38.060   0.0 3.43 MW CAN
1982 11 21 1134 146.972 -37.211  14.5 5.01 MW MEL
1982 11 25 1842 139.919 -36.968  22.2 3.64 MW ADE
1982 11 26 0011 147.338 -34.006  14.1 4.42 MW MEL
1982 12 01 2000 145.196 -39.911  12.8 2.97 MW MEL
1982 12 10 1914 144.366 -40.207  14.1 2.93 MW MEL
1982 12 16 0607 151.920 -28.800  10.0 3.06 MW BRS
1982 12 22 2102 146.363 -37.047  14.1 2.91 MW MEL
1982 12 24 0512 151.550 -29.650  10.0 3.25 MW BRS
1982 12 25 1648 151.900 -33.000   0.0 3.59 MW CAN
1983 01 11 2132 150.320 -36.160  19.0 2.98 MW CAN
1983 01 15 1645 148.580 -36.630  17.0 3.65 MW CAN
1983 01 23 2014 143.584 -38.935  13.7 2.93 MW MEL
1983 01 24 0138 144.820 -40.830  14.0 2.92 MW TAU
1983 01 28 2232 146.190 -34.720  34.0 3.20 MW CAN
1983 01 30 2118 151.356 -25.914   0.0 3.48 MW GSQ
1983 02 06 2313 151.330 -31.080  25.0 4.20 MW CAN
1983 02 09 0429 151.760 -33.830   0.0 3.20 MW CAN
1983 02 20 2258 147.450 -34.180   0.0 2.99 MW CAN
1983 02 26 0557 150.190 -36.390  15.0 3.14 MW CAN
1983 03 07 2326 148.984 -34.651  17.2 3.89 MW MEL
1983 03 09 0751 148.810 -34.620  10.0 3.05 MW CAN
1983 03 19 0500 149.240 -32.880   0.0 4.03 MW CAN
1983 03 22 1339 150.400 -34.350  19.0 3.58 MW CAN
1983 03 23 2114 142.230 -37.533  14.2 3.34 MW MEL
1983 03 24 0653 149.220 -34.770  13.0 3.64 MW CAN
1983 03 25 1400 148.800 -36.280  12.0 2.91 MW CAN
1983 04 03 1631 148.876 -34.589  16.8 2.99 MW MEL
1983 04 08 1001 146.960 -34.360  19.0 3.21 MW CAN
1983 04 09 0902 144.530 -41.150   0.0 2.97 MW TAU
1983 04 12 0656 148.890 -34.330  10.0 3.21 MW CAN
1983 04 14 1516 150.600 -33.460  29.0 3.22 MW CAN
1983 04 15 0604 147.170 -33.970  12.0 3.35 MW CAN
1983 04 17 1824 147.530 -34.250  21.0 3.00 MW CAN
1983 04 26 0905 146.800 -33.060   0.0 3.33 MW CAN
1983 04 29 0755 149.190 -34.740  17.0 3.05 MW CAN
1983 04 29 1651 151.390 -32.560  10.0 3.66 MW CAN
1983 05 08 1217 143.519 -34.451  17.2 3.50 MW MEL
1983 05 10 0923 146.000 -34.650   0.0 3.20 MW CAN
1983 05 11 1613 148.540 -33.630  15.0 3.12 MW CAN
1983 05 18 0842 150.650 -33.980  22.0 3.58 MW CAN
1983 05 19 2136 148.630 -34.580  16.0 2.92 MW CAN
1983 05 22 2106 144.500 -35.729   0.0 2.93 MW MEL
1983 05 30 1724 148.960 -34.550   0.0 2.97 MW CAN
1983 06 01 1857 150.450 -34.030  19.0 3.14 MW CAN
1983 06 07 0704 148.840 -34.510  14.0 2.91 MW CAN
1983 06 13 1927 148.400 -36.190  12.0 3.05 MW CAN
1983 06 15 0050 140.728 -38.583  10.0 3.35 MW MEL
1983 06 15 1644 149.230 -34.200  15.0 2.92 MW CAN
1983 06 17 1545 149.230 -34.600  15.0 3.27 MW CAN
1983 06 28 1317 147.610 -34.320  20.0 3.12 MW CAN
1983 07 14 1702 150.380 -35.470  38.0 3.23 MW CAN
1983 08 01 0336 146.290 -34.590   0.0 3.10 MW CAN
1983 08 05 1627 148.220 -34.360  11.0 2.98 MW CAN
1983 08 06 0831 148.540 -34.550  16.0 3.20 MW CAN
1983 08 12 0742 147.500 -32.300   0.0 3.34 MW CAN
1983 08 14 1043 148.930 -34.770  14.0 3.27 MW CAN
1983 08 15 0711 150.000 -38.000   0.0 3.43 MW CAN
1983 08 18 1134 150.230 -33.420  19.0 3.13 MW CAN
1983 08 27 0832 148.760 -36.240  14.0 2.92 MW CAN
1983 08 30 0918 146.840 -34.340   0.0 2.92 MW CAN
1983 08 31 0906 149.740 -35.290  20.0 2.92 MW CAN
1983 08 31 1025 146.349 -38.517  17.0 3.19 MW MEL
1983 09 24 0725 150.130 -33.600  16.0 3.66 MW CAN
1983 09 27 0449 149.180 -34.770   0.0 3.04 MW CAN
1983 10 05 2349 151.190 -30.360   0.0 3.68 MW BMR
1983 10 13 0542 144.196 -35.986   6.0 3.09 MW MEL
1983 10 14 0200 148.810 -34.470   0.0 2.91 MW CAN
1983 10 15 2050 145.046 -39.770  15.3 4.26 MW MEL
1983 10 26 1159 147.340 -33.940  18.0 3.16 MW CAN
1983 11 01 0050 150.450 -33.900   0.0 3.26 MW CAN
1983 11 05 0444 141.891 -37.922   2.6 2.93 MW MEL
1983 11 29 0949 149.240 -34.600  14.0 3.27 MW CAN
1983 12 19 0618 148.580 -34.736  12.3 3.80 MW MEL
1983 12 29 0453 149.150 -34.320  10.0 3.06 MW CAN
1984 01 14 0414 151.853 -26.508   0.3 3.00 MW GSQ
1984 01 15 0632 148.640 -33.690  16.0 3.35 MW CAN
1984 01 17 1509 151.440 -30.457  18.2 3.23 MW GSQ
1984 01 18 0319 146.170 -43.250   0.0 3.13 MW TAU
1984 01 20 1527 149.170 -34.820  13.0 3.72 MW CAN
1984 02 06 1443 147.436 -35.386   2.6 3.27 MW MEL
1984 02 08 1956 149.290 -34.910  12.0 3.19 MW CAN
1984 02 10 0303 148.310 -34.420  18.0 2.98 MW CAN
1984 02 28 1659 148.642 -35.567  15.4 3.20 MW MEL
1984 02 29 0318 147.420 -35.380  14.0 3.06 MW CAN
1984 03 05 1447 149.260 -36.410  18.0 3.22 MW CAN
1984 03 14 0453 149.290 -34.690  14.0 3.20 MW CAN
1984 03 30 0954 150.280 -36.900  18.0 3.04 MW CAN
1984 04 12 2333 149.520 -35.400  17.0 3.12 MW CAN
1984 04 14 1638 151.400 -32.800   0.0 2.98 MW CAN
1984 04 15 0410 148.830 -33.570  19.0 3.19 MW CAN
1984 06 04 1948 149.169 -34.798   8.1 3.41 MW MEL
1984 06 22 1348 148.680 -34.350  16.0 3.13 MW CAN
1984 07 03 1950 148.870 -34.900  16.0 3.05 MW CAN
1984 07 10 2212 146.182 -38.449  17.2 2.98 MW MEL
1984 07 15 2302 149.700 -33.890  21.0 3.06 MW CAN
1984 07 17 1418 151.233 -30.508   1.0 3.08 MW GSQ
1984 07 20 2118 149.330 -34.600   0.0 2.91 MW CAN
1984 07 20 2156 151.340 -32.590   0.0 3.49 MW BMR
1984 07 28 0518 148.900 -35.100  10.0 3.50 MW CAN
1984 07 29 1806 144.232 -36.023   9.3 3.15 MW MEL
1984 08 09 0630 149.129 -34.797  15.6 4.23 MW MEL
1984 08 26 0723 142.389 -39.153  17.2 3.65 MW MEL
1984 09 08 1853 147.320 -33.740  18.0 3.13 MW CAN
1984 09 16 2129 150.240 -36.420  17.0 3.19 MW CAN
1984 10 11 0658 148.630 -32.930   0.0 3.05 MW CAN
1984 10 20 0516 145.904 -38.970  16.7 4.22 MW MEL
1984 10 30 0629 151.965 -26.313   6.5 4.14 MW BRS
1984 11 04 0950 149.500 -31.800   0.0 3.04 MW CAN
1984 11 07 1819 149.120 -34.775  13.6 3.73 MW MEL
1984 11 24 2248 150.703 -24.698  30.0 3.72 MW GSQ
1984 12 08 0535 148.600 -36.370  21.0 3.00 MW CAN
1985 01 11 0031 148.570 -34.300  15.0 2.92 MW CAN
1985 01 19 1502 145.957 -38.815  12.8 3.36 MW MEL
1985 01 27 0403 152.292 -24.507   8.3 3.25 MW GSQ
1985 02 04 2051 148.416 -35.883  12.0 3.12 MW CAN
1985 02 08 0823 153.623 -25.119  16.6 3.74 MW GSQ
1985 02 13 0801 150.204 -33.448  14.6 4.21 MW MEL
1985 02 21 0917 149.160 -34.800   0.0 2.91 MW CAN
1985 03 09 1214 149.170 -34.780   8.0 3.26 MW CAN
1985 03 24 0316 149.190 -34.770  14.0 3.19 MW CAN
1985 04 05 0815 149.180 -34.770  14.0 3.34 MW CAN
1985 04 07 1015 149.160 -34.230  12.0 3.06 MW CAN
1985 04 24 0112 148.350 -34.380  14.0 3.20 MW CAN
1985 04 26 0841 147.380 -33.970  16.0 3.07 MW CAN
1985 04 27 0415 148.910 -34.290  12.0 3.07 MW CAN
1985 05 06 0602 150.240 -34.550  25.0 2.92 MW CAN
1985 05 07 1310 148.330 -35.750  15.0 2.91 MW CAN
1985 05 10 1802 148.630 -36.380  18.0 3.06 MW CAN
1985 05 12 0055 149.240 -34.860  16.0 3.06 MW CAN
1985 05 20 0128 150.590 -36.760   0.0 3.32 MW CAN
1985 05 23 1114 144.587 -36.937   6.8 2.98 MW MEL
1985 05 26 0458 149.350 -34.940   9.0 3.19 MW CAN
1985 05 29 1749 146.010 -38.334  13.3 3.33 MW MEL
1985 06 05 2107 149.372 -27.979   3.0 3.69 MW GSQ
1985 06 18 2256 145.860 -37.553  15.3 3.26 MW MEL
1985 06 25 2155 142.284 -36.982  13.8 3.48 MW MEL
1985 07 14 2353 149.840 -34.760  19.0 3.12 MW CAN
1985 07 21 1517 149.230 -34.600   9.0 2.98 MW CAN
1985 07 27 1643 148.483 -19.281   5.0 3.56 MW GSQ
1985 07 28 0313 151.711 -24.336   9.0 3.18 MW GSQ
1985 07 29 1434 151.040 -34.800  18.0 2.91 MW CAN
1985 08 02 1216 149.203 -19.443   9.8 4.41 MW GSQ
1985 08 05 0838 147.586 -36.703  14.5 3.74 MW MEL
1985 08 12 0702 149.259 -28.709   0.0 4.08 MW ISC
1985 08 18 0503 148.740 -34.250  17.0 3.19 MW CAN
1985 08 20 0655 150.592 -30.258  10.0 3.49 MW GSQ
1985 08 21 1654 148.730 -34.370  16.0 2.99 MW CAN
1985 08 22 1416 152.727 -32.489  12.0 3.50 MW GSQ
1985 08 25 0101 149.120 -34.800  18.0 3.05 MW CAN
1985 09 18 0605 147.270 -33.900  15.0 3.33 MW CAN
1985 10 02 1231 149.280 -32.280   0.0 3.14 MW CAN
1985 10 04 0819 150.210 -34.510  33.0 2.94 MW CAN
1985 10 09 1829 146.740 -33.070   0.0 2.97 MW CAN
1985 10 27 2037 149.690 -34.620  15.0 2.97 MW CAN
1985 11 06 2138 149.220 -34.780   1.0 3.04 MW CAN
1985 11 25 2210 149.080 -34.470  21.0 2.98 MW CAN
1985 12 02 0619 151.725 -25.392  10.0 3.35 MW GSQ
1985 12 08 1203 148.780 -36.270  23.0 2.92 MW CAN
1985 12 17 1359 149.140 -34.220  17.0 3.06 MW CAN
1985 12 20 1922 150.909 -30.478   9.9 3.34 MW GSQ
1986 01 07 1006 149.190 -34.790  15.0 3.26 MW CAN
1986 01 08 0955 152.526 -27.076   8.7 3.31 MW GSQ
1986 01 13 0634 145.614 -38.690  15.8 2.92 MW MEL
1986 02 08 0055 148.606 -36.363   4.0 2.98 MW BMR
1986 02 20 2143 150.580 -33.296  11.8 3.97 MW MEL
1986 02 28 0935 148.790 -34.260  18.0 2.97 MW CAN
1986 03 13 0950 146.833 -36.598   6.3 3.28 MW MEL
1986 03 16 0153 144.509 -41.446  17.1 4.04 MW MEL
1986 04 10 0902 153.401 -23.956   4.3 3.00 MW GSQ
1986 04 10 1853 144.851 -35.798   5.4 4.11 MW MEL
1986 04 14 2005 146.686 -36.627   3.6 2.99 MW MEL
1986 04 16 0505 148.570 -34.420  14.0 3.05 MW CAN
1986 04 24 0443 143.379 -36.147   0.8 3.28 MW MEL
1986 04 26 2308 151.288 -30.364  10.0 3.01 MW GSQ
1986 05 05 1642 149.620 -33.520   8.0 2.92 MW CAN
1986 05 15 2354 148.830 -34.100  15.0 3.07 MW CAN
1986 06 23 0629 149.858 -34.922  15.0 3.04 MW BMR
1986 07 07 0627 151.188 -29.914   0.0 3.28 MW GSQ
1986 07 14 1036 144.210 -35.990  10.9 3.26 MW MEL
1986 07 21 0000 150.390 -36.270  20.0 3.00 MW CAN
1986 07 24 1722 153.087 -24.037  10.0 2.99 MW GSQ
1986 08 01 0757 149.993 -36.426  14.0 2.91 MW BMR
1986 08 24 0819 146.578 -37.982  15.6 3.27 MW MEL
1986 08 30 1059 150.970 -34.440  18.0 2.98 MW CAN
1986 08 31 1753 151.240 -30.260   9.0 3.43 MW GSQ
1986 09 12 0449 144.219 -40.025   6.0 2.96 MW MEL
1986 09 20 1605 146.555 -37.971  13.7 2.92 MW MEL
1986 09 22 1421 145.566 -34.264  17.2 3.86 MW MEL
1986 10 16 1053 147.370 -33.000   0.0 3.03 MW CAN
1986 10 19 1552 150.156 -33.531   0.0 2.98 MW BMR
1986 12 05 1410 148.200 -32.060   0.0 3.04 MW CAN
1986 12 07 1216 149.320 -35.940  18.0 2.98 MW CAN
1986 12 12 1502 149.010 -34.350   7.0 3.10 MW CAN
1986 12 18 2141 145.830 -42.500   0.0 2.92 MW TAU
1986 12 20 1204 143.349 -39.212  13.9 3.57 MW MEL
1986 12 26 0442 144.530 -41.530   0.0 2.97 MW TAU
1987 01 16 1308 148.280 -36.270  12.0 3.19 MW CAN
1987 01 26 0523 146.651 -42.121  17.1 2.98 MW MEL
1987 02 08 0049 152.543 -29.083   6.7 3.13 MW GSQ
1987 04 01 0726 151.271 -25.934   0.0 3.03 MW GSQ
1987 04 02 0512 150.370 -34.160  22.0 2.99 MW CAN
1987 04 03 0358 150.140 -33.270   1.0 3.05 MW CAN
1987 04 09 1038 151.017 -30.867  10.0 3.46 MW GSQ
1987 05 15 1930 146.393 -37.806   2.2 2.97 MW MEL
1987 05 28 2318 146.250 -38.054  14.4 3.12 MW MEL
1987 05 30 1444 146.554 -37.947  17.0 3.97 MW MEL
1987 06 13 0434 149.696 -36.605  15.9 2.91 MW MEL
1987 06 24 1504 150.105 -33.401   5.1 4.61 MW MEL
1987 06 24 1853 144.220 -38.895  24.9 3.26 MW MEL
1987 06 26 2328 149.197 -34.755   4.0 3.26 MW BMR
1987 07 03 0742 150.190 -34.500   5.0 2.91 MW CAN
1987 08 11 1045 149.210 -34.370  11.0 3.05 MW CAN
1987 08 17 0136 149.000 -38.300   0.0 2.95 MW CAN
1987 08 26 0138 151.168 -32.732   0.0 3.42 MW BMR
1987 09 04 0715 152.585 -32.088   0.0 3.50 MW BMR
1987 09 15 0237 145.929 -37.496   5.5 3.10 MW MEL
1987 09 27 1601 147.825 -19.304   9.0 4.47 MW BMR
1987 09 28 1937 150.641 -29.394   0.0 3.49 MW GSQ
1987 10 19 0629 149.340 -34.900   5.0 2.91 MW CAN
1987 10 31 0602 152.841 -23.828  10.0 3.58 MW GSQ
1987 11 04 1933 150.611 -24.708   9.5 3.14 MW GSQ
1987 11 11 0052 149.211 -37.622  11.2 3.30 MW MEL
1987 12 07 1054 149.325 -37.921  12.3 3.10 MW MEL
1987 12 20 0802 145.583 -38.410  16.2 3.42 MW MEL
1987 12 22 1506 141.479 -36.158  15.7 4.74 MW GG
1987 12 23 0205 148.540 -35.850  21.0 3.00 MW CAN
1987 12 27 0716 153.673 -24.111  10.0 3.27 MW GSQ
1988 01 15 1025 148.912 -29.723   5.0 3.18 MW BMR
1988 02 07 0013 145.235 -39.552  15.4 3.03 MW MEL
1988 02 13 1038 148.780 -34.330  12.0 2.98 MW CAN
1988 02 19 1108 145.520 -38.213  14.0 2.91 MW MEL
1988 02 26 1346 149.071 -19.490   4.0 3.34 MW GSQ
1988 04 07 2257 145.925 -37.036  13.4 3.21 MW MEL
1988 04 09 0122 149.667 -32.239  10.0 3.87 MW USGS
1988 04 09 2002 150.060 -33.670  17.0 3.05 MW CAN
1988 04 19 0623 149.321 -37.610   3.6 3.37 MW MEL
1988 04 20 0719 147.770 -34.760  20.0 2.92 MW CAN
1988 04 21 1645 144.463 -35.670   7.5 3.34 MW MEL
1988 04 30 1700 149.906 -33.528  10.0 3.35 MW MEL
1988 05 10 0640 149.343 -37.785  11.6 3.36 MW MEL
1988 05 16 1152 149.140 -34.190  12.0 2.92 MW CAN
1988 05 22 1700 149.297 -36.368   8.0 2.92 MW BMR
1988 07 03 0823 144.496 -35.672   3.6 3.96 MW MEL
1988 08 06 2015 144.516 -35.724   3.3 2.96 MW MEL
1988 08 14 2323 152.333 -27.561   9.6 3.98 MW BRS
1988 08 23 1807 151.483 -32.901   5.0 3.07 MW BMR
1988 09 29 1610 151.523 -34.395  10.0 3.06 MW BMR
1988 10 29 2052 151.291 -24.913  10.0 3.35 MW GSQ
1988 11 06 1136 142.913 -36.499   3.6 3.11 MW MEL
1988 12 06 0724 152.393 -26.432   5.0 2.91 MW BMR
1988 12 20 1144 149.207 -33.613  14.0 3.05 MW BMR
1988 12 25 0527 144.147 -35.986   9.9 2.98 MW MEL
1989 01 05 2048 147.171 -33.842   5.4 3.91 MW MEL
1989 01 20 1741 144.411 -35.637  11.2 3.13 MW MEL
1989 01 23 1656 148.790 -33.260   0.0 2.99 MW CAN
1989 02 09 1714 147.679 -38.175  10.0 3.21 MW MEL
1989 02 13 0747 149.090 -33.360   0.0 3.00 MW CAN
1989 03 26 1418 151.205 -21.390  19.0 3.39 MW GSQ
1989 04 18 0351 148.586 -36.416  11.0 3.74 MW MEL
1989 04 18 1651 147.270 -33.830   0.0 3.05 MW CAN
1989 04 30 2352 146.308 -38.404   8.5 2.95 MW MEL
1989 05 09 1138 146.806 -43.812  11.0 3.19 MW BMR
1989 05 17 2208 138.936 -38.177  32.2 3.22 MW ADE
1989 05 24 1938 144.441 -35.684   5.5 3.07 MW MEL
1989 05 31 0009 142.692 -38.821   0.0 3.18 MW BMR
1989 06 30 0010 144.783 -40.483  10.0 2.93 MW TAU
1989 07 08 1201 148.890 -34.160  10.0 3.12 MW CAN
1989 07 12 0830 150.292 -24.805   0.0 3.13 MW GSQ
1989 07 15 0306 144.501 -35.730   8.6 3.34 MW MEL
1989 07 31 1621 144.783 -40.751  14.0 3.73 MW MEL
1989 08 25 1509 144.588 -36.184  21.4 3.35 MW MEL
1989 09 21 0709 147.133 -33.674   8.2 2.97 MW MEL
1989 09 28 2030 149.540 -32.930   0.0 2.92 MW CAN
1989 10 07 0045 145.573 -36.815   8.5 3.06 MW MEL
1989 10 14 0146 147.239 -33.932   0.0 3.26 MW BMR
1989 10 27 1642 144.261 -17.135  12.8 3.41 MW GSQ
1989 11 08 0506 140.056 -37.547  13.2 3.77 MW ADE
1989 11 08 2102 150.478 -29.824  10.0 3.22 MW BRS
1989 11 14 0830 149.176 -34.750   5.0 3.33 MW BMR
1989 11 16 1043 146.349 -17.463  18.9 4.17 MW GSQ
1989 11 17 1337 144.777 -39.231   3.6 3.20 MW MEL
1989 11 19 1200 148.763 -19.358  10.3 3.13 MW GSQ
1989 11 19 1237 148.991 -19.790   3.9 3.10 MW GSQ
1989 12 16 0028 150.670 -34.700  23.0 3.43 MW AGSO
1989 12 27 2326 151.610 -32.952  10.5 5.42 MW MEL
1989 12 31 1835 147.112 -33.708  11.4 3.04 MW MEL
1990 01 13 1555 149.176 -34.752   0.0 3.56 MW MEL
1990 01 16 0111 144.535 -41.144  14.0 3.34 MW MEL
1990 01 23 0731 152.613 -24.676   7.9 3.04 MW GSQ
1990 01 25 1333 148.477 -38.166   3.6 3.20 MW MEL
1990 02 16 0316 142.668 -37.320  16.2 2.92 MW MEL
1990 03 04 0237 147.430 -33.960   0.0 2.98 MW CAN
1990 03 08 0955 140.748 -37.499  14.5 3.20 MW ADE
1990 03 30 1133 150.830 -34.250   0.0 3.20 MW CAN
1990 04 01 1204 149.738 -36.662   5.6 3.13 MW MEL
1990 04 15 1743 149.197 -34.761   3.6 3.12 MW MEL
1990 05 04 1206 150.515 -36.304   4.9 3.13 MW MEL
1990 05 11 0222 146.368 -37.759   2.7 3.19 MW MEL
1990 05 13 0535 146.144 -17.292   7.6 3.96 MW GSQ
1990 05 28 0336 152.350 -25.670   5.0 3.51 MW AGSO
1990 06 11 2028 144.551 -34.932  10.0 3.06 MW MEL
1990 06 21 1707 151.400 -34.880   0.0 2.97 MW CAN
1990 08 03 1206 149.262 -28.580  10.0 2.98 MW GSQ
1990 08 16 0306 149.743 -38.111  15.4 3.62 MW MEL
1990 09 13 1749 148.780 -34.060   5.0 3.20 MW AUST
1990 09 13 1928 149.320 -32.670   0.0 3.45 MW CAN
1990 10 28 0759 144.817 -39.350  10.0 2.91 MW TAU
1990 11 14 1856 150.808 -30.430  10.0 3.69 MW GSQ
1990 11 26 0832 148.752 -34.071   8.5 2.98 MW MEL
1990 11 27 1721 142.121 -40.135  17.0 3.50 MW MEL
1991 01 10 1107 139.211 -37.331   2.7 3.66 MW ADE
1991 01 14 1443 151.550 -30.630  10.0 2.98 MW BMR
1991 01 23 0426 149.067 -34.183   1.4 3.33 MW MEL
1991 02 23 1249 148.933 -34.418  22.1 2.99 MW MEL
1991 03 25 0146 147.300 -42.280  10.0 3.20 MW TAU
1991 03 28 2126 146.249 -38.525  20.6 3.51 MW MEL
1991 04 06 0144 149.814 -20.499   8.0 3.25 MW GSQ
1991 04 08 1703 145.089 -39.326  10.5 2.98 MW MEL
1991 04 16 1608 147.370 -38.510   1.0 3.05 MW MEL
1991 05 03 1728 144.086 -36.898   1.4 3.59 MW MEL
1991 05 20 1336 148.850 -34.055  11.8 3.59 MW MEL
1991 05 21 0324 151.431 -30.183   2.7 2.93 MW BRS
1991 06 10 1200 150.658 -23.609   0.5 2.94 MW GSQ
1991 06 23 0830 147.560 -36.556  15.9 2.97 MW MEL
1991 08 27 0243 151.500 -32.500   0.0 3.12 MW MEL
1991 09 08 2139 152.722 -23.977  10.0 2.95 MW GSQ
1991 09 11 0536 148.895 -19.712   8.8 3.32 MW GSQ
1991 09 24 0436 149.051 -27.890   7.6 4.06 MW GSQ
1991 10 01 0333 150.543 -25.702  10.0 2.93 MW BRS
1991 11 22 0711 146.144 -36.618  10.1 3.36 MW MEL
1991 11 22 1739 151.698 -26.127   3.0 3.13 MW GSQ
1991 11 24 0801 149.148 -34.730  10.0 3.19 MW MEL
1991 11 29 2149 146.300 -43.780  10.0 2.98 MW TAU
1991 12 01 1813 152.502 -26.527   2.4 3.66 MW BRS
1992 01 21 1100 148.584 -33.071   3.9 3.06 MW MEL
1992 03 20 1554 148.417 -33.950  10.0 2.91 MW MEL
1992 04 14 1126 139.801 -37.802   3.1 2.98 MW ADE
1992 05 10 0159 148.284 -34.377   3.8 3.05 MW MEL
1992 06 04 0247 143.469 -39.010  12.6 2.91 MW MEL
1992 06 05 0020 148.340 -34.398   5.7 2.99 MW MEL
1992 07 02 1845 149.231 -34.753   5.1 3.21 MW MEL
1992 07 11 1003 146.783 -38.481  14.3 2.96 MW MEL
1992 07 24 0204 149.702 -32.145   2.0 2.92 MW MEL
1992 07 30 0823 149.609 -19.444   4.6 3.21 MW GSQ
1992 08 04 0454 148.971 -34.538   3.6 3.05 MW MEL
1992 08 19 1118 151.366 -30.243   0.0 3.22 MW GSQ
1992 08 22 0250 149.995 -37.788  15.2 3.82 MW MEL
1992 09 02 0439 150.594 -32.095  10.0 2.95 MW MEL
1992 09 02 1051 150.034 -33.772   9.6 3.06 MW MEL
1992 10 11 0203 147.508 -34.367  17.2 3.74 MW MEL
1992 11 08 0140 143.529 -38.922  12.8 3.43 MW MEL
1992 11 09 1530 141.012 -37.183   4.6 3.10 MW ADE
1992 11 10 0142 140.831 -37.175   0.8 3.12 MW ADE
1992 11 25 2127 151.563 -25.707   1.2 2.91 MW GSQ
1992 11 30 0336 151.408 -30.261   8.0 3.26 MW BRS
1992 12 12 0502 148.704 -34.376   2.1 3.59 MW MEL
1992 12 16 0213 145.429 -40.997  10.1 3.23 MW MEL
1992 12 21 2218 151.436 -30.264   8.0 3.17 MW BRS
1993 02 09 1435 147.402 -35.502  12.6 3.06 MW MEL
1993 03 10 2033 148.280 -36.156  10.0 2.91 MW MEL
1993 03 21 0703 150.670 -29.870   0.0 3.08 MW AGSO
1993 05 22 0005 151.320 -32.863   0.0 3.27 MW MEL
1993 06 02 1445 144.550 -41.150  10.0 3.04 MW TAU
1993 06 12 2111 148.682 -34.260   2.0 2.91 MW MEL
1993 07 24 1333 146.485 -38.353  15.0 3.19 MW MEL
1993 08 03 0744 149.193 -34.538  15.2 2.98 MW MEL
1993 08 20 2207 143.762 -16.859   8.0 3.14 MW BRS
1993 09 23 1151 147.402 -34.186  10.0 3.04 MW MEL
1993 09 25 0240 146.530 -38.311  10.2 3.32 MW MEL
1993 10 11 0423 146.888 -37.317  15.3 3.12 MW MEL
1993 10 19 1551 150.516 -30.552   0.0 3.12 MW BRS
1993 10 23 0150 149.061 -33.050   4.8 3.05 MW MEL
1993 11 04 0356 149.404 -32.669   3.6 3.13 MW MEL
1993 11 24 0759 147.026 -38.484  17.3 3.13 MW MEL
1993 11 25 0406 152.632 -23.922   1.7 3.74 MW BRS
1993 12 17 0116 144.583 -41.233  10.0 3.18 MW TAU
1993 12 17 1918 145.993 -36.405   3.6 3.12 MW MEL
1993 12 18 2116 148.649 -36.313   9.1 3.12 MW MEL
1994 02 01 0553 146.350 -38.536  17.1 3.72 MW MEL
1994 04 03 1924 146.372 -17.186  17.8 3.51 MW BRS
1994 05 14 1433 143.496 -38.714  12.0 2.97 MW MEL
1994 05 21 0859 146.962 -36.034   3.0 3.17 MW MEL
1994 06 17 1152 148.867 -20.208   4.1 3.51 MW BRS
1994 06 27 0152 145.962 -38.722  11.6 2.97 MW MEL
1994 07 04 1829 147.173 -37.417  13.9 2.92 MW MEL
1994 07 17 1135 151.444 -29.992   8.0 3.17 MW BRS
1994 08 06 1103 151.292 -32.917   0.6 4.71 MW MEL
1994 08 21 0553 148.361 -33.423   0.7 4.06 MW MEL
1994 09 04 0108 144.502 -16.987   0.0 3.98 MW AGSO
1994 09 18 0408 148.199 -33.834   1.6 2.94 MW MEL
1994 09 27 0758 148.646 -36.219   9.5 3.10 MW MEL
1994 10 07 0049 150.691 -34.423   2.0 2.92 MW MEL
1994 11 18 1210 146.004 -37.278   9.1 2.94 MW MEL
1995 01 11 0711 145.992 -38.165   8.7 3.15 MW MEL
1995 01 12 1250 151.078 -30.083   2.4 3.26 MW BRS
1995 01 18 1824 150.755 -30.125   8.0 2.98 MW BRS
1995 01 31 2120 148.271 -34.391   0.0 2.91 MW MEL
1995 02 01 1021 146.259 -38.462  10.1 3.07 MW MEL
1995 03 16 1231 148.242 -36.279   0.7 3.15 MW MEL
1995 03 17 0803 146.463 -17.982  10.0 3.65 MW BRS
1995 03 26 0653 147.233 -35.958   3.7 3.19 MW MEL
1995 05 03 0424 150.249 -33.186  10.7 3.23 MW MEL
1995 05 03 1748 146.283 -38.472  15.0 3.36 MW MEL
1995 05 20 1129 150.083 -33.868  13.8 3.49 MW MEL
1995 05 28 2312 151.549 -32.543  13.7 3.59 MW MEL
1995 06 03 1820 143.374 -36.109   5.6 3.11 MW MEL
1995 07 21 1426 148.859 -36.031   4.8 3.31 MW MEL
1995 07 29 1343 148.735 -34.283   2.8 2.94 MW MEL
1995 07 30 0441 147.658 -36.761  11.3 3.52 MW MEL
1995 08 19 0901 148.741 -34.312   1.3 3.14 MW MEL
1995 09 12 1023 148.720 -34.310   0.0 3.16 MW MEL
1995 09 30 2250 143.347 -35.959   3.7 2.91 MW MEL
1995 10 14 0411 148.761 -34.317   3.0 3.23 MW MEL
1995 11 17 1243 144.571 -36.196   3.9 3.06 MW MEL
1995 11 18 0932 144.764 -37.114  13.5 3.55 MW MEL
1995 12 18 1644 139.579 -37.613   8.5 3.59 MW ADE
1995 12 24 0804 147.946 -34.781   2.0 2.92 MW MEL
1996 01 08 1039 145.780 -43.870   0.0 2.99 MW TAU
1996 01 16 1030 145.070 -38.284  10.7 3.00 MW MEL
1996 02 18 1934 148.666 -36.152  12.8 3.50 MW MEL
1996 03 05 0027 143.286 -36.102   2.3 3.05 MW MEL
1996 04 05 1715 148.246 -19.475  33.0 3.58 MW ISC
1996 05 10 0548 146.145 -37.733  10.6 2.96 MW MEL
1996 07 18 0540 153.040 -27.597  10.0 2.97 MW BRS
1996 07 23 1554 149.859 -37.812   5.0 2.92 MW MEL
1996 08 13 1233 149.214 -34.749   0.0 2.99 MW MEL
1996 09 07 1105 141.742 -37.394  11.2 3.20 MW MEL
1996 09 10 1835 141.998 -37.575  17.2 3.07 MW MEL
1996 09 24 0127 138.940 -37.503  14.3 3.43 MW ADE
1996 09 25 0749 146.421 -37.863  11.4 4.44 MW MEL
1996 09 28 1303 153.192 -23.510  10.0 3.04 MW BRS
1996 10 01 2142 150.393 -33.830   8.7 3.17 MW MEL
1996 10 05 0341 151.547 -23.177  10.0 3.07 MW BRS
1996 11 25 2034 144.342 -40.999   5.0 3.21 MW AUST
1996 12 10 1254 150.501 -34.153  12.3 3.10 MW MEL
1996 12 24 2228 145.534 -38.696  17.2 3.29 MW MEL
1996 12 26 0320 151.648 -25.112  18.3 2.93 MW BRS
1996 12 27 1628 151.256 -29.841   2.7 3.59 MW MEL
1997 01 02 0711 148.778 -28.454  17.2 3.00 MW MEL
1997 01 19 1906 155.052 -24.962   0.0 3.18 MW BRS
1997 01 20 1103 145.031 -38.379  19.3 3.59 MW MEL
1997 01 21 2057 148.557 -35.715   1.3 3.01 MW MEL
1997 03 31 2026 145.450 -39.522  14.8 2.91 MW MEL
1997 04 21 1727 151.009 -20.334  33.0 3.50 MW ISC
1997 05 04 2233 145.959 -38.135  14.0 3.21 MW MEL
1997 05 28 1755 152.816 -24.449   8.1 3.21 MW BRS
1997 06 16 1525 153.277 -24.371  10.0 2.97 MW BRS
1997 06 27 0320 146.094 -36.781   8.5 3.85 MW MEL
1997 07 08 1001 152.985 -31.591   5.9 3.74 MW MEL
1997 07 14 0646 153.706 -23.338   0.0 3.54 MW EIDC
1997 08 23 0012 148.197 -34.627   3.6 3.17 MW MEL
1997 08 23 1730 146.285 -41.627  13.5 4.15 MW MEL
1997 10 12 1451 149.563 -32.046   3.6 2.97 MW MEL
1997 10 24 1831 147.098 -20.400  19.1 3.19 MW BRS
1997 11 25 0550 148.582 -35.269   1.2 2.93 MW MEL
1998 01 11 0132 148.081 -36.412  10.4 2.94 MW MEL
1998 01 22 1202 148.695 -20.662   0.0 2.93 MW RC
1998 02 13 2320 150.650 -25.707   3.6 3.98 MW GG
1998 02 14 1823 148.702 -35.375   8.5 3.79 MW MEL
1998 02 17 1100 140.153 -38.113  34.9 3.12 MW ADE
1998 03 09 1240 150.055 -32.171   3.7 3.34 MW MEL
1998 03 11 0327 140.452 -36.667  21.0 3.51 MW ADE
1998 03 28 0902 152.323 -32.828   8.0 3.08 MW MEL
1998 04 04 0955 146.124 -38.709  16.2 3.42 MW MEL
1998 05 22 1901 147.928 -34.610  11.7 3.82 MW MEL
1998 05 30 1906 139.826 -37.872  22.7 3.18 MW ADE
1998 07 17 0122 148.007 -36.439  19.0 3.93 MW MEL
1998 08 19 1112 148.911 -35.631   3.6 3.19 MW MEL
1998 08 24 2217 146.135 -40.892   7.0 3.20 MW AGSO
1998 09 15 1323 147.289 -38.371  20.6 3.51 MW MEL
1998 09 27 0147 147.437 -34.218   3.6 3.06 MW MEL
1998 09 27 2232 144.741 -38.290  20.5 3.82 MW MEL
1998 10 08 1205 145.848 -39.462  17.1 3.43 MW MEL
1998 10 16 1346 147.457 -34.751  15.6 3.90 MW MEL
1998 10 21 0000 147.111 -34.048   3.6 2.95 MW MEL
1998 11 02 1709 151.146 -22.808   0.0 4.57 MW AGSO
1998 11 06 1912 151.446 -34.270  16.0 2.94 MW MEL
1998 11 07 2242 148.893 -35.144   6.7 3.04 MW MEL
1998 12 31 0611 149.154 -35.783   4.4 3.21 MW MEL
1999 01 13 0940 146.317 -38.097  12.3 3.54 MW MEL
1999 02 06 0507 140.669 -38.354  36.1 3.51 MW ADE
1999 02 11 1245 144.797 -17.181   0.0 3.51 MW RC
1999 03 01 1854 147.428 -38.198   9.1 2.97 MW MEL
1999 03 10 0006 148.184 -33.958   4.5 3.17 MW MEL
1999 03 14 0013 147.070 -34.009  12.2 3.87 MW MEL
1999 03 15 0315 151.400 -25.200   0.0 3.20 MW SEQW
1999 03 17 0158 150.748 -34.253   5.3 4.34 MW MEL
1999 03 17 1406 139.381 -37.564   8.1 3.07 MW ADE
1999 03 25 1226 146.755 -20.359   0.0 3.51 MW AGSO
1999 04 13 0351 147.858 -42.083   0.0 3.04 MW AGSO
1999 04 16 1051 145.984 -37.413   3.6 3.20 MW MEL
1999 04 24 2148 146.966 -20.159   0.0 2.96 MW AGSO
1999 04 26 2114 151.278 -29.750   3.6 3.06 MW MEL
1999 05 25 0044 150.179 -30.262   8.6 3.06 MW MEL
1999 06 23 0550 143.739 -35.079  16.0 3.10 MW MEL
1999 07 13 0142 148.976 -34.286   3.6 3.21 MW MEL
1999 07 13 0820 145.837 -38.407   5.4 2.99 MW MEL
1999 10 29 1133 144.461 -42.033  18.2 3.26 MW MEL
1999 12 12 1401 139.614 -37.765  13.3 3.06 MW ADE
2000 01 01 1155 147.827 -37.348  14.4 2.98 MW MEL
2000 01 23 0851 152.966 -30.830   0.0 2.92 MW AGSO
2000 01 27 0521 146.395 -43.054  12.0 3.59 MW AGSO
2000 02 18 0102 150.126 -30.690   0.0 3.04 MW AGSO
2000 02 27 1749 148.392 -34.472   3.6 3.00 MW MEL
2000 03 16 1326 146.103 -37.496   8.4 3.54 MW MEL
2000 03 20 1738 145.684 -17.190  10.0 3.28 MW RC
2000 05 09 1612 148.486 -35.757  10.0 2.93 MW MEL
2000 05 17 1729 143.563 -38.710  17.1 2.98 MW MEL
2000 06 11 1906 150.167 -29.492   3.6 3.59 MW MEL
2000 06 13 0058 147.468 -37.015  11.3 2.99 MW MEL
2000 06 22 1813 144.864 -36.815   5.7 3.27 MW MEL
2000 07 24 0747 145.272 -37.958  19.5 3.13 MW MEL
2000 08 03 1129 145.989 -38.752  16.2 3.24 MW MEL
2000 08 29 1205 146.246 -38.404  15.4 4.15 MW MEL
2000 09 28 0546 150.100 -30.000   0.0 2.91 MW AGSO
2000 10 23 0120 148.835 -35.451   3.6 3.00 MW MEL
2000 10 30 1730 146.044 -38.567  15.5 3.20 MW MEL
2000 12 01 1654 144.935 -40.663   0.0 3.08 MW AGSO
2000 12 29 2339 144.482 -38.793  17.1 3.66 MW MEL
2001 01 01 2341 150.624 -36.770  10.0 3.11 MW MEL
2001 01 05 1604 146.006 -38.238   7.2 2.92 MW MEL
2001 02 23 0715 150.264 -29.178  17.0 2.96 MW MEL
2001 02 24 0640 152.730 -30.583   0.0 3.00 MW AUST
2001 03 13 1235 147.173 -33.923   3.6 3.36 MW MEL
2001 04 30 1504 145.560 -42.068  10.0 2.98 MW MEL
2001 05 02 0135 144.442 -37.174  17.8 3.06 MW MEL
2001 05 12 2211 148.870 -27.780  18.0 2.95 MW SEQW
2001 05 18 1837 148.780 -34.290   2.0 3.33 MW AGSO
2001 06 03 0652 146.081 -43.979  10.0 3.03 MW MEL
2001 06 07 1538 147.440 -35.930   2.0 3.04 MW AGSO
2001 06 13 2027 149.480 -34.890  17.0 3.35 MW AGSO
2001 07 04 0416 146.294 -38.420   6.0 3.51 MW MEL
2001 07 16 0143 146.331 -42.819  10.0 3.00 MW MEL
2001 08 10 1251 147.380 -34.000  11.0 2.99 MW AGSO
2001 08 21 2313 145.472 -38.119  13.0 3.66 MW MEL
2001 08 28 0451 148.810 -36.290  10.0 3.13 MW AGSO
2001 09 08 0713 146.300 -38.500   0.0 2.92 MW MEL
2001 09 18 0343 153.800 -24.272   5.0 3.66 MW AGSO
2001 10 12 0005 152.883 -24.119   2.7 3.98 MW AUST
2001 10 13 0442 147.675 -36.833   8.2 3.42 MW MEL
2001 10 24 1546 150.736 -32.196   0.0 2.92 MW MEL
2001 10 25 1856 148.296 -35.254  10.0 3.12 MW USGS
2001 10 27 0758 143.643 -35.356  14.1 4.19 MW MEL
2001 10 27 1856 146.409 -32.425   2.7 3.00 MW AUST
2001 11 23 0333 148.310 -33.901   4.2 3.58 MW MEL
2001 11 27 1529 146.620 -32.540   3.0 3.07 MW AUST
2001 12 06 2010 148.898 -28.689  10.0 3.06 MW USGS
2001 12 16 2038 147.155 -37.119  15.0 3.51 MW AUST
2001 12 18 0616 149.488 -33.199  33.0 3.35 MW ISC
2002 01 05 1451 140.705 -38.398  33.6 3.27 MW MEL
2002 01 22 0918 144.701 -36.443  13.3 3.43 MW MEL
2002 02 07 1248 143.866 -40.814  10.0 4.40 MW MEL
2002 02 14 1327 150.659 -34.425  14.3 3.50 MW MEL
2002 02 27 1147 148.684 -34.340   5.0 2.96 MW MEL
2002 03 01 0559 146.980 -32.290   0.0 3.33 MW IDC
2002 03 04 0750 147.296 -33.862   3.6 3.23 MW MEL
2002 03 17 0750 148.744 -33.869   5.0 3.14 MW AUST
2002 04 08 2140 148.516 -35.443  10.0 3.07 MW AUST
2002 04 19 0002 143.103 -36.179   6.4 3.12 MW MEL
2002 04 20 0213 149.628 -34.777   5.2 2.93 MW AUST
2002 05 02 2148 150.975 -25.413   5.0 3.21 MW AUST
2002 05 04 2238 145.751 -38.708  13.9 2.97 MW MEL
2002 06 02 0012 148.126 -34.613   7.4 3.27 MW MEL
2002 06 04 1759 150.943 -35.877  10.0 3.08 MW MEL
2002 06 15 2118 147.331 -42.162  13.7 4.23 MW MEL
2002 06 20 1220 148.669 -34.320   1.1 3.11 MW MEL
2002 07 05 0414 148.693 -32.361  10.0 3.05 MW MEL
2002 07 19 0540 144.819 -39.245   8.5 3.17 MW MEL
2002 07 19 1609 150.138 -19.823  10.0 3.07 MW ISC
2002 07 22 1438 148.023 -40.904  10.0 3.36 MW MEL
2002 07 30 0643 148.665 -36.335   6.2 2.98 MW MEL
2002 08 10 1208 148.772 -33.798   5.0 3.00 MW AUST
2002 08 22 0658 149.069 -28.443   0.0 3.21 MW AUST
2002 08 22 2123 148.245 -33.897   4.1 3.65 MW MEL
2002 09 20 0113 145.617 -41.347   5.2 2.97 MW MEL
2002 09 24 0742 146.066 -38.691   3.0 3.67 MW MEL
2002 10 03 0729 144.274 -40.971   3.7 3.15 MW MEL
2002 10 23 1128 148.211 -35.645  10.0 2.99 MW MEL
2002 10 24 2203 142.250 -35.666  10.0 3.24 MW MEL
2002 11 04 1934 144.106 -35.043   2.7 3.50 MW MEL
2002 11 09 1227 148.866 -36.254   0.2 3.14 MW AUST
2002 12 01 0038 145.830 -18.533   0.0 3.21 MW RC
2002 12 06 1339 148.768 -38.002  24.0 3.00 MW AUST
2002 12 14 1338 152.983 -27.384   5.0 3.07 MW AUST
2002 12 26 2107 151.288 -30.258   3.0 3.21 MW AUST
2003 01 08 1641 152.562 -24.886   1.0 3.00 MW RC
2003 01 14 1343 149.012 -35.019   1.0 3.28 MW AUST
2003 01 25 0303 147.070 -35.990   6.4 2.92 MW MEL
2003 02 17 1726 139.414 -38.303  22.0 3.01 MW ADE
2003 03 10 1228 144.089 -35.077  14.9 3.42 MW MEL
2003 04 06 2330 145.384 -38.563  11.0 2.98 MW MEL
2003 04 10 0711 145.928 -39.241  18.3 3.90 MW MEL
2003 04 17 2150 149.143 -21.237   2.0 3.90 MW RC
2003 04 22 0739 146.211 -38.558   4.2 3.41 MW MEL
2003 05 09 0638 145.804 -36.971   9.6 3.03 MW MEL
2003 05 17 0651 148.416 -36.208   2.0 3.21 MW AUST
2003 05 28 1250 148.252 -34.405   2.0 2.93 MW AUST
2003 06 14 0138 146.373 -43.333  10.0 2.98 MW MEL
2003 06 24 1607 152.133 -27.458   1.9 3.00 MW AUST
2003 06 24 1627 149.741 -32.131   2.0 2.93 MW AUST
2003 06 24 2127 151.144 -31.284  15.0 2.92 MW MEL
2003 06 28 0220 151.390 -25.837   2.0 3.36 MW RC
2003 07 03 1225 148.771 -36.354   7.0 3.00 MW AUST
2003 07 07 0935 148.128 -38.099   3.0 3.36 MW AUST
2003 07 11 0818 147.859 -34.611   1.0 3.43 MW AUST
2003 07 15 1414 148.870 -34.036   0.0 3.07 MW AUST
2003 07 27 2250 149.751 -34.224   6.0 3.28 MW AUST
2003 08 11 0704 146.911 -18.529  12.0 3.99 MW ISC
2003 08 29 0308 151.472 -20.975   0.0 3.01 MW IDC
2003 09 26 0124 148.021 -36.633  10.0 2.96 MW MEL
2003 10 06 0606 152.237 -26.545  10.0 3.65 MW MEL
2003 11 26 0439 149.247 -34.773   0.0 3.21 MW AUST
2003 12 01 1429 149.387 -36.236   5.8 3.04 MW MEL
2003 12 05 0505 152.197 -32.065  10.0 3.06 MW MEL
2003 12 11 1019 150.464 -34.498  12.2 3.81 MW MEL
2003 12 20 1334 141.456 -37.639   8.7 2.97 MW ADE
2003 12 24 0049 146.998 -18.928   2.0 2.93 MW RC
2003 12 29 1331 144.531 -35.413  11.0 3.66 MW AUST
2004 01 16 1505 151.601 -25.069  17.0 4.31 MW GG
2004 01 20 0359 149.437 -22.269  10.0 2.97 MW MEL
2004 02 05 0839 150.652 -20.310  10.0 3.59 MW RC
2004 02 20 1051 151.774 -25.471  10.2 3.00 MW MEL
2004 02 21 2355 151.323 -26.416   1.0 3.74 MW RC
2004 02 28 1132 147.694 -35.005  10.8 3.46 MW MEL
2004 04 12 0214 146.024 -37.322  10.0 2.97 MW MEL
2004 05 15 2138 152.044 -32.210  10.0 3.28 MW MEL
2004 06 15 2259 146.085 -17.315   4.0 3.43 MW RC
2004 06 19 0805 151.490 -31.751   3.3 2.98 MW MEL
2004 06 21 0828 146.635 -16.930  10.0 3.66 MW RC
2004 08 09 1427 143.595 -39.095  10.0 2.96 MW MEL
2004 09 21 1154 148.569 -34.674   0.0 3.03 MW MEL
2004 10 10 0658 142.603 -36.367   0.0 3.11 MW MEL
2004 10 11 1636 143.552 -37.903  10.0 3.05 MW MEL
2004 11 18 2331 146.111 -41.741  15.4 4.39 MW MEL
2004 11 22 0825 149.561 -34.205  10.0 2.98 MW MEL
2005 01 02 0156 148.650 -35.388  10.0 3.14 MW AUST
2005 01 05 0831 153.415 -26.097   1.7 3.66 MW RC
2005 01 14 0051 144.348 -39.745  10.0 3.07 MW MEL
2005 01 18 1009 147.191 -33.845  13.0 3.74 MW AUST
2005 01 28 1024 147.028 -41.675  13.8 2.91 MW MEL
2005 02 06 0935 146.071 -37.343   3.1 3.19 MW MEL
2005 02 20 0916 148.683 -34.013  12.0 3.14 MW AUST
2005 03 07 1622 151.291 -26.527   5.0 3.66 MW ISC
2005 03 08 1445 145.887 -16.631   9.2 3.21 MW RC
2005 04 05 0444 148.799 -33.475  35.6 2.95 MW MEL
2005 04 14 1316 149.272 -28.550   0.0 3.36 MW AUST
2005 04 20 2153 146.554 -38.517   7.4 3.59 MW MEL
2005 04 24 0210 146.683 -38.319  12.4 2.96 MW MEL
2005 06 24 0402 145.130 -40.840  10.0 2.91 MW MEL
2005 06 30 1413 142.307 -39.067  22.3 3.25 MW MEL
2005 07 04 2021 148.643 -34.469   2.0 3.04 MW MEL
2005 07 14 0623 147.160 -34.085   0.0 3.07 MW AUST
2005 07 30 1656 148.606 -28.540  10.0 3.07 MW RC
2005 09 03 2305 148.654 -34.401   4.1 3.59 MW AUST
2005 09 05 1108 151.147 -28.840   2.5 3.14 MW RC
2005 09 06 1501 154.551 -24.636   0.0 2.93 MW RC
2005 09 10 1141 143.931 -16.878  10.0 3.00 MW RC
2005 09 13 0044 147.176 -18.256  10.0 3.66 MW RC
2005 09 25 0940 144.454 -41.323  10.0 3.56 MW MEL
2005 09 28 2137 146.027 -38.568   7.2 3.12 MW MEL
2005 10 02 1750 150.972 -29.485   0.0 2.93 MW RC
2005 10 31 1813 150.151 -33.612   7.9 3.49 MW MEL
2005 11 08 0922 143.969 -16.804   7.8 3.43 MW RC
2005 12 12 0016 146.089 -42.712  10.0 3.18 MW MEL
2005 12 22 1353 139.372 -37.708  26.7 3.51 MW ADE
2006 01 02 2043 150.938 -29.978  15.0 3.28 MW RC
2006 01 15 0744 146.061 -16.754  10.0 3.14 MW RC
2006 01 19 1615 146.204 -40.783  10.0 3.66 MW MEL
2006 01 26 2157 146.110 -17.292  10.4 3.14 MW RC
2006 02 04 1631 148.168 -37.465  13.1 3.90 MW MEL
2006 02 28 0513 147.117 -36.818  12.2 3.12 MW MEL
2006 03 02 0617 149.200 -34.828   8.7 3.51 MW MEL
2006 03 27 2157 150.478 -29.190   0.0 3.95 MW MEL
2006 04 08 0034 142.258 -38.874   5.8 3.49 MW MEL
2006 04 14 0405 146.185 -17.117  19.1 3.00 MW RC
2006 04 19 1859 139.880 -37.881  22.2 2.98 MW ADE
2006 04 21 0811 149.144 -34.811   5.2 3.28 MW AUST
2006 05 05 0846 140.995 -36.242   8.9 2.91 MW ADE
2006 05 09 1454 145.492 -43.769  10.0 3.18 MW MEL
2006 05 26 0142 150.265 -29.149  10.0 3.14 MW RC
2006 06 15 2218 147.049 -43.353  10.0 2.99 MW MEL
2006 06 18 1317 146.861 -38.484  13.0 3.36 MW AUST
2006 06 18 1549 150.425 -34.077   6.4 3.12 MW MEL
2006 06 30 1234 148.744 -34.021  10.0 3.00 MW AUST
2006 07 02 2319 150.867 -32.348  12.0 3.07 MW AUST
2006 07 13 0442 145.554 -37.925  11.3 2.93 MW AUST
2006 07 22 2201 141.044 -38.255  10.0 3.03 MW MEL
2006 07 28 0549 147.359 -18.323   0.9 3.90 MW RC
2006 07 30 0145 153.907 -26.604  10.0 3.00 MW RC
2006 08 13 1330 149.201 -34.780  10.0 3.43 MW MEL
2006 09 13 1439 146.580 -41.631  10.0 3.20 MW MEL
2006 10 05 2124 143.700 -40.568   3.0 3.21 MW AUST
2006 10 13 1106 144.339 -17.468   4.0 3.43 MW RC
2006 10 21 0951 149.167 -34.031  18.4 4.15 MW MEL
2006 10 22 1236 145.025 -37.873  16.1 3.12 MW MEL
2006 10 22 1322 146.267 -38.524  18.2 3.04 MW MEL
2006 12 04 0254 144.844 -39.055  13.5 3.32 MW GG
2007 01 03 2227 146.259 -38.467  17.8 3.33 MW GG
2007 01 07 1357 143.427 -40.646  10.0 3.68 MW MEL
2007 01 20 0457 145.376 -42.857  10.0 2.98 MW MEL
2007 01 20 1717 145.526 -38.419  10.0 2.99 MW MEL
2007 01 29 1154 145.088 -41.157  10.0 3.04 MW MEL
2007 02 16 0614 153.580 -24.102  24.7 3.00 MW RC
2007 02 18 1004 146.279 -38.633  10.3 3.36 MW GG
2007 03 08 0234 145.746 -37.903  10.6 3.66 MW MEL
2007 03 16 0612 145.611 -39.547  10.0 3.16 MW MEL
2007 04 11 0058 151.010 -34.253  20.0 3.28 MW AUST
2007 04 27 1328 142.741 -36.286  10.0 3.04 MW MEL
2007 04 28 0853 151.397 -24.975   9.9 3.14 MW RC
2007 04 29 0604 148.624 -34.866  11.6 2.97 MW GG
2007 05 08 1805 144.701 -39.177  17.8 2.93 MW AUST
2007 05 28 1809 145.566 -38.339  22.3 2.92 MW MEL
2007 06 10 2002 146.813 -36.643   3.4 2.93 MW AUST
2007 07 15 0126 152.635 -23.922  10.0 3.23 MW MEL
2007 07 28 1650 144.373 -39.594  10.0 3.16 MW MEL
2007 08 18 0357 150.372 -34.357  22.6 3.28 MW MEL
2007 08 21 0305 146.108 -37.888  11.0 3.12 MW GG
2007 08 22 1024 150.242 -34.063   7.0 3.13 MW MEL
2007 08 24 1347 148.493 -32.294  10.0 3.12 MW MEL
2007 08 24 1619 144.551 -41.128  10.0 3.03 MW MEL
2007 08 25 0606 151.432 -26.495   4.0 3.90 MW AUST
2007 09 06 0045 145.560 -42.057   3.8 2.91 MW MEL
2007 09 08 1029 144.872 -40.548  10.0 3.82 MW MEL
2007 09 16 1143 145.167 -38.359  10.0 2.92 MW MEL
2007 10 01 0122 139.469 -37.609  15.5 3.06 MW ADE
2007 11 08 0510 152.630 -23.290  10.0 3.36 MW AUST
2007 11 13 0659 140.110 -37.789  15.4 3.90 MW ADE
2007 11 28 0157 151.216 -32.275  10.0 3.03 MW MEL
2007 12 09 0831 143.648 -36.518   8.0 3.00 MW AUST
2007 12 12 0837 144.688 -40.370  10.0 3.58 MW MEL
2008 01 04 1417 140.497 -37.803  12.7 3.13 MW ADE
2008 01 24 0321 144.627 -38.757  14.3 3.51 MW MEL
2008 02 17 1148 140.842 -38.476  28.8 2.92 MW ADE
2008 03 01 0024 144.668 -36.154  10.0 3.74 MW AUST
2008 03 09 0441 149.123 -34.939  10.0 3.09 MW MEL
2008 03 18 0102 148.433 -32.519  11.0 3.74 MW AUST
2008 03 25 0222 143.829 -40.201  10.0 3.12 MW MEL
2008 03 25 0656 144.324 -40.389  10.0 3.11 MW MEL
2008 04 11 0000 148.697 -34.381   5.5 3.00 MW AUST
2008 05 22 0949 150.938 -29.060   0.0 3.25 MW MEL
2008 05 23 0916 150.226 -36.447  10.0 3.31 MW MEL
2008 06 06 0803 152.329 -31.907  10.0 3.19 MW MEL
2008 06 24 0703 140.578 -38.058  29.1 3.59 MW MEL
2008 07 12 1132 146.662 -32.262  10.0 2.98 MW MEL
2008 08 26 0534 149.208 -34.730   3.0 3.25 MW MEL
2008 09 05 0539 150.776 -32.848   0.0 3.28 MW AUST
2008 09 21 1309 148.297 -39.793  10.0 3.11 MW MEL
2008 09 24 2331 144.490 -35.733  10.0 3.20 MW MEL
2008 09 30 0703 149.992 -37.975  10.0 3.19 MW MEL
2008 10 15 2005 145.787 -35.529   8.0 2.93 MW AUST
2008 10 21 1848 152.003 -25.644   2.6 2.92 MW MEL
2008 10 28 1224 144.281 -38.264   6.1 3.20 MW MEL
2008 10 30 1311 146.008 -36.245   3.8 2.96 MW MEL
2008 11 22 0129 146.116 -39.310  10.0 2.96 MW MEL
2008 11 29 2141 145.983 -42.517   8.0 3.66 MW MEL
2008 12 06 1805 144.332 -35.170  10.0 3.00 MW AUST
2008 12 07 0403 149.516 -35.641   8.0 2.93 MW AUST
2009 01 12 0925 152.939 -23.538  10.0 3.01 MW MEL
2009 02 05 0404 144.994 -39.024  10.0 3.59 MW MEL
2009 03 06 0955 145.852 -38.413   9.8 4.42 MW MEL
2009 03 06 1552 148.413 -34.381   3.0 2.93 MW AUST
2009 03 10 1011 144.496 -41.021  10.0 3.17 MW MEL
2009 03 11 1325 150.743 -32.535  11.5 3.66 MW MEL
2009 03 31 1503 145.007 -41.010  10.0 2.91 MW MEL
2009 04 09 0304 148.728 -32.418  10.0 3.57 MW MEL
2009 04 16 1119 145.925 -15.663  13.8 3.23 MW MEL
2009 04 18 1535 150.460 -34.518   3.0 2.99 MW MEL
2009 04 26 1253 147.478 -18.269   5.0 3.95 MW MEL
2009 05 23 1924 152.702 -21.949   5.0 3.08 MW MEL
2009 06 13 1436 147.787 -36.717  11.3 3.05 MW MEL
2009 06 25 0813 148.145 -33.772  10.0 3.09 MW MEL
2009 08 28 2220 150.338 -34.217   3.4 3.51 MW AUST
2009 09 22 0820 145.233 -38.199   5.0 3.20 MW MEL
2009 09 28 0853 148.953 -33.442   0.0 3.36 MW AUST
2009 10 08 0837 148.461 -38.192  10.0 3.30 MW MEL
2009 10 15 2318 145.291 -39.389  10.0 3.16 MW MEL
2009 12 07 1330 147.839 -42.159   9.3 3.87 MW MEL
2009 12 10 1136 147.497 -18.528  10.0 3.65 MW MEL
2009 12 18 1005 148.649 -37.905   0.4 3.00 MW AUST
2010 01 08 1424 146.979 -37.391  13.3 3.12 MW MEL
2010 01 22 1301 151.519 -24.474  10.0 2.91 MW MEL
2010 02 15 1938 154.646 -26.267  20.0 2.96 MW MEL
2010 02 20 1850 149.618 -34.721  10.0 3.34 MW MEL
2010 02 23 0245 148.670 -35.207   4.8 2.97 MW MEL
2010 02 28 0508 146.399 -37.312  10.0 2.97 MW MEL
2010 03 11 1625 152.386 -32.664   9.4 3.43 MW MEL
2010 03 14 1829 148.949 -33.451   0.8 3.55 MW MEL
2010 03 30 0808 144.903 -38.089   9.0 3.34 MW MEL
2010 04 03 1749 146.022 -38.532  14.1 3.27 MW MEL
2010 04 06 0637 147.438 -38.271  10.0 3.12 MW MEL
2010 04 18 2320 150.983 -32.114   5.2 3.20 MW MEL
2010 05 24 0056 145.797 -36.857   9.7 3.10 MW MEL
2010 05 26 1009 144.744 -36.747  10.4 3.33 MW MEL
2010 05 31 1920 149.665 -32.694  10.0 3.16 MW MEL
2010 06 18 1117 148.978 -33.435   5.7 2.96 MW MEL
2010 06 19 1944 151.046 -32.403   5.0 2.96 MW MEL
2010 06 23 1456 150.217 -29.883  10.0 2.91 MW MEL
2010 06 28 1905 146.703 -41.786  10.0 3.06 MW MEL
2010 07 09 1024 143.992 -17.995  10.0 3.14 MW MEL
2010 07 16 0431 151.361 -24.961   7.0 2.99 MW MEL
2010 07 23 2220 148.879 -36.315   0.0 3.14 MW AUST
2010 08 06 0650 146.044 -38.555  14.9 3.19 MW MEL
2010 08 11 2112 145.827 -43.180  11.8 3.61 MW MEL
2010 08 15 0856 152.027 -26.899   0.7 3.12 MW MEL
2010 08 17 0327 151.890 -25.531   0.2 2.92 MW MEL
2010 08 19 0847 153.594 -24.684  10.0 3.14 MW MEL
2010 09 24 1454 148.319 -36.237   5.6 2.92 MW MEL
2010 10 16 1407 146.453 -37.980   5.7 3.45 MW MEL
2010 10 22 0445 149.498 -33.360   0.0 3.14 MW AUST
2010 10 22 1632 146.268 -38.564  10.0 2.97 MW MEL
2010 11 09 1920 140.030 -37.873  13.1 3.29 MW ADE
2010 12 03 1424 151.388 -32.898   0.0 3.10 MW MEL
2010 12 04 0714 153.629 -24.135   5.0 3.58 MW MEL
2010 12 08 0910 149.018 -38.236  10.0 2.97 MW MEL
2010 12 11 0753 145.549 -16.479  18.0 3.51 MW MEL
2010 12 28 0851 147.300 -38.570  35.7 3.28 MW MEL
2011 01 04 1755 146.484 -43.776  10.0 3.41 MW MEL
2011 01 06 1000 144.457 -35.374  23.5 2.98 MW GG
2011 01 17 1929 144.633 -40.394  10.0 2.99 MW MEL
2011 01 25 1128 148.988 -33.491   2.0 3.18 MW MEL
2011 01 29 1529 148.878 -31.604  10.0 3.07 MW MEL
2011 01 30 2000 144.727 -40.934  10.0 2.96 MW MEL
2011 02 08 1842 141.835 -37.316  14.3 2.98 MW MEL
2011 02 21 2243 153.132 -24.131   5.0 3.69 MW MEL
2011 02 26 0046 146.535 -37.605   8.1 2.97 MW MEL
2011 03 13 0332 152.595 -23.890   5.0 3.18 MW MEL
2011 03 15 0608 146.334 -17.342  10.0 3.66 MW ISC
2011 04 12 1029 145.531 -42.243  12.3 3.48 MW MEL
2011 04 15 1337 145.772 -39.994  10.0 3.16 MW MEL
2011 04 16 0531 147.718 -20.055  10.0 5.30 MW MEL
2011 04 19 2013 152.325 -24.394   4.6 3.11 MW MEL
2011 04 29 2226 144.970 -40.709  13.9 3.55 MW MEL
2011 05 01 1837 150.934 -32.249  10.0 2.97 MW MEL
2011 05 07 1902 151.051 -32.109   2.0 2.98 MW MEL
2011 05 13 2325 151.692 -25.003   7.9 3.42 MW MEL
2011 05 20 2227 142.299 -40.705  10.0 3.23 MW MEL
2011 05 24 1613 147.428 -35.630   0.0 2.93 MW AUST
2011 06 01 0329 142.491 -37.430  15.0 3.85 MW MEL
2011 06 17 1039 149.606 -32.765  10.0 3.02 MW MEL
2011 06 26 2032 152.463 -27.168   8.2 2.99 MW MEL
2011 07 07 2059 147.123 -42.168  10.0 3.13 MW MEL
2011 07 20 1919 143.600 -38.951  10.0 2.96 MW MEL
2011 08 18 0446 139.788 -37.095  22.2 3.27 MW ADE
2011 10 25 2332 147.622 -42.195  10.0 2.91 MW MEL
2011 11 02 1632 152.254 -23.664  10.0 3.74 MW MEL
2011 11 03 0141 140.030 -37.976  35.7 3.29 MW ADE
2011 11 05 2252 140.454 -37.579  18.3 3.13 MW ADE
2011 11 13 0005 151.211 -29.827  10.0 3.19 MW MEL
2011 11 13 0010 150.819 -30.127  10.0 3.21 MW MEL
2011 11 14 0243 147.393 -42.107  10.0 3.81 MW MEL
2011 11 21 2011 145.523 -42.082   1.0 3.11 MW MEL
2011 12 31 2026 145.934 -17.852  10.0 3.18 MW MEL
2012 01 02 1246 146.370 -38.562  14.4 2.97 MW MEL
2012 01 05 1405 152.510 -21.973  10.0 3.86 MW MEL
2012 01 12 0122 140.759 -38.629  27.1 3.40 MW ADE
2012 01 22 2018 145.550 -42.083   1.4 3.53 MW MEL
2012 02 26 1029 140.089 -37.930  27.0 2.92 MW ADE
2012 03 06 2234 139.663 -37.728  32.1 3.07 MW ADE
2012 03 11 1821 148.688 -36.302   5.2 3.12 MW MEL
2012 03 20 1528 151.782 -33.872   0.0 2.93 MW AUST
2012 04 06 0643 146.118 -16.996  10.0 3.18 MW MEL
2012 04 19 1909 148.642 -35.328   8.2 3.73 MW MEL
2012 04 23 0029 143.027 -38.484   7.1 2.97 MW GG
2012 04 29 0657 151.020 -32.681   0.2 3.03 MW MEL
2012 05 31 0807 146.144 -16.605   5.0 3.01 MW MEL
2012 06 03 1054 144.665 -41.255   2.0 3.05 MW MEL
2012 06 05 0912 148.757 -34.304  10.0 3.40 MW MEL
2012 06 19 1053 146.290 -38.259  18.1 5.00 MW GG
2012 07 20 1008 149.516 -32.064  10.0 3.00 MW AUST
2012 07 30 0334 146.159 -17.025  10.0 3.57 MW MEL
2012 07 31 0008 146.716 -38.605  10.0 3.12 MW MEL
2012 07 31 0508 146.246 -17.051   7.0 3.08 MW MEL
2012 08 12 1401 148.773 -32.958   2.0 3.10 MW MEL
2012 08 19 1039 143.939 -40.322  10.0 3.19 MW MEL
2012 09 07 0700 149.431 -28.754  10.0 2.98 MW MEL
2012 09 09 0923 140.794 -38.562  31.3 3.28 MW ADE
2012 09 10 0623 151.806 -33.506  15.5 3.36 MW MEL
2012 09 17 1306 150.782 -34.164   2.0 2.98 MW MEL
2012 09 23 1629 151.465 -26.333   6.5 3.24 MW MEL
2012 10 01 1305 147.171 -43.648  11.2 3.26 MW MEL
2012 10 11 2247 143.584 -37.885  11.2 3.34 MW MEL
2012 12 04 2017 151.473 -25.785  10.0 3.59 MW AUST
2012 12 21 1526 152.226 -32.394   4.0 3.49 MW MEL
2012 12 31 0814 146.186 -43.807  10.0 3.03 MW MEL
2013 01 12 1610 148.918 -34.186   9.0 3.46 MW AUST
2013 01 12 2021 145.814 -40.935  10.0 3.47 MW AUST
2013 01 17 2356 144.749 -39.716   5.0 3.01 MW MEL
2013 02 05 2307 148.743 -31.379  10.0 2.99 MW MEL
2013 02 15 1232 145.861 -36.935   2.4 3.17 MW MEL
2013 02 18 0923 148.958 -33.444   0.0 3.47 MW MEL
2013 02 21 1336 144.501 -36.051  23.1 3.46 MW MEL
2013 03 25 0753 140.700 -38.647  24.9 3.39 MW ADE
2013 04 05 1220 145.556 -42.075   1.0 3.26 MW MEL
2013 05 01 1641 144.487 -38.126  11.6 3.11 MW GG
2013 05 13 1108 150.850 -29.160  10.0 3.41 MW MEL
2013 06 03 1944 149.014 -29.030  10.0 3.46 MW MEL
2013 06 09 0235 144.084 -36.894   6.3 3.11 MW GG
2013 06 22 1157 146.147 -36.777  12.2 3.34 MW MEL
2013 06 25 1143 145.549 -42.032  10.0 3.04 MW MEL
2013 07 10 0257 145.334 -41.282  11.0 2.93 MW AUST
2013 07 15 0419 144.335 -39.769  14.5 3.91 MW MEL
2013 07 16 0455 144.587 -41.344  10.0 3.05 MW MEL
2013 07 21 0848 150.889 -32.289   0.0 3.47 MW MEL
2013 08 03 1342 145.851 -43.938  10.0 3.25 MW MEL
2013 08 28 0915 148.317 -34.290   1.0 3.10 MW MEL
2013 08 30 2304 149.760 -37.814  10.0 3.14 MW MEL
2013 10 07 2015 150.788 -34.165   6.2 3.68 MW MEL
2013 11 03 0251 150.039 -36.400  10.0 3.59 MW MEL
2013 11 22 0820 151.019 -35.371  10.0 3.24 MW MEL
2013 11 29 0211 151.030 -32.464   1.0 3.46 MW MEL
2013 12 01 0951 145.550 -17.090   0.0 3.07 MW AUST
2013 12 08 0647 146.322 -38.596  14.8 3.48 MW GG
2013 12 13 2053 143.227 -35.547  10.0 2.91 MW MEL
2013 12 20 0941 150.779 -34.161  10.0 2.98 MW MEL
2013 12 22 1619 143.741 -36.290   4.0 3.11 MW MEL
2013 12 23 1340 145.492 -42.090   2.0 2.97 MW MEL
2013 12 30 0022 152.700 -24.337  10.0 3.12 MW MEL
2014 01 11 1311 152.493 -32.534  10.0 3.00 MW AUST
2014 01 13 0458 145.350 -37.874  11.8 3.20 MW MEL
2014 01 19 1522 151.335 -32.313   3.1 3.03 MW SRC
2014 01 23 0902 148.780 -32.896   3.9 4.01 MW MEL
2014 01 25 1338 150.739 -32.485  10.0 3.25 MW SRC
2014 02 02 0657 148.585 -33.354  10.0 3.01 MW MEL
2014 02 27 0149 147.204 -33.850   0.0 3.36 MW AUST
2014 03 01 0513 147.003 -33.835  10.0 3.18 MW MEL
2014 03 25 0551 148.964 -34.184   0.0 3.03 MW MEL
2014 04 02 2018 144.563 -39.561  10.0 3.31 MW MEL
2014 04 21 1651 148.608 -32.608   2.0 3.75 MW MEL
2014 05 10 1033 140.619 -38.997   8.9 3.08 MW ADE
2014 05 20 1833 146.053 -38.426  13.3 3.05 MW SRC
2014 05 20 2253 147.444 -38.552  10.0 3.36 MW MEL
2014 06 14 1419 151.679 -25.228   5.0 3.30 MW MEL
2014 06 28 0642 145.295 -39.448   9.5 3.38 MW GG
2014 07 12 0344 146.060 -38.437  16.4 2.91 MW GG
2014 08 02 1413 148.988 -28.508  10.0 3.00 MW MEL
2014 08 08 1617 146.416 -17.044   0.0 3.46 MW AUST
2014 08 21 2152 144.448 -42.065  10.0 3.51 MW MEL
2014 08 22 0838 150.668 -25.714   4.0 3.26 MW MEL
2014 08 27 0946 152.989 -31.979  10.0 3.23 MW MEL
2014 08 31 1053 140.680 -38.076  37.9 3.14 MW ADE
2014 09 05 1407 143.895 -16.949   0.0 3.14 MW AUST
2014 09 23 1155 151.367 -32.870   0.0 3.31 MW SRC
2014 09 30 2038 149.361 -21.423  10.0 3.10 MW MEL
2014 10 17 0813 146.227 -38.219  10.6 3.43 MW SRC
2014 11 04 0033 151.423 -32.953  10.0 2.93 MW AUST
2014 11 19 0513 147.923 -35.146   8.7 3.45 MW MEL
2014 12 02 1634 145.846 -38.418   8.8 3.51 MW SRC
2014 12 03 1905 145.460 -38.067  18.4 3.57 MW SRC
2014 12 06 2054 144.041 -38.225  12.6 2.91 MW GG
2014 12 07 2151 147.384 -33.871   0.0 2.93 MW AUST
2014 12 18 2139 151.339 -32.871   0.0 2.96 MW SRC
2014 12 20 0950 148.733 -38.276   7.2 3.40 MW SRC
2014 12 30 1731 140.631 -38.253  39.4 2.93 MW ADE
2015 01 09 0439 151.338 -32.841   0.0 3.03 MW SRC
2015 01 13 2337 145.155 -41.372  10.1 3.73 MW SRC
2015 02 15 1557 151.555 -25.102  10.0 4.76 MW SRC
2015 02 20 2000 150.315 -30.099  10.0 3.00 MW AUST
2015 03 05 0135 146.193 -38.255   9.5 3.12 MW SRC
2015 03 10 1239 145.512 -38.035   9.5 3.13 MW SRC
2015 03 27 1327 140.750 -38.562  38.0 3.56 MW ADE
2015 04 16 0938 151.399 -32.908   6.0 2.93 MW AUST
2015 04 28 1442 146.203 -38.248   8.6 2.91 MW SRC
2015 05 22 1340 149.234 -31.986  10.0 2.93 MW AUST
2015 05 26 2349 146.652 -42.951  10.0 2.91 MW SRC
2015 05 31 0820 146.499 -43.431  16.5 3.27 MW SRC
2015 06 25 0729 152.368 -27.049   7.3 3.35 MW SRC
2015 07 01 2116 150.397 -37.436  10.0 2.91 MW SRC
2015 07 20 1418 149.165 -34.751   2.5 3.18 MW SRC
2015 07 21 0505 151.831 -28.781   1.0 3.16 MW SRC
2015 07 29 2341 154.295 -25.329  10.0 5.09 MW SRC
2015 07 30 0925 142.263 -39.780  10.0 2.98 MW SRC
2015 08 02 1321 145.452 -41.802   0.0 3.26 MW SRC
2015 08 20 1412 146.417 -43.268  11.3 3.42 MW SRC
2015 09 17 0244 142.582 -39.825  54.0 4.45 MW SRC
2015 10 27 2004 140.469 -38.129  35.0 3.21 MW ADE
2015 12 01 0907 150.743 -24.787  10.0 3.39 MW SRC
2015 12 15 0457 140.092 -37.848  37.8 3.06 MW ADE
2015 12 21 1600 151.400 -26.051   9.3 3.13 MW CQSRG
2015 12 30 2127 150.419 -36.846  10.0 2.96 MW SRC
2016 01 30 1739 149.080 -35.910   7.0 3.69 MW AUST
2016 02 09 1821 140.490 -38.069  36.4 2.93 MW ADE
2016 02 10 0503 148.838 -35.002   8.5 3.40 MW SRC
2016 03 15 0151 140.436 -38.107  35.0 3.20 MW ADE
2016 03 23 1919 147.318 -42.172  14.0 3.00 MW AUST
2016 04 04 1942 146.034 -38.572  19.3 3.44 MW GG
2016 04 09 0350 140.156 -38.014  38.5 2.93 MW ADE
2016 04 21 2307 153.134 -23.529  10.0 3.07 MW SRC
2016 04 30 0207 150.100 -32.261   0.0 2.93 MW AUST
2016 05 01 1700 144.209 -36.915   5.8 3.04 MW SRC
2016 06 05 1647 146.358 -40.745  10.0 3.19 MW SRC
2016 06 12 1251 145.810 -39.061  14.0 3.32 MW GG
2016 06 17 1957 152.583 -27.104   1.0 3.06 MW SRC
2016 07 18 1128 150.863 -32.289   1.0 3.17 MW SRC
2016 08 11 0544 150.855 -32.261  10.0 3.40 MW SRC
2016 08 13 1531 152.910 -23.743  10.0 4.32 MW SRC
2016 08 18 0430 148.756 -19.821  10.0 5.84 MW SRC
2016 09 09 1049 145.851 -35.056  10.0 3.00 MW AUST
2016 09 10 0029 149.033 -33.460   0.0 3.07 MW AUST
2016 09 20 1205 151.416 -32.953   0.0 2.93 MW AUST
2016 09 20 1334 153.749 -23.323  10.0 2.99 MW SRC
2016 10 07 0153 150.168 -30.724   0.0 3.11 MW SRC
2016 10 17 1530 151.408 -32.909   0.0 3.00 MW AUST
2016 10 26 1515 149.620 -31.930  11.0 2.93 MW AUST
2016 11 14 1616 145.102 -37.213  10.0 3.07 MW AUST
2016 12 18 1834 150.881 -32.261  10.0 3.07 MW AUST
2017 01 03 1413 150.708 -34.179   0.0 3.84 MW SRC
2017 01 08 1920 143.444 -39.009  12.6 3.25 MW SRC
2017 01 19 1846 146.804 -36.569  10.0 2.93 MW AUST
2017 01 31 1940 146.274 -38.429  19.7 3.64 MW SRC
2017 02 17 1633 140.621 -38.627  10.0 3.28 MW AUST
2017 02 23 0716 151.048 -31.789  10.0 3.84 MW AUST
2017 03 17 0209 150.422 -31.287  10.0 3.00 MW AUST
2017 03 19 0138 140.802 -38.078  10.0 3.28 MW AUST
2017 03 24 1332 150.950 -28.897  10.0 2.93 MW AUST
2017 04 09 1010 149.013 -34.475  10.0 2.93 MW AUST
2017 04 13 1631 148.956 -33.464   0.0 4.18 MW AUST
2017 05 13 1743 146.277 -38.185  10.0 3.07 MW AUST
2017 05 15 0959 148.267 -33.928  10.0 3.07 MW AUST
2017 06 27 0652 140.227 -38.031  10.0 3.36 MW AUST
