1941 06 27 0755 137.340 -25.950   0.0 6.52 MW BMR
1960 01 02 0926 138.620 -11.910   0.0 5.15 MW BMR
1963 03 14 0157 137.500 -25.700  10.0 4.71 MW USCGS
1968 07 04 0648 117.100 -20.800  18.0 4.59 MW MGO
1968 10 14 0258 116.980 -31.620  10.0 6.58 MW BMR
1970 02 08 1631 125.080 -27.400   1.0 4.95 MW ISC
1970 03 10 1715 116.512 -31.092  15.0 5.03 MW EHB
1970 12 26 1825 116.310 -31.080   7.0 3.99 MW MGO
1971 09 13 2158 117.560 -20.190   0.0 4.11 MW BMR
1972 01 25 1737 117.100 -29.850   0.0 4.11 MW MGO
1972 05 05 1044 142.550 -12.920   0.0 3.94 MW BRS
1972 07 22 0419 126.710 -28.030   0.0 4.47 MW MGO
1972 08 28 0218 136.326 -24.992  13.4 5.55 MW EHB
1974 01 23 0243 116.990 -32.840   0.0 3.91 MW MGO
1974 04 17 0721 123.986 -29.581  33.0 4.42 MW ISC
1974 09 04 2317 116.970 -30.790   0.0 4.35 MW MGO
1975 01 10 0820 126.110 -27.740   0.0 5.55 MW MGO
1975 03 07 2013 126.580 -25.860   0.0 4.71 MW MGO
1975 07 21 2139 123.500 -30.200   0.0 4.47 MW MGO
1977 05 15 1916 117.950 -35.000  10.0 4.01 MW MGO
1977 08 17 2116 125.424 -29.797   0.0 3.96 MW ISC
1977 11 17 1756 123.670 -30.590   0.0 4.35 MW MGO
1978 11 24 0104 120.770 -33.320  10.0 3.94 MW MGO
1979 06 02 0947 117.104 -30.821   3.0 6.10 MW EHB
1980 08 07 2047 123.534 -29.304   0.0 3.96 MW ISC
1981 06 18 1100 135.503 -10.325  15.0 4.71 MW EHB
1981 07 14 0614 130.734 -10.997  33.0 4.11 MW ISC
1982 06 06 1406 122.257 -32.358  33.0 3.97 MW USGS
1983 01 26 0616 117.319 -30.610  10.0 4.54 MW ISC
1984 02 21 0559 122.720 -31.820  10.0 4.06 MW MGO
1984 03 16 0345 123.344 -15.003  37.0 4.47 MW ISC
1984 07 07 0439 126.659 -28.219  33.0 4.24 MW ISC
1985 04 12 0318 130.140 -14.750  10.0 3.95 MW AUST
1985 07 28 0739 122.582 -32.554   5.8 4.80 MW EHB
1985 09 10 1157 130.240 -18.050  33.0 5.07 MW ISC
1985 11 24 0926 124.640 -15.910  33.0 4.11 MW MGO
1985 11 27 2318 117.351 -30.646   3.0 4.36 MW ISC
1986 01 20 0746 122.340 -32.360   5.0 4.06 MW MGO
1986 05 17 1241 117.200 -33.360   5.0 3.94 MW MGO
1986 12 18 0658 116.820 -27.830   5.0 4.07 MW MGO
1987 07 08 1038 122.280 -32.540   5.0 4.43 MW MGO
1987 10 09 0358 121.262 -30.913  16.0 4.04 MW MGO
1988 01 06 0342 117.500 -31.200   2.0 4.20 MW MGO
1988 01 22 1204 133.854 -19.896   5.0 6.58 MW EHB
1988 03 10 1415 130.650 -14.630  10.0 5.07 MW ISC
1988 08 08 1813 126.573 -27.243   5.0 3.95 MW BMR
1989 03 03 1326 123.661 -29.340  10.0 4.92 MW ISC
1989 09 12 0943 128.396 -15.559  33.0 4.59 MW ISC
1990 02 08 0823 137.342 -27.891   9.0 4.40 MW ADE
1990 06 09 1342 143.269 -11.898   0.0 4.40 MW ISC
1991 03 09 0136 121.423 -30.761  11.0 4.15 MW MGO
1991 08 06 1411 143.247 -17.915   5.0 4.66 MW ISC
1991 12 13 0448 117.360 -34.389   1.0 4.23 MW MGO
1992 09 30 1118 134.466 -11.379  15.0 4.93 MW EHB
1993 12 18 1927 133.857 -11.827  19.3 4.59 MW ISC
1994 04 26 1549 118.481 -30.605   5.0 4.06 MW MGO
1994 07 05 1907 141.589 -20.055   5.0 4.15 MW AGSO
1994 09 04 1301 124.253 -30.688   5.0 4.23 MW AGSO
1995 01 03 0633 131.316 -14.037   5.0 4.06 MW ISC
1995 01 11 2238 132.052 -23.401   3.0 3.07 MW AUST
1995 01 28 0720 121.450 -30.773   0.0 3.07 MW MGO
1995 02 16 1227 122.109 -16.943   5.0 3.07 MW MGO
1995 03 28 0732 120.440 -27.696   5.0 3.14 MW MGO
1995 04 06 0402 129.025 -17.909   5.0 3.07 MW MGO
1995 04 20 1311 118.184 -33.282   1.8 3.43 MW MGO
1995 05 11 0006 140.960 -19.220   0.0 3.21 MW AGSO
1995 05 29 2033 136.600 -24.800   5.0 3.36 MW AGSO
1995 06 04 2036 125.796 -24.119   5.0 3.74 MW MGO
1995 10 01 1139 134.483 -19.832  24.0 3.66 MW ISC
1995 10 30 1905 135.510 -10.020 151.0 3.02 MW ISC
1995 12 16 0156 127.454 -21.081   5.0 3.51 MW MGO
1995 12 25 1509 134.070 -18.917   0.0 3.28 MW ISC
1996 03 10 1800 128.420 -20.540   5.0 3.21 MW MGO
1996 03 11 0624 117.610 -31.454   1.0 3.28 MW MGO
1996 03 30 0717 121.454 -30.727   1.0 3.07 MW MGO
1996 05 14 2314 116.802 -34.036   1.0 3.21 MW MGO
1996 06 01 0715 121.468 -30.743   1.0 3.28 MW MGO
1996 06 13 1552 142.488 -15.553  10.0 3.28 MW AGSO
1996 07 02 1627 129.430 -10.850   0.0 3.28 MW EIDC
1996 07 04 1241 134.200 -20.080   0.0 3.07 MW EIDC
1996 08 01 0618 131.610 -11.590   5.0 3.21 MW AUST
1996 08 07 1502 129.757 -16.643   5.0 3.07 MW MGO
1996 09 18 2335 116.724 -31.978   1.0 3.28 MW MGO
1996 10 26 0854 117.909 -33.900   1.0 3.74 MW MGO
1996 11 16 0621 117.685 -31.454   3.0 3.43 MW MGO
1996 12 03 0755 119.749 -32.004   1.0 3.28 MW MGO
1996 12 08 2129 124.630 -15.197  33.0 3.66 MW ISC
1996 12 21 1231 135.300 -10.630 386.0 3.02 MW EIDC
1996 12 24 1946 142.740 -9.960   0.0 3.21 MW EIDC
1997 02 05 0015 139.241 -28.710  11.5 4.23 MW ADE
1997 02 05 1455 123.271 -29.851   5.0 3.43 MW MGO
1997 02 06 1356 123.916 -30.128   5.0 3.43 MW MGO
1997 03 14 2358 130.547 -10.848  12.0 3.28 MW AGSO
1997 03 27 0614 117.673 -31.475   5.0 3.43 MW MGO
1997 06 06 0617 125.812 -24.156   5.0 3.21 MW MGO
1997 07 14 0959 139.084 -20.693   0.0 3.00 MW EIDC
1997 07 29 0542 130.154 -12.789   0.0 4.15 MW EIDC
1997 07 29 0742 125.807 -28.360  10.0 4.15 MW MEL
1997 08 03 0117 116.059 -28.604   5.0 3.14 MW MGO
1997 08 09 2136 128.016 -21.140   5.0 3.00 MW MGO
1997 08 31 1523 117.684 -31.449   5.0 4.49 MW MGO
1997 12 07 1750 116.490 -30.998   5.0 3.21 MW MGO
1997 12 28 1556 122.313 -32.621   5.0 3.21 MW MGO
1998 01 30 1654 143.180 -13.250  10.0 3.59 MW AGSO
1998 03 14 0733 119.550 -27.566   5.0 3.07 MW MGO
1998 03 22 1753 122.164 -31.516   5.0 3.98 MW MGO
1998 03 29 0350 139.168 -12.360  35.0 4.75 MW EHB
1998 04 10 0346 122.343 -32.589   5.0 4.23 MW MGO
1998 04 13 2303 136.130 -12.941  10.0 3.36 MW AGSO
1998 04 29 1034 117.477 -31.207   3.0 3.21 MW MGO
1998 05 11 1211 118.080 -33.694   1.0 3.36 MW MGO
1998 06 05 1347 121.319 -31.111   5.0 3.07 MW MGO
1998 06 07 2242 117.683 -31.464   5.0 3.66 MW MGO
1998 06 16 1513 134.470 -23.650   7.0 3.36 MW AGSO
1998 06 18 1321 131.031 -12.206   0.0 3.66 MW EIDC
1998 06 23 1512 132.010 -13.340   0.0 3.28 MW EIDC
1998 06 27 0701 121.605 -30.815   5.0 3.59 MW MGO
1998 07 05 0849 118.640 -26.249   5.0 3.14 MW MGO
1998 07 08 1044 121.416 -30.777   1.0 3.14 MW MGO
1998 07 17 1846 127.845 -26.502  11.0 3.51 MW MGO
1998 07 31 0046 125.694 -24.301   5.0 3.36 MW MGO
1998 08 04 0145 132.534 -13.211   0.0 3.51 MW AGSO
1998 10 02 0943 136.388 -13.774   0.0 3.28 MW AGSO
1998 10 08 1621 121.448 -30.833   1.0 3.07 MW MGO
1998 10 14 2226 121.320 -31.033   5.0 3.66 MW MGO
1998 11 19 0642 137.790 -25.000   0.0 3.14 MW AGSO
1998 12 31 1113 121.410 -30.754   5.0 3.00 MW MGO
1999 01 02 0555 131.754 -20.418   0.0 3.00 MW AGSO
1999 01 05 2349 135.496 -22.040   3.0 3.00 MW AGSO
1999 01 18 1450 126.410 -27.788  10.0 4.15 MW ISC
1999 01 22 0007 116.936 -33.970   1.0 3.36 MW MGO
1999 03 01 0128 137.590 -25.800   0.0 3.59 MW AGSO
1999 03 06 1530 118.213 -23.589  10.0 3.66 MW ISC
1999 03 06 2354 139.137 -28.565   6.9 4.06 MW ADE
1999 03 27 2209 124.441 -30.832   5.0 3.21 MW MGO
1999 03 29 1512 128.375 -15.126   5.0 3.07 MW MGO
1999 05 24 1920 127.780 -15.470   5.0 3.00 MW MGO
1999 11 01 1438 117.490 -24.220   1.0 3.00 MW MGO
1999 11 04 1836 127.480 -15.970   5.0 3.21 MW MGO
1999 11 09 0505 121.390 -28.820   5.0 3.66 MW MGO
1999 12 01 1525 126.590 -27.180   5.0 3.36 MW MGO
1999 12 15 2236 119.730 -32.140   2.0 3.00 MW MGO
1999 12 31 0459 119.780 -32.110   1.0 3.21 MW MGO
2000 01 10 2057 124.082 -28.554  10.0 3.21 MW ISC
2000 02 02 2324 118.255 -33.700   5.0 3.36 MW ISC
2000 02 15 1744 127.654 -14.118   0.0 3.51 MW AGSO
2000 02 24 2044 117.790 -30.750   8.0 3.43 MW MGO
2000 02 28 0421 134.588 -27.158   0.0 3.07 MW AGSO
2000 02 29 0327 120.110 -23.530   5.0 3.00 MW MGO
2000 06 05 0349 118.574 -30.578   2.0 3.14 MW AUST
2000 06 12 2041 132.732 -19.911   0.0 3.07 MW AGSO
2000 07 22 1328 132.520 -20.570   0.0 3.21 MW AUST
2000 07 29 0245 123.749 -29.933  10.0 3.36 MW ISC
2000 09 22 0604 117.058 -30.526   1.1 3.66 MW AUST
2000 10 28 1333 119.345 -26.808  10.0 3.07 MW AGSO
2000 11 11 2200 126.172 -27.637   2.0 3.43 MW ISC
2000 11 16 0125 118.386 -34.537   0.0 3.14 MW AUST
2000 12 05 0914 138.682 -9.369  33.0 3.99 MW ISC
2000 12 28 0528 130.763 -12.544   0.0 3.66 MW AGSO
2001 01 04 2123 123.887 -28.940  10.0 3.59 MW ISC
2001 01 10 1003 126.635 -27.890   0.0 3.14 MW ISC
2001 01 19 0700 122.425 -28.258  11.0 3.07 MW AGSO
2001 02 02 0322 122.410 -20.915  20.0 3.28 MW AGSO
2001 03 08 1049 120.326 -31.457  10.0 4.06 MW ISC
2001 03 11 2123 129.571 -11.349   0.0 3.82 MW IDC
2001 03 27 0458 122.408 -32.029  10.0 3.43 MW ISC
2001 03 29 0008 132.807 -10.417  10.0 3.07 MW AGSO
2001 04 12 1822 137.370 -25.673  10.0 3.51 MW USGS
2001 04 12 2237 137.692 -25.843  10.0 3.59 MW USGS
2001 04 25 2337 124.280 -30.910   5.0 3.43 MW AGSO
2001 05 11 0811 127.460 -14.490   0.0 3.82 MW IDC
2001 05 21 1119 119.780 -31.984   0.0 3.14 MW AGSO
2001 06 24 1017 119.740 -31.995   0.0 3.00 MW AUST
2001 06 30 0817 117.822 -32.145   0.0 3.14 MW AUST
2001 07 03 0513 121.790 -28.760   7.0 3.07 MW AGSO
2001 07 19 1107 129.475 -11.984   0.0 3.43 MW IDC
2001 08 10 1014 131.231 -12.487   5.0 3.21 MW AGSO
2001 09 28 0254 117.061 -30.536   2.3 5.02 MW AUST
2001 10 07 1354 139.767 -24.934   0.0 3.21 MW AUST
2001 10 19 1743 120.628 -33.712  10.0 5.02 MW ISC
2001 10 23 0617 124.381 -28.200  10.0 3.14 MW ISC
2001 12 26 1854 117.688 -31.380   2.9 3.28 MW AUST
2002 03 17 0109 125.388 -27.539   5.0 3.43 MW AUST
2002 04 13 0037 137.714 -26.480  12.0 3.21 MW AUST
2002 07 18 0423 119.872 -32.195  10.0 3.98 MW MEL
2002 07 24 2048 121.243 -30.382  10.0 3.36 MW AUST
2002 08 02 1343 121.207 -30.917   3.0 3.82 MW AUST
2002 10 25 0646 123.114 -15.743   8.0 3.43 MW AUST
2002 11 01 0855 129.904 -11.931  10.0 4.15 MW ISC
2002 11 05 0912 135.239 -22.479  10.0 3.28 MW AUST
2003 02 04 0753 116.974 -20.752   5.0 3.59 MW AUST
2003 05 16 0514 136.320 -11.500   5.0 3.21 MW AUST
2003 05 19 1705 129.679 -10.713  76.0 3.14 MW ISC
2003 06 21 1551 132.673 -21.097   0.0 3.36 MW AUST
2003 07 03 0536 120.149 -25.795  21.8 3.66 MW AUST
2003 07 18 1319 119.609 -34.372   5.0 3.14 MW AUST
2003 08 15 0541 122.647 -28.608   0.0 3.28 MW IDC
2003 10 31 1214 138.146 -13.874  10.0 3.28 MW ISC
2004 01 23 1531 123.549 -31.672  14.9 4.23 MW AUST
2004 02 03 2339 117.094 -30.746   0.0 3.14 MW AUST
2004 02 11 1935 121.132 -31.129   0.0 3.14 MW AUST
2004 03 01 2233 123.171 -32.423   1.7 3.28 MW AUST
2004 03 24 0627 124.144 -29.849  10.0 3.28 MW AUST
2004 04 11 0347 140.659 -20.035   0.0 3.07 MW IDC
2004 05 31 2232 121.760 -31.326   0.0 3.74 MW AUST
2004 06 07 1340 125.483 -27.695   6.8 3.82 MW AUST
2004 07 18 1417 116.900 -20.800   0.0 3.21 MW GG
2004 09 10 0847 117.061 -30.550   5.0 3.21 MW AUST
2004 10 11 1225 117.098 -30.879   0.0 3.28 MW AUST
2004 11 24 0242 117.726 -30.548  10.0 4.16 MW ISC
2004 12 13 1326 117.070 -30.427   2.1 3.21 MW AUST
2004 12 23 0427 124.414 -15.048   0.0 3.90 MW IDC
2005 01 03 0040 117.479 -30.652   1.5 3.59 MW AUST
2005 01 27 1717 119.236 -31.416   5.4 3.59 MW AUST
2005 01 27 1729 122.381 -32.467  10.0 3.43 MW AUST
2005 02 18 1757 121.085 -32.827   0.0 3.43 MW AUST
2005 02 24 1657 117.485 -30.629   2.5 3.43 MW AUST
2005 02 27 0617 118.282 -33.606   0.0 3.66 MW AUST
2005 03 16 0127 117.464 -30.639   2.6 3.55 MW AUST
2005 03 25 0416 117.217 -31.160   5.0 3.14 MW AUST
2005 05 01 0943 117.912 -30.194   2.7 4.06 MW AUST
2005 05 27 1210 117.447 -30.650   4.3 3.43 MW AUST
2005 06 12 1051 117.108 -30.802   2.3 4.23 MW AUST
2005 06 12 2036 117.030 -30.558   7.6 4.40 MW AUST
2005 09 21 2246 117.165 -30.146   2.0 4.06 MW USGS
2005 11 25 2032 117.195 -30.134   2.2 3.66 MW AUST
2005 12 01 0152 117.038 -30.536   2.5 3.14 MW AUST
2006 03 04 1703 115.912 -33.618   0.0 3.00 MW AUST
2006 03 07 0106 117.142 -30.146   2.2 3.66 MW AUST
2006 03 29 1257 117.685 -30.280   0.0 3.21 MW AUST
2006 05 02 0247 137.341 -25.877  10.0 3.66 MW ISC
2006 06 03 1626 121.808 -16.813  10.0 3.36 MW ISC
2006 06 17 2041 132.479 -21.248   0.0 3.07 MW AUST
2006 06 22 1839 136.351 -12.663   0.0 3.00 MW AUST
2006 07 04 1608 121.526 -30.779   7.0 3.36 MW AUST
2006 11 28 2151 123.951 -28.561   9.0 3.28 MW AUST
2006 12 21 1210 121.456 -30.731   0.0 3.14 MW AUST
2007 03 02 1019 136.708 -23.580   6.9 3.66 MW ISC
2007 03 06 0407 124.341 -29.933   1.0 3.90 MW AUST
2007 04 05 0942 132.208 -24.721   0.0 3.07 MW IDC
2007 08 03 0838 120.571 -23.394   0.0 3.14 MW IDC
2007 08 05 0712 117.648 -33.185  17.0 3.59 MW AUST
2007 09 10 0320 130.369 -15.344   9.0 3.14 MW AUST
2007 09 18 1704 139.626 -15.156   9.4 3.07 MW AUST
2007 09 28 0840 120.660 -23.150   0.0 3.28 MW IDC
2007 10 09 2358 117.505 -33.946   0.0 4.70 MW AUST
2007 11 12 1326 121.519 -30.699   4.0 3.07 MW AUST
2007 11 19 2001 143.735 -12.336  24.0 4.66 MW AUST
2007 11 26 1005 123.719 -30.127   2.0 3.43 MW AUST
2008 01 19 1224 122.127 -33.016   0.0 3.36 MW AUST
2008 03 17 0656 137.427 -25.975  10.0 3.74 MW AUST
2008 03 19 0717 134.047 -19.654  15.0 3.74 MW AUST
2008 03 20 0515 126.017 -23.696   0.0 3.21 MW AUST
2008 03 24 1731 118.385 -30.668  12.8 3.21 MW AUST
2008 05 03 2214 117.365 -31.168   5.0 3.74 MW AUST
2008 05 17 0036 116.975 -30.117   0.0 3.51 MW AUST
2008 07 02 0240 121.473 -30.739   0.0 3.43 MW AUST
2008 07 09 2345 125.223 -26.034   1.4 4.62 MW AUST
2008 08 01 1727 117.132 -30.495   0.0 3.28 MW AUST
2008 11 06 1456 116.655 -30.876   8.0 3.36 MW AUST
2008 11 14 2115 129.800 -12.600   0.0 3.07 MW AUST
2009 04 06 2050 117.191 -31.950   0.0 3.21 MW AUST
2009 04 07 2126 121.461 -30.785   0.0 3.28 MW AUST
2009 04 08 0531 116.881 -34.148   0.0 4.06 MW AUST
2009 04 28 1906 121.553 -30.644   3.0 3.28 MW AUST
2009 06 21 0608 124.631 -30.308  10.0 3.28 MW AUST
2009 10 02 0506 137.780 -11.790   0.0 3.74 MW IDC
2009 10 24 1626 120.659 -33.468  10.0 4.16 MW AUST
2009 11 03 0654 125.792 -27.579   9.5 3.51 MW AUST
2009 11 08 0541 138.819 -10.450  30.0 3.98 MW MEL
2010 02 03 0502 138.098 -28.157   7.6 3.70 MW ADE
2010 02 14 1014 122.307 -32.506   0.0 3.14 MW AUST
2010 03 23 0340 128.712 -15.797   3.0 3.21 MW AUST
2010 03 28 1637 121.558 -30.832  10.0 3.00 MW AUST
2010 03 29 2038 117.032 -30.533   0.0 3.21 MW AUST
2010 04 11 1202 132.830 -16.924  20.0 3.53 MW AUST
2010 04 20 0017 121.770 -30.745  10.0 4.16 MW ISC
2010 06 09 1541 123.256 -22.166   0.0 3.43 MW AUST
2010 06 10 1749 138.263 -27.989   0.0 3.43 MW IDC
2010 07 26 1838 121.343 -30.911   0.0 3.14 MW AUST
2010 08 30 1349 134.033 -20.633  10.0 3.59 MW ISC
2010 09 26 2259 117.447 -30.520   0.0 3.14 MW AUST
2010 10 14 1100 135.707 -23.319   0.0 3.28 MW AUST
2010 10 17 1053 117.759 -30.209   0.0 3.14 MW AUST
2010 10 24 1017 124.228 -30.582  31.0 3.14 MW AUST
2010 10 27 0825 135.708 -25.995   0.0 3.66 MW IDC
2010 11 08 1941 119.162 -31.113  10.0 3.00 MW AUST
2010 11 10 0104 136.649 -23.320  10.0 3.28 MW AUST
2010 12 02 1224 130.429 -11.930   0.0 3.00 MW AUST
2010 12 05 1325 128.900 -14.885  30.0 3.64 MW AUST
2011 01 11 0311 124.491 -27.997   0.0 3.61 MW AUST
2011 02 21 2159 135.420 -20.903   0.6 3.97 MW AUST
2011 02 24 0226 120.084 -26.564  10.0 3.21 MW AUST
2011 04 01 0817 134.067 -18.870   0.0 3.59 MW IDC
2011 04 10 1612 131.513 -13.296   0.0 3.07 MW AUST
2011 04 26 1427 117.155 -30.508   0.0 3.52 MW AUST
2011 05 12 1836 122.068 -32.463  19.0 3.28 MW AUST
2011 05 20 2003 119.504 -23.567  10.0 4.54 MW ISC
2011 07 07 0001 121.473 -30.832   0.0 3.07 MW AUST
2011 07 08 1458 137.309 -25.899   0.0 3.00 MW IDC
2011 07 27 0402 121.529 -30.573   0.0 3.45 MW AUST
2011 08 05 0947 118.915 -33.201  10.0 3.00 MW AUST
2011 08 18 0942 116.250 -21.177   0.0 3.28 MW AUST
2011 08 30 0242 137.405 -25.967  20.0 3.53 MW ADE
2011 09 09 2224 136.522 -26.987  31.3 3.62 MW ADE
2011 09 22 0451 117.217 -33.733   5.0 3.49 MW AUST
2011 09 26 1624 139.171 -28.973  27.4 3.04 MW ADE
2011 09 27 1913 117.800 -30.642   2.0 3.28 MW AUST
2011 10 05 1706 117.236 -33.730  16.0 3.55 MW AUST
2011 11 24 1757 121.390 -30.846  19.0 3.00 MW AUST
2011 11 26 1530 138.567 -25.631  10.0 3.80 MW AUST
2011 11 26 2059 138.351 -26.012  28.2 3.60 MW ADE
2011 11 27 0340 138.492 -25.823   0.0 3.00 MW IDC
2011 12 14 0549 123.152 -32.513  15.0 3.53 MW AUST
2011 12 27 1410 120.296 -26.741  10.0 3.00 MW AUST
2012 01 10 1844 118.222 -33.308   0.0 3.40 MW AUST
2012 01 13 1902 121.554 -30.681   4.0 3.00 MW AUST
2012 01 24 1142 116.935 -30.449  10.6 3.21 MW AUST
2012 01 29 1345 118.988 -32.183  10.0 3.00 MW AUST
2012 03 09 0616 117.840 -30.410   8.0 3.49 MW AUST
2012 03 10 0530 117.005 -34.125  10.0 3.14 MW AUST
2012 03 13 1848 116.347 -28.795   0.0 3.00 MW AUST
2012 03 13 2026 117.186 -34.134  15.0 3.21 MW AUST
2012 03 25 1657 117.843 -30.405  10.0 3.49 MW AUST
2012 04 21 0133 118.203 -31.222  11.0 3.21 MW AUST
2012 05 08 0255 116.099 -28.634  10.0 3.00 MW AUST
2012 06 23 1540 121.557 -30.672  10.0 3.07 MW AUST
2012 06 23 1555 121.554 -30.649   1.0 3.07 MW AUST
2012 06 29 1228 136.882 -23.931  10.0 3.36 MW AUST
2012 07 18 0920 117.794 -30.429   2.0 3.62 MW AUST
2012 09 03 1006 115.990 -28.654   9.0 3.07 MW AUST
2012 09 26 1737 121.072 -30.996  10.0 3.21 MW AUST
2012 10 07 0320 120.630 -27.768   0.0 3.36 MW AUST
2012 11 05 1931 129.045 -11.546  39.0 4.22 MW AUST
2012 11 28 2235 125.943 -27.757   0.0 3.89 MW AUST
2012 11 30 1624 122.560 -32.374  14.0 3.28 MW AUST
2013 01 05 0232 120.611 -27.808   0.0 3.21 MW AUST
2013 01 06 1702 120.383 -28.075  10.0 3.00 MW AUST
2013 02 01 0949 117.427 -30.650   2.0 3.36 MW AUST
2013 02 13 1649 136.589 -12.796  10.0 3.63 MW AUST
2013 03 03 2136 119.276 -32.375   1.0 3.50 MW AUST
2013 03 08 2159 122.228 -21.738  10.0 3.50 MW AUST
2013 03 21 0408 127.736 -25.581  10.0 3.14 MW AUST
2013 03 26 1807 120.887 -33.017  15.0 3.21 MW AUST
2013 04 30 0823 120.609 -27.795   8.0 3.00 MW AUST
2013 05 05 0631 120.521 -27.864   0.0 3.00 MW AUST
2013 05 17 1511 117.456 -30.619   4.0 3.46 MW AUST
2013 06 03 2025 116.977 -34.292   0.0 3.14 MW AUST
2013 06 06 0944 121.471 -30.696   0.0 3.07 MW AUST
2013 07 05 0153 117.591 -33.458   5.0 3.14 MW AUST
2013 08 02 1746 121.413 -26.146  10.0 3.21 MW AUST
2013 08 17 2144 121.210 -28.123  10.0 3.21 MW AUST
2013 08 21 1102 117.655 -33.449   0.0 3.14 MW AUST
2013 09 28 0400 129.119 -15.610   0.0 3.53 MW AUST
2013 09 30 2114 121.498 -31.898  12.0 3.73 MW AUST
2013 10 04 2003 117.658 -30.622   0.0 3.51 MW AUST
2013 10 14 1554 130.825 -24.050   0.0 3.54 MW AUST
2013 10 30 2225 120.746 -27.786   0.0 3.75 MW AUST
2013 11 30 0549 139.480 -28.545  21.5 3.73 MW ADE
2013 12 02 1154 121.690 -31.400  15.0 3.07 MW AUST
2013 12 14 1432 117.026 -32.248  13.0 3.21 MW AUST
2013 12 16 1838 125.154 -21.811  15.0 3.36 MW AUST
2014 01 16 2054 129.678 -15.073  10.0 3.14 MW AUST
2014 01 24 0032 117.678 -30.610   0.0 3.21 MW AUST
2014 01 31 0303 117.585 -33.454   6.0 3.14 MW AUST
2014 02 01 0526 119.627 -34.614  10.0 3.00 MW AUST
2014 02 06 1341 129.565 -15.058  10.0 3.45 MW AUST
2014 02 26 0000 121.187 -30.679   0.0 4.32 MW AUST
2014 04 05 0255 117.778 -30.414   7.0 3.28 MW AUST
2014 04 14 1254 121.433 -30.743  10.0 3.00 MW AUST
2014 05 11 2034 117.474 -30.618  12.0 3.14 MW AUST
2014 05 13 1351 122.339 -28.327   9.0 3.21 MW AUST
2014 06 20 1233 121.552 -30.660   0.0 3.07 MW AUST
2014 07 17 1839 117.798 -30.371  13.0 3.43 MW AUST
2014 07 20 1421 120.667 -29.611  10.0 3.00 MW AUST
2014 07 22 1949 117.689 -30.642  10.0 3.40 MW AUST
2014 07 29 0650 123.863 -26.105  10.0 3.56 MW AUST
2014 08 17 0228 119.335 -23.055   0.0 3.07 MW AUST
2014 08 21 1332 116.071 -28.213  10.0 3.07 MW AUST
2014 09 06 1354 124.413 -30.018  13.0 3.36 MW AUST
2014 10 30 1734 117.919 -30.310  10.0 3.59 MW SRC
2014 10 31 1915 121.232 -30.815  10.0 3.88 MW AUST
2014 11 04 0441 117.870 -30.142  10.0 3.14 MW SRC
2014 11 04 1555 121.133 -30.920   9.0 3.14 MW AUST
2014 12 01 1025 131.300 -21.716  10.0 3.77 MW AUST
2014 12 08 0526 116.807 -29.142  10.0 3.00 MW AUST
2015 01 17 1741 119.300 -23.306   0.0 3.07 MW AUST
2015 01 23 0556 121.488 -31.424   4.0 3.07 MW AUST
2015 02 13 2215 121.532 -30.627  13.0 3.42 MW AUST
2015 03 05 1458 117.298 -30.285  14.0 3.21 MW AUST
2015 03 15 1134 121.489 -33.545  10.0 3.28 MW AUST
2015 03 18 0549 131.356 -17.946  15.0 3.28 MW AUST
2015 04 26 2242 121.234 -30.760  15.0 3.28 MW AUST
2015 06 03 2115 121.301 -30.856   0.0 3.07 MW AUST
2015 06 22 1258 119.190 -33.209   0.0 3.07 MW AUST
2015 07 24 1137 123.050 -30.517  10.0 3.28 MW AUST
2015 09 02 1640 116.086 -33.092  10.0 3.36 MW AUST
2015 09 28 0012 117.927 -31.878  10.0 3.14 MW AUST
2015 10 13 2219 121.356 -30.771  10.0 3.21 MW SRC
2015 10 27 0632 126.526 -20.267  10.0 3.77 MW AUST
2015 11 11 2012 130.546 -12.181  20.0 3.21 MW AUST
2015 12 06 2212 118.086 -33.508  10.0 3.14 MW AUST
2015 12 18 0200 132.059 -16.293   8.0 3.40 MW AUST
2016 03 11 0148 121.576 -26.102  10.0 3.21 MW AUST
2016 03 30 1334 117.263 -30.348   3.3 3.36 MW SRC
2016 04 25 2030 121.233 -30.650  10.0 3.28 MW AUST
2016 04 27 2043 121.628 -31.180   2.0 3.00 MW AUST
2016 05 23 1500 117.737 -30.455  10.0 3.28 MW AUST
2016 06 09 1018 124.392 -30.880  10.0 3.66 MW AUST
2016 06 10 0149 126.347 -28.009   0.0 3.51 MW AUST
2016 06 23 1609 121.375 -30.771   0.0 3.14 MW AUST
2016 06 30 0025 117.343 -30.137  17.0 3.46 MW AUST
2016 07 01 0314 139.316 -25.364  10.0 3.28 MW AUST
2016 07 05 0655 117.512 -30.054   0.0 3.40 MW AUST
2016 07 08 0940 122.346 -32.541  10.0 4.97 MW USGS
2016 07 16 0345 119.789 -28.715  10.0 3.07 MW AUST
2016 09 04 0624 121.409 -30.807   0.0 3.14 MW AUST
2016 09 10 1534 127.115 -23.514   0.0 3.36 MW AUST
2016 09 19 0530 116.570 -29.383   5.0 3.00 MW AUST
2016 09 29 0149 119.181 -31.452  10.0 3.14 MW AUST
2016 10 10 0429 119.320 -23.042  18.0 3.07 MW AUST
2016 10 10 2314 121.437 -30.785   0.0 3.00 MW AUST
2016 11 06 0954 128.002 -19.102  10.0 4.48 MW USGS
2016 12 05 0531 116.550 -29.334  10.0 3.14 MW AUST
2016 12 24 0040 117.120 -30.826  10.0 3.53 MW AUST
2016 12 26 1259 137.217 -27.210  10.0 3.40 MW AUST
2016 12 29 1656 121.491 -30.654  10.0 3.00 MW AUST
2017 01 03 1530 118.455 -30.609  10.0 4.13 MW AUST
2017 01 13 2336 121.784 -31.430  10.0 3.07 MW AUST
2017 01 28 0423 118.841 -32.187  10.0 3.00 MW AUST
2017 01 30 1900 118.932 -32.089  10.0 3.00 MW AUST
2017 03 05 0458 123.876 -15.489  10.0 3.58 MW AUST
2017 03 19 0920 117.786 -30.420  10.0 3.21 MW AUST
2017 03 21 0815 121.140 -33.044  10.0 3.21 MW AUST
2017 03 22 0036 137.442 -25.870  10.0 3.07 MW AUST
2017 03 26 2000 122.891 -31.616  10.0 3.73 MW AUST
2017 03 31 1604 121.124 -33.085  10.0 3.36 MW AUST
2017 04 08 0347 119.863 -28.684  10.0 3.07 MW AUST
2017 04 10 0440 117.796 -30.429  10.0 3.14 MW AUST
2017 05 03 1733 117.883 -20.249  10.0 3.48 MW AUST
2017 05 13 0927 119.272 -33.204  10.0 3.28 MW AUST
2017 05 15 1912 123.588 -27.167  10.0 3.90 MW AUST
