1873 12 15 0400 127.500 -26.250 0.0 6.00 MW E.T.
1887 04 16 2210 135.800 -34.300 14.0 5.70 MW ADE
1911 10 26 1000 136.417 -33.667 0.0 5.50 MW ADE
1907 11 10 0000 142.100 -10.600 10.0 4.30 MW Rynn
1889 03 11 1250 137.750 -34.100 8.0 4.10 MW ADE
1924 12 09 1153 143.400 -10.200 10.0 5.80 MW ISS
1894 07 16 1245 143.500 -18.300 0.0 4.00 MW Rynn
1929 08 16 2128 120.660 -16.990 33.0 6.20 MW BMR
1916 10 23 1430 137.250 -35.583 6.0 4.30 MW ADE
1925 05 04 1128 140.000 -16.000 0.0 5.10 MW ISS
1921 03 16 1136 138.000 -13.000 10.0 4.50 MW ISS
1924 05 07 0017 140.000 -16.000 0.0 4.40 MW ISS
1920 04 02 0105 143.400 -10.200 10.0 4.00 MW ISS
1955 08 30 1352 116.400 -30.700 0.0 5.80 MW MGO
1920 05 22 1708 142.000 -23.000 33.0 4.00 MW ISS
1949 05 02 1000 116.400 -30.900 0.0 5.10 MW MGO
1952 03 11 0609 116.500 -31.300 0.0 5.10 MW BMR
1939 05 01 1907 138.000 -31.400 0.0 4.20 MW ADE
1923 08 29 0000 143.300 -12.000 0.0 3.20 MW BRS
1953 09 23 0630 137.000 -34.000 7.0 4.80 MW ADE
1940 12 18 2145 117.200 -32.200 0.0 4.20 MW MGO
1958 03 20 0303 117.200 -32.300 7.0 4.80 MW MGO
1959 11 02 0117 135.980 -33.360 10.0 5.10 MW ADE
1959 11 27 0625 116.200 -25.800 18.0 4.80 MW Doyle
1942 02 14 2250 136.000 -29.500 0.0 4.50 MW ADE
1946 09 17 1512 116.900 -32.500 0.0 4.50 MW MGO
1934 08 04 1145 137.633 -33.933 7.0 2.80 MW ADE
1938 03 01 1900 139.500 -16.500 0.0 3.00 MW BRS
1955 04 29 0914 116.400 -30.900 0.0 4.70 MW MGO
1958 07 07 1706 144.000 -15.400 5.0 4.40 MW BRS
1960 08 18 1504 136.150 -33.800 0.0 4.30 MW ADE
1954 11 27 0836 116.700 -32.000 0.0 3.90 MW MGO
1960 08 30 2123 136.000 -34.000 0.0 4.30 MW ADE
1960 08 31 0214 135.870 -34.211 0.0 4.40 MW ADE
1960 11 12 2303 135.500 -34.600 10.0 4.40 MW ADE
1961 06 10 1558 135.000 -34.500 0.0 4.20 MW ADE
1959 08 03 0753 117.400 -32.200 0.0 2.50 MW MGO
1961 06 25 1759 117.200 -32.200 18.0 4.40 MW MGO
1962 03 03 2204 136.000 -33.000 0.0 4.20 MW ADE
1962 05 16 2141 137.660 -35.510 0.0 4.60 MW ADE
1960 02 11 0421 118.300 -33.700 0.0 3.20 MW MGO
1960 03 14 1631 116.500 -31.200 0.0 3.40 MW MGO
1963 02 26 1410 121.200 -22.200 18.0 4.60 MW MGO
1960 03 31 0413 118.000 -33.500 0.0 3.40 MW MGO
1960 05 02 1807 116.800 -30.100 0.0 3.00 MW MGO
1963 04 15 0043 120.300 -21.800 18.0 4.30 MW MGO
1960 07 06 2218 116.900 -31.600 0.0 2.50 MW MGO
1963 11 19 1752 116.300 -31.000 18.0 4.20 MW MGO
1964 01 15 0900 144.000 -18.150 15.0 4.20 MW BRS
1960 11 14 2246 116.900 -31.300 0.0 2.90 MW MGO
1961 02 27 1628 144.000 -16.500 10.0 3.70 MW BRS
1964 06 12 1408 118.100 -33.600 18.0 4.30 MW MGO
1965 01 17 0248 135.655 -27.968 0.0 4.20 MW ADE
1961 05 18 0856 117.300 -34.200 0.0 3.30 MW MGO
1961 06 12 1841 116.900 -31.600 0.0 3.30 MW MGO
1967 10 12 1031 123.900 -17.900 18.0 4.50 MW MGO
1967 11 19 2225 144.000 -18.150 15.0 4.20 MW BRS
1968 01 08 0543 128.560 -16.620 18.0 4.40 MW ISC
1961 07 07 0547 117.000 -33.100 0.0 3.20 MW MGO
1968 04 08 0144 117.250 -30.800 0.0 4.40 MW BMR
1961 06 23 0816 116.600 -31.200 0.0 2.60 MW MGO
1968 06 13 0644 131.183 -20.973 33.0 4.50 MW USCGS
1961 08 28 1029 116.200 -27.500 18.0 3.50 MW MGO
1961 11 20 2044 117.200 -32.300 0.0 2.90 MW MGO
1961 07 01 1510 116.900 -32.400 0.0 2.60 MW MGO
1961 12 31 2227 116.900 -31.600 0.0 2.80 MW MGO
1968 07 31 1651 124.400 -30.800 18.0 4.30 MW MGO
1962 12 17 0029 118.100 -33.600 0.0 3.00 MW MGO
1962 01 30 0729 117.200 -32.300 0.0 2.60 MW MGO
1963 02 13 0757 118.400 -34.100 0.0 3.20 MW MGO
1968 11 12 1023 124.000 -31.600 18.0 4.60 MW MGO
1969 07 27 0920 117.100 -30.950 7.0 4.20 MW MGO
1962 07 31 0035 118.000 -30.900 0.0 2.60 MW MGO
1969 08 17 1755 116.000 -25.100 7.0 4.20 MW MGO
1963 06 22 1951 144.000 -18.150 15.0 3.40 MW BRS
1963 08 29 0704 116.500 -31.100 0.0 3.10 MW MGO
1969 10 27 1139 131.320 -22.800 0.0 4.50 MW BMR
1963 11 17 0755 116.800 -25.000 18.0 3.80 MW MGO
1964 01 15 0231 117.200 -32.300 0.0 2.90 MW MGO
1963 04 28 0918 116.400 -31.000 0.0 2.50 MW MGO
1963 06 11 2200 118.200 -33.300 0.0 2.50 MW MGO
1964 03 09 1135 121.500 -30.800 18.0 3.90 MW MGO
1964 03 20 0256 117.200 -32.300 0.0 2.90 MW MGO
1964 06 11 2002 116.200 -30.700 0.0 2.80 MW MGO
1964 07 12 0039 134.659 -34.102 8.6 3.80 MW ADE
1964 10 23 1252 117.200 -32.200 18.0 3.50 MW MGO
1964 10 26 2218 116.200 -30.700 0.0 2.80 MW MGO
1964 11 05 0550 116.700 -32.100 18.0 3.80 MW MGO
1965 02 16 1248 144.000 -18.150 15.0 3.40 MW BRS
1965 07 14 2307 117.300 -26.600 18.0 3.30 MW MGO
1965 10 04 0044 123.300 -28.100 18.0 4.10 MW MGO
1965 11 22 2215 134.332 -33.827 8.2 3.60 MW ADE
1966 01 25 0706 117.000 -32.800 18.0 3.90 MW MGO
1966 02 15 0155 117.000 -32.300 0.0 3.10 MW MGO
1966 05 01 1602 116.640 -32.040 0.0 3.20 MW MGO
1966 05 06 0857 118.800 -32.300 18.0 3.70 MW MGO
1966 07 15 2348 137.808 -35.552 11.8 2.80 MW ADE
1966 09 30 1405 116.800 -30.600 0.0 3.00 MW MGO
1966 10 03 2139 117.200 -30.600 18.0 3.60 MW MGO
1966 10 07 1024 116.700 -30.400 7.0 3.30 MW MGO
1966 10 17 0027 135.995 -34.415 23.8 3.80 MW ADE
1966 11 30 1530 117.000 -32.790 0.0 2.80 MW MGO
1966 02 22 0721 118.110 -31.450 0.0 2.50 MW MGO
1966 12 25 2234 116.400 -31.000 18.0 3.80 MW MGO
1967 01 31 1307 137.849 -33.520 2.5 3.20 MW ADE
1966 04 26 0329 121.600 -31.400 0.0 2.50 MW MGO
1967 04 03 0801 116.500 -30.700 18.0 3.00 MW MGO
1967 07 13 0709 144.000 -18.150 15.0 3.90 MW BRS
1967 08 29 2109 117.300 -31.900 18.0 3.40 MW MGO
1966 05 10 1012 118.700 -27.100 0.0 2.50 MW MGO
1966 06 19 1105 117.170 -32.170 0.0 2.50 MW MGO
1967 10 22 1038 117.300 -32.000 18.0 3.50 MW MGO
1966 09 21 0420 116.420 -31.120 0.0 2.60 MW MGO
1967 11 21 1037 124.700 -28.600 18.0 3.10 MW MGO
1967 12 14 1417 124.100 -29.000 18.0 2.80 MW MGO
1967 12 26 2100 135.647 -34.523 0.0 2.90 MW ADE
1967 12 29 1824 144.003 -15.900 3.0 3.70 MW BRS
1966 11 21 1808 117.310 -31.980 0.0 2.70 MW MGO
1968 06 06 1931 123.800 -30.700 0.0 3.20 MW MGO
1968 06 21 0754 118.230 -30.800 0.0 4.00 MW BMR
1967 11 17 1333 136.699 -33.349 20.0 2.60 MW ADE
1968 08 24 1324 137.951 -31.856 6.4 3.10 MW ADE
1968 09 26 1807 116.400 -30.700 18.0 3.20 MW MGO
1968 10 06 2236 116.400 -30.910 25.0 3.40 MW MGO
1967 12 14 1727 116.450 -30.780 0.0 2.50 MW MGO
1968 10 20 0906 117.310 -32.040 18.0 3.80 MW MGO
1968 11 27 1439 117.180 -32.290 18.0 3.10 MW MGO
1968 02 14 0919 117.040 -32.450 0.0 2.60 MW MGO
1968 12 12 1232 137.874 -31.639 0.0 2.80 MW ADE
1968 02 26 0535 116.250 -30.940 0.0 2.70 MW MGO
1968 12 29 1109 116.460 -30.680 18.0 3.00 MW MGO
1968 02 29 1210 116.640 -31.870 0.0 2.50 MW MGO
1969 01 20 2330 117.230 -32.130 7.0 3.70 MW MGO
1969 02 17 0905 132.195 -33.485 3.4 3.80 MW ADE
1968 03 08 1521 117.170 -32.030 0.0 2.60 MW MGO
1969 03 11 1200 116.570 -30.640 7.0 3.50 MW MGO
1969 03 21 1950 117.250 -32.150 7.0 3.00 MW MGO
1969 03 28 0333 116.200 -25.400 7.0 3.30 MW MGO
1969 04 02 2212 117.000 -32.400 7.0 3.20 MW MGO
1969 05 09 1120 117.300 -32.000 7.0 3.50 MW MGO
1969 05 16 0422 117.200 -30.900 7.0 3.70 MW MGO
1969 06 23 2144 116.910 -30.820 0.0 2.80 MW MGO
1969 06 26 0038 117.180 -30.760 7.0 3.40 MW MGO
1968 08 31 0840 116.210 -31.120 0.0 2.60 MW MGO
1969 07 29 1407 136.031 -34.364 11.6 2.80 MW ADE
1969 08 11 0855 115.700 -24.900 7.0 4.00 MW MGO
1969 08 21 2357 117.160 -30.750 0.0 3.20 MW MGO
1969 10 19 0147 136.580 -33.644 0.0 2.90 MW ADE
1969 10 22 2017 117.110 -30.860 0.0 2.90 MW MGO
1969 01 07 0449 116.860 -32.250 0.0 2.70 MW MGO
1969 11 05 0706 116.500 -31.260 15.0 2.80 MW MGO
1969 11 22 1505 116.930 -32.530 0.0 3.60 MW MGO
1970 01 12 2356 115.030 -23.030 0.0 3.40 MW MGO
1969 03 28 0418 117.150 -31.980 0.0 2.60 MW MGO
1969 04 17 0600 135.649 -34.040 0.0 2.50 MW ADE
1970 07 19 1638 116.710 -31.180 7.0 3.80 MW MGO
1970 12 26 1825 116.310 -31.080 7.0 4.00 MW MGO
1971 01 17 1128 128.680 -27.327 2.2 3.00 MW ADE
1969 06 09 1757 117.010 -30.660 0.0 2.60 MW MGO
1971 03 05 0359 119.200 -21.800 10.0 3.80 MW MGO
1971 03 21 0005 119.500 -21.100 10.0 3.20 MW MGO
1971 04 03 0400 119.600 -22.000 0.0 3.10 MW MGO
1971 04 03 0635 119.000 -22.100 0.0 3.00 MW MGO
1971 05 12 0916 115.200 -22.900 0.0 3.80 MW MGO
1971 05 19 0422 115.500 -22.900 0.0 4.10 MW MGO
1971 07 09 1539 136.586 -33.512 12.0 3.20 MW ADE
1971 07 12 1156 136.151 -28.786 5.8 3.10 MW ADE
1971 08 18 1720 117.850 -31.750 0.0 3.00 MW MGO
1969 09 06 1022 135.894 -34.033 0.0 2.50 MW ADE
1971 09 17 2213 144.000 -16.600 10.0 3.60 MW BRS
1971 09 18 1352 124.170 -28.260 0.0 3.30 MW BMR
1969 10 03 1224 117.750 -30.050 0.0 2.70 MW MGO
1971 09 28 0424 116.980 -22.750 0.0 3.00 MW BMR
1972 01 08 1705 121.530 -30.820 1.0 3.40 MW BMR
1972 01 16 0343 124.000 -31.000 0.0 3.30 MW MGO
1969 11 01 0553 117.090 -30.840 0.0 2.70 MW MGO
1969 11 08 0846 117.210 -30.900 0.0 2.50 MW MGO
1972 01 29 0410 124.500 -21.000 0.0 3.80 MW MGO
1972 02 18 0758 116.880 -30.840 0.0 2.90 MW MGO
1972 02 26 1115 117.020 -30.810 0.0 3.30 MW MGO
1970 01 30 1811 116.770 -31.100 0.0 2.60 MW MGO
1972 03 10 2250 144.000 -16.900 15.0 3.40 MW BRS
1972 03 19 0711 116.920 -31.140 0.0 2.80 MW MGO
1970 02 01 2214 116.900 -32.600 0.0 2.60 MW MGO
1970 06 26 1203 116.640 -30.620 0.0 2.60 MW MGO
1972 04 20 0929 118.200 -23.330 0.0 4.10 MW BMR
1972 04 22 1347 118.370 -30.760 0.0 3.30 MW MGO
1970 06 28 1914 116.660 -30.890 0.0 2.50 MW MGO
1970 08 24 1653 117.300 -32.000 0.0 2.50 MW MGO
1972 05 20 0347 124.600 -28.100 0.0 4.00 MW MGO
1970 09 18 0146 116.300 -31.100 0.0 2.60 MW MGO
1972 05 28 1359 128.600 -16.500 0.0 3.00 MW MGO
1972 05 30 2316 135.660 -35.259 11.9 3.20 MW ADE
1970 11 30 0035 117.250 -32.210 0.0 2.60 MW MGO
1972 08 14 0905 136.393 -33.581 8.0 3.00 MW ADE
1971 01 25 1309 137.021 -28.499 1.1 2.70 MW ADE
1971 02 19 0418 119.200 -21.000 10.0 2.70 MW MGO
1972 09 06 1051 136.499 -33.720 8.9 2.80 MW ADE
1972 09 14 0250 116.630 -31.250 0.0 2.80 MW MGO
1972 11 08 2254 117.200 -30.900 0.0 3.00 MW MGO
1972 12 21 1343 124.300 -30.700 0.0 4.10 MW MGO
1973 01 26 0441 138.350 -25.510 0.0 4.10 MW BMR
1971 06 19 0943 135.809 -28.213 1.9 2.70 MW ADE
1973 01 28 1203 135.787 -32.160 21.0 3.50 MW ISC
1973 02 23 0920 135.576 -34.092 6.2 2.90 MW ADE
1971 07 03 2220 135.929 -28.417 4.5 2.70 MW ADE
1973 02 28 2242 117.080 -30.900 10.0 2.80 MW MGO
1971 07 26 2046 136.033 -34.643 10.8 2.50 MW ADE
1973 03 25 0612 116.790 -29.550 10.0 2.90 MW MGO
1973 04 02 1423 116.790 -31.210 10.0 3.00 MW MGO
1973 06 10 0807 119.700 -21.200 10.0 3.60 MW MGO
1971 09 10 2346 136.727 -33.545 6.3 2.70 MW ADE
1973 09 27 2002 116.000 -22.200 10.0 3.80 MW MGO
1973 10 15 0649 136.198 -25.792 38.1 3.00 MW ADE
1973 10 31 1033 116.660 -31.380 10.0 3.30 MW MGO
1973 12 04 0930 116.300 -21.900 10.0 3.90 MW MGO
1974 01 23 0243 116.990 -32.840 0.0 3.90 MW MGO
1971 12 12 1921 117.280 -31.980 0.0 2.60 MW MGO
1974 02 16 2042 117.620 -27.160 0.0 4.00 MW MGO
1974 02 25 1307 117.230 -32.300 0.0 3.70 MW MGO
1974 03 27 0803 137.083 -32.721 0.0 3.00 MW ADE
1974 04 15 0237 118.500 -31.100 0.0 2.80 MW MGO
1974 04 16 0942 116.500 -22.000 0.0 3.30 MW MGO
1972 02 01 0415 117.060 -30.900 0.0 2.70 MW MGO
1974 04 29 1440 116.500 -30.200 0.0 3.30 MW MGO
1974 06 20 1707 118.500 -33.500 0.0 2.80 MW MGO
1972 02 20 1425 136.009 -34.200 5.1 2.50 MW ADE
1974 09 26 1638 128.130 -17.240 0.0 3.70 MW MGO
1974 11 05 2024 117.160 -30.650 0.0 3.10 MW MGO
1974 11 18 0411 136.720 -33.741 12.0 3.80 MW ADE
1974 12 13 1853 137.060 -35.030 17.7 3.90 MW ADE
1975 01 06 0900 128.900 -16.180 0.0 2.90 MW MGO
1975 01 21 0150 117.080 -30.830 0.0 2.90 MW MGO
1975 03 12 2009 118.200 -31.000 0.0 2.90 MW MGO
1975 03 13 0330 137.574 -33.067 10.3 2.80 MW ADE
1975 03 30 0210 129.500 -16.200 0.0 2.90 MW MGO
1975 05 01 1333 117.130 -30.900 0.0 3.10 MW MGO
1975 08 05 1127 127.420 -16.450 0.0 3.70 MW MGO
1975 08 19 1404 143.500 -18.200 0.0 3.50 MW BRS
1975 08 23 1922 116.900 -30.770 0.0 3.50 MW MGO
1975 09 07 0621 118.050 -32.950 0.0 2.90 MW MGO
1972 12 26 0658 117.130 -32.320 0.0 2.50 MW MGO
1975 09 22 0724 116.830 -30.640 0.0 2.80 MW MGO
1975 10 02 0131 136.292 -33.514 13.5 3.00 MW ADE
1975 10 11 1152 116.920 -32.440 0.0 3.70 MW MGO
1973 02 01 0023 135.761 -34.004 5.3 2.50 MW ADE
1973 02 17 1427 117.220 -30.970 10.0 2.50 MW MGO
1976 02 13 2112 137.366 -30.908 9.8 2.80 MW ADE
1973 02 21 0048 135.954 -34.166 0.0 2.70 MW ADE
1976 03 09 1013 144.000 -18.200 15.0 3.00 MW BRS
1973 03 15 0201 118.250 -30.900 10.0 2.50 MW MGO
1976 04 24 0122 135.641 -33.956 12.2 2.80 MW ADE
1976 04 30 0419 137.803 -32.062 7.0 2.80 MW ADE
1976 05 24 2256 117.859 -33.172 17.0 3.10 MW USGS
1973 04 07 1853 137.581 -35.620 5.7 2.60 MW ADE
1976 06 11 0427 125.250 -18.670 0.0 3.80 MW MGO
1976 08 08 0310 116.930 -34.400 0.0 2.90 MW MGO
1973 10 04 0610 136.088 -28.439 14.4 2.70 MW ADE
1976 11 30 0247 138.242 -31.259 15.7 2.90 MW ADE
1976 12 04 2027 128.100 -17.100 0.0 3.00 MW MGO
1977 02 07 0932 117.350 -34.090 0.0 2.90 MW MGO
1977 02 26 0700 137.493 -35.592 9.3 2.90 MW ADE
1977 03 01 2008 117.690 -33.480 0.0 3.60 MW MGO
1977 03 11 0228 134.749 -29.236 4.6 2.90 MW ADE
1977 04 09 0947 117.440 -34.440 0.0 3.50 MW MGO
1974 03 08 1200 128.500 -17.200 0.0 2.70 MW MGO
1977 04 18 1233 116.370 -30.930 0.0 2.90 MW MGO
1974 04 01 1047 136.480 -28.886 8.9 2.60 MW ADE
1977 05 16 2127 122.900 -28.000 0.0 3.00 MW MGO
1977 05 18 0611 126.700 -17.500 0.0 3.60 MW MGO
1977 07 04 1914 117.950 -31.000 7.0 2.90 MW MGO
1977 07 20 1219 120.200 -17.300 0.0 4.10 MW MGO
1977 07 27 2109 128.560 -16.987 33.0 3.40 MW ISC
1974 05 12 1549 117.010 -30.830 0.0 2.70 MW MGO
1977 09 06 0122 138.566 -28.948 25.9 3.10 MW ADE
1974 07 25 0543 117.000 -32.750 0.0 2.50 MW MGO
1977 09 14 1638 135.518 -27.149 25.7 3.10 MW ADE
1977 09 23 0040 135.802 -34.197 4.5 3.10 MW ADE
1974 11 04 1745 117.060 -31.220 0.0 2.60 MW MGO
1977 10 24 1220 124.510 -23.860 0.0 3.60 MW MGO
1977 11 03 0356 127.000 -22.600 10.0 4.00 MW MGO
1974 11 06 0843 136.772 -24.900 7.5 2.70 MW ADE
1977 11 30 0730 117.310 -33.590 0.0 3.00 MW MGO
1978 01 17 2215 115.520 -22.720 30.0 3.70 MW MGO
1978 01 28 0842 120.730 -26.800 0.0 3.00 MW MGO
1978 03 06 0159 127.260 -17.980 9.0 2.80 MW MGO
1975 03 04 0415 117.100 -32.300 10.0 2.70 MW MGO
1978 03 08 1757 120.470 -22.668 23.0 3.60 MW ISC
1978 03 13 1457 115.800 -24.320 0.0 3.20 MW MGO
1978 03 23 0235 131.000 -22.980 10.0 3.70 MW BMR
1978 05 31 1725 125.250 -32.760 10.0 3.30 MW MGO
1975 04 18 1445 128.640 -16.040 0.0 2.60 MW MGO
1978 07 10 1648 120.140 -21.250 19.0 3.80 MW MGO
1978 07 27 2045 117.730 -33.450 6.0 3.50 MW MGO
1978 08 02 2019 130.230 -16.660 0.0 2.90 MW MGO
1978 08 05 1208 130.770 -23.230 0.0 3.70 MW BMR
1975 07 02 1429 137.701 -32.373 4.9 2.70 MW ADE
1978 08 31 0128 136.375 -30.939 17.7 2.90 MW ADE
1978 08 31 1811 118.670 -22.030 0.0 2.90 MW MGO
1978 09 02 0849 123.280 -18.450 37.0 3.50 MW MGO
1978 11 10 2046 118.270 -33.630 5.0 2.90 MW MGO
1978 11 16 2217 118.400 -33.400 0.0 3.70 MW MGO
1978 11 18 0511 136.361 -27.992 19.1 3.30 MW ADE
1975 09 04 2041 116.900 -30.770 0.0 2.50 MW MGO
1978 11 28 1146 124.570 -30.140 15.0 3.00 MW MGO
1975 09 19 1254 116.920 -30.760 0.0 2.60 MW MGO
1978 12 16 1008 136.380 -28.839 19.1 3.30 MW ADE
1975 09 25 0426 117.750 -33.330 0.0 2.50 MW MGO
1975 11 22 0719 118.200 -33.100 0.0 2.50 MW MGO
1976 02 28 0652 137.102 -29.554 0.0 2.70 MW ADE
1976 03 04 2107 116.670 -30.620 0.0 2.50 MW MGO
1976 03 17 2251 116.770 -30.500 0.0 2.50 MW MGO
1976 03 28 0735 127.600 -17.000 0.0 2.70 MW MGO
1976 03 29 0126 127.700 -16.900 0.0 2.70 MW MGO
1976 05 11 0926 117.090 -30.900 0.0 2.50 MW MGO
1976 05 11 1054 116.600 -30.700 0.0 2.60 MW MGO
1976 05 21 0543 128.250 -16.450 0.0 2.50 MW MGO
1976 07 01 1403 117.900 -33.700 0.0 2.60 MW MGO
1976 10 28 1820 136.387 -33.491 7.4 2.60 MW ADE
1977 02 26 0549 128.360 -16.500 0.0 2.70 MW MGO
1977 03 08 1702 117.480 -31.170 0.0 2.50 MW MGO
1977 04 25 2021 137.568 -34.949 10.9 2.70 MW ADE
1978 02 13 0614 128.660 -16.500 0.0 2.50 MW MGO
1978 04 03 1539 126.000 -27.300 0.0 2.70 MW MGO
1978 05 03 0522 115.380 -27.470 0.0 2.60 MW MGO
1978 07 12 0900 122.490 -21.400 0.0 2.50 MW MGO
1978 07 15 1204 128.800 -17.600 0.0 2.70 MW MGO
1978 07 17 0615 136.778 -33.377 26.4 2.60 MW ADE
1978 11 19 0714 118.400 -34.400 0.0 2.70 MW MGO
1978 11 23 1620 126.030 -25.890 0.0 2.60 MW MGO
1978 12 25 1340 128.200 -15.660 0.0 2.50 MW MGO
1979 01 29 1957 135.573 -34.424 7.3 2.50 MW ADE
1979 04 10 1811 117.760 -33.400 5.0 2.50 MW MGO
1979 05 23 1056 129.590 -15.350 0.0 2.70 MW BMR
1979 05 25 0810 116.580 -32.750 5.0 2.60 MW MGO
1979 06 26 1913 124.190 -31.790 10.0 2.60 MW MGO
1979 07 26 1227 117.620 -31.290 10.0 2.50 MW MGO
1979 08 16 0112 136.103 -29.661 13.5 2.70 MW ADE
1979 10 06 0651 116.260 -29.550 0.0 2.50 MW MGO
1980 01 31 1104 117.300 -30.400 25.0 2.60 MW MGO
1980 06 12 2029 117.750 -33.430 5.0 2.70 MW MGO
1980 07 04 1811 122.820 -28.620 10.0 2.60 MW MGO
1980 08 01 1824 128.710 -16.440 37.0 2.70 MW MGO
1980 08 11 0020 116.510 -29.850 0.0 2.60 MW MGO
1980 09 11 0437 144.000 -18.100 15.0 2.70 MW BRS
1980 10 03 0537 135.826 -28.040 3.0 2.70 MW ADE
1981 01 09 2033 120.960 -30.880 0.0 2.50 MW MGO
1981 04 28 1209 136.543 -33.764 0.0 2.60 MW ADE
1981 07 05 1527 136.766 -35.345 15.2 2.60 MW ADE
1981 08 16 0240 116.760 -30.210 10.0 2.50 MW MGO
1981 09 20 0919 121.360 -24.640 10.0 2.50 MW MGO
1981 12 02 1929 116.740 -31.000 10.0 2.70 MW MGO
1982 04 30 1055 120.720 -22.230 10.0 2.70 MW MGO
1982 06 05 0436 136.697 -33.396 23.6 2.60 MW ADE
1982 11 24 1612 117.400 -32.330 10.0 2.50 MW MGO
1983 01 20 1353 118.100 -33.820 5.0 2.50 MW MGO
1983 02 08 1945 121.360 -30.740 0.0 2.50 MW MGO
1983 02 12 2203 117.730 -33.410 10.0 2.60 MW MGO
1983 04 06 1939 124.080 -29.200 10.0 2.50 MW MGO
1983 07 25 1503 122.850 -28.540 10.0 2.70 MW MGO
1983 11 07 1429 135.773 -34.031 0.0 2.60 MW ADE
1983 11 13 0001 136.971 -33.454 3.7 2.70 MW ADE
1983 12 21 1819 124.190 -27.360 10.0 2.70 MW MGO
1984 01 28 0625 121.020 -28.290 10.0 2.60 MW MGO
1984 01 30 0244 116.940 -32.520 10.0 2.50 MW MGO
1984 05 28 2145 135.821 -28.168 0.0 2.50 MW ADE
1984 06 09 0704 121.530 -30.750 0.0 2.50 MW MGO
1984 07 16 1807 118.220 -33.580 10.0 2.50 MW MGO
1984 08 10 1348 117.300 -33.980 5.0 2.60 MW MGO
1984 08 19 2011 117.280 -33.340 10.0 2.60 MW MGO
1984 09 28 1408 136.627 -33.575 7.9 2.70 MW ADE
1984 12 22 2259 124.320 -27.700 10.0 2.70 MW MGO
1985 02 27 0149 134.516 -33.394 0.0 2.70 MW ADE
1985 03 03 0028 117.730 -33.400 6.0 2.50 MW MGO
1985 04 16 2215 138.112 -31.370 8.3 2.60 MW ADE
1985 04 24 2304 116.690 -31.990 10.0 2.50 MW MGO
1985 06 02 1656 136.946 -33.012 17.0 2.60 MW ADE
1985 06 12 0734 137.778 -32.680 0.0 2.50 MW ADE
1985 08 11 2303 137.779 -32.758 1.5 2.60 MW ADE
1985 12 10 1133 117.010 -25.320 10.0 2.50 MW MGO
1986 02 09 0224 117.880 -30.880 5.0 2.50 MW MGO
1986 02 17 0426 135.628 -28.682 34.4 2.50 MW ADE
1986 03 30 2020 120.850 -24.810 5.0 2.50 MW MGO
1986 04 03 0806 116.460 -30.820 5.0 2.50 MW MGO
1986 04 05 1528 117.390 -32.220 5.0 2.60 MW MGO
1986 05 09 0836 121.038 -31.109 5.0 2.60 MW MGO
1986 05 16 0644 136.870 -33.311 25.0 2.70 MW ADE
1986 05 20 1718 121.290 -21.080 5.0 2.60 MW MGO
1986 06 05 0707 117.380 -34.700 5.0 2.50 MW MGO
1986 06 17 1625 117.810 -30.750 5.0 2.50 MW MGO
1986 07 18 0429 137.190 -29.846 3.6 2.60 MW ADE
1986 07 23 1228 136.380 -33.572 9.9 2.50 MW ADE
1986 07 28 2005 115.180 -23.710 5.0 2.50 MW MGO
1986 08 08 1414 121.012 -31.087 5.0 2.50 MW MGO
1986 08 26 1923 137.013 -28.848 0.0 2.70 MW ADE
1986 10 18 1306 119.750 -22.290 5.0 2.70 MW MGO
1986 12 06 2054 120.650 -21.360 5.0 2.50 MW MGO
1986 12 19 0606 130.800 -22.700 0.0 2.60 MW BMR
1987 01 19 1003 117.710 -33.410 13.0 2.60 MW MGO
1987 01 22 1356 118.890 -30.600 5.0 2.50 MW MGO
1987 02 10 1528 135.905 -27.657 20.2 2.50 MW ADE
1987 05 12 1654 117.370 -32.240 5.0 2.50 MW MGO
1987 05 20 1724 116.640 -31.250 5.0 2.50 MW MGO
1987 07 05 0528 116.340 -31.780 5.0 2.70 MW MGO
1987 07 10 2232 117.470 -31.220 1.0 2.60 MW MGO
1987 07 20 1302 135.682 -34.090 0.2 2.50 MW ADE
1987 09 18 1741 137.184 -35.603 38.0 2.50 MW ADE
1987 12 12 1449 116.680 -31.030 2.0 2.70 MW MGO
1987 12 19 0143 117.654 -31.116 21.0 2.60 MW ISC
1988 01 06 0656 128.460 -17.040 5.0 2.70 MW MGO
1988 02 28 1756 118.270 -33.600 3.0 2.70 MW MGO
1988 03 18 2003 117.170 -32.150 5.0 2.60 MW MGO
1988 03 25 2105 116.150 -26.110 5.0 2.50 MW MGO
1988 06 10 0639 137.190 -35.360 11.4 2.60 MW ADE
1988 07 06 2240 116.790 -30.530 2.0 2.50 MW MGO
1988 08 18 0739 116.540 -33.310 1.0 2.60 MW MGO
1988 08 20 0900 126.600 -24.960 5.0 2.60 MW MGO
1988 09 01 1134 116.560 -33.300 2.0 2.50 MW MGO
1988 09 08 2117 132.363 -29.217 5.0 2.50 MW ADE
1988 10 09 0315 119.480 -28.360 12.0 2.60 MW MGO
1988 10 16 1113 131.592 -25.530 5.0 2.50 MW BMR
1988 10 27 0800 117.740 -30.780 0.0 2.50 MW MGO
1989 01 19 1508 128.590 -16.870 5.0 2.60 MW MGO
1989 02 02 0714 117.240 -31.160 6.0 2.50 MW MGO
1989 02 13 1409 116.800 -30.540 2.0 2.50 MW MGO
1989 03 04 1013 136.500 -33.904 2.0 2.50 MW ADE
1989 03 07 1706 124.750 -30.720 5.0 2.70 MW MGO
1989 04 09 0400 136.430 -33.940 1.0 2.60 MW ADE
1989 04 19 1342 116.927 -34.355 1.0 2.60 MW MGO
1989 04 30 1616 117.261 -20.518 5.0 2.50 MW MGO
1989 05 15 1547 124.140 -30.470 5.0 2.50 MW MGO
1989 06 06 0507 127.736 -18.368 5.0 2.50 MW MGO
1989 06 09 1833 121.407 -30.755 12.0 2.50 MW MGO
1989 06 15 1814 117.286 -33.348 12.0 2.60 MW MGO
1989 06 20 2119 116.881 -25.410 5.0 2.50 MW MGO
1989 06 22 2205 130.260 -25.360 5.0 2.60 MW MGO
1989 06 25 1441 128.194 -26.144 5.0 2.50 MW MGO
1989 07 22 0418 116.435 -21.756 5.0 2.50 MW MGO
1989 08 14 1550 119.863 -20.631 5.0 2.50 MW MGO
1989 12 11 1617 135.304 -34.949 8.8 2.50 MW ADE
1989 12 14 0520 117.220 -33.346 2.0 2.60 MW MGO
1990 01 19 0416 116.508 -31.044 4.0 2.50 MW MGO
1990 03 29 1408 136.011 -34.150 1.5 2.60 MW ADE
1990 04 05 2224 136.523 -28.864 16.6 2.70 MW ADE
1990 04 14 1213 124.574 -15.809 5.0 2.50 MW MGO
1990 04 15 1317 116.797 -30.549 3.0 2.60 MW MGO
1990 06 23 0003 116.783 -30.533 4.0 2.70 MW MGO
1990 06 24 2055 116.810 -30.535 1.0 2.70 MW MGO
1990 08 18 1947 118.529 -26.271 49.0 2.60 MW MGO
1990 09 03 1703 123.510 -31.180 9.0 2.70 MW MGO
1990 09 12 1050 116.800 -30.570 2.0 2.50 MW MGO
1990 10 05 2211 135.927 -33.394 7.2 2.70 MW ADE
1990 11 11 1725 120.190 -20.480 3.0 2.60 MW MGO
1990 11 27 1849 128.440 -16.680 2.0 2.50 MW MGO
1990 12 03 0446 135.800 -26.100 5.0 2.50 MW BMR
1990 12 21 1557 117.491 -31.195 4.0 2.50 MW MGO
1990 12 26 1004 125.305 -30.079 4.0 2.60 MW MGO
1991 02 02 2342 119.397 -30.092 4.0 2.50 MW MGO
1991 02 12 1818 137.687 -34.511 8.6 2.60 MW ADE
1991 03 07 1352 117.329 -31.220 1.0 2.60 MW MGO
1991 03 23 1513 132.097 -26.446 10.0 2.60 MW ADE
1991 05 02 0556 115.886 -33.738 2.0 2.70 MW MGO
1991 05 22 1430 135.735 -33.460 6.3 2.60 MW ADE
1991 05 26 2014 135.700 -28.116 10.0 2.60 MW ADE
1991 06 19 0101 116.916 -32.527 7.0 2.50 MW MGO
1991 06 22 1951 115.576 -24.423 5.0 2.60 MW MGO
1991 06 29 2339 117.051 -30.612 1.0 2.50 MW MGO
1991 07 20 0207 121.538 -30.998 5.0 2.60 MW MGO
1991 07 25 2357 118.075 -33.647 1.0 2.50 MW MGO
1991 09 11 0408 118.851 -34.822 5.0 2.50 MW MGO
1991 10 31 0323 120.993 -20.282 5.0 2.60 MW MGO
1991 11 14 1843 118.930 -21.091 5.0 2.70 MW MGO
1991 11 19 0553 118.130 -33.300 5.0 2.60 MW MGO
1991 12 24 2006 126.197 -17.289 5.0 2.50 MW MGO
1992 02 22 0417 127.305 -23.016 5.0 2.60 MW MGO
1992 03 21 2005 124.541 -27.346 5.0 2.50 MW MGO
1992 04 27 1813 138.524 -28.669 10.0 2.50 MW ADE
1992 05 11 1327 136.700 -33.650 5.0 2.50 MW ADE
1992 06 15 0202 116.650 -24.410 5.0 2.70 MW MGO
1992 06 18 1900 136.829 -34.818 2.2 2.60 MW ADE
1992 07 01 0608 120.798 -21.203 5.0 2.60 MW MGO
1992 08 20 1845 130.075 -23.693 5.0 2.70 MW AUST
1992 08 21 1131 137.671 -25.888 5.0 2.70 MW AUST
1992 08 23 1104 131.065 -25.927 5.0 2.50 MW AUST
1992 09 09 1347 122.813 -19.527 5.0 2.50 MW MGO
1992 09 17 2024 117.835 -33.936 5.0 2.60 MW MGO
1992 10 28 0512 136.807 -33.577 5.4 2.60 MW ADE
1992 10 28 2349 119.669 -21.330 5.0 2.60 MW MGO
1992 12 21 2021 121.520 -31.025 5.0 2.50 MW MGO
1993 01 11 1820 134.018 -34.640 12.8 2.70 MW ADE
1993 01 18 1046 117.275 -31.989 1.0 2.70 MW MGO
1993 02 17 1454 126.506 -21.931 5.0 2.60 MW MGO
1993 02 23 2255 132.241 -23.306 5.0 2.50 MW MGO
1993 04 12 1322 131.347 -25.625 5.0 2.50 MW MGO
1993 04 24 1606 119.643 -20.466 5.0 2.50 MW MGO
1993 05 24 0119 118.258 -33.595 1.0 2.50 MW MGO
1993 05 26 0327 122.196 -32.533 5.0 2.70 MW MGO
1993 06 11 1053 117.196 -32.143 5.0 2.60 MW MGO
1993 06 15 1405 124.859 -22.966 5.0 2.60 MW MGO
1993 06 23 1619 132.728 -21.584 5.0 2.60 MW AUST
1993 07 27 1118 116.620 -24.370 5.0 2.60 MW MGO
1993 08 12 2050 117.421 -32.249 2.0 2.60 MW MGO
1993 08 18 2024 118.184 -30.930 1.0 2.60 MW MGO
1993 10 20 1233 128.081 -21.593 5.0 2.50 MW MGO
1993 12 31 1040 126.731 -19.881 5.0 2.70 MW MGO
1994 01 07 1312 128.547 -16.575 5.0 2.60 MW MGO
1994 01 26 1733 122.316 -32.372 5.0 2.70 MW MGO
1994 02 06 1109 130.208 -23.105 5.0 2.60 MW AUST
1994 02 12 1715 120.560 -21.647 5.0 2.60 MW MGO
1994 03 12 2215 117.412 -32.152 1.0 2.50 MW MGO
1994 03 23 0147 117.255 -31.166 5.0 2.50 MW MGO
1994 04 01 1826 117.263 -31.171 5.0 2.50 MW MGO
1994 04 05 0358 126.969 -32.551 5.0 2.60 MW MGO
1994 04 07 0138 116.207 -29.802 1.0 2.50 MW MGO
1994 04 26 0408 128.632 -16.477 5.0 2.70 MW MGO
1994 06 11 1202 117.903 -31.537 5.0 2.50 MW MGO
1994 06 30 0734 119.132 -27.448 5.0 2.50 MW MGO
1994 09 12 0326 118.194 -33.679 1.0 2.50 MW MGO
1994 09 29 1127 118.389 -20.010 5.0 2.50 MW MGO
1994 10 10 1904 118.116 -32.699 5.0 2.60 MW MGO
1994 10 11 1456 118.056 -33.673 2.0 2.50 MW MGO
1994 10 31 0801 117.855 -33.872 1.0 2.60 MW MGO
1994 11 14 1326 118.388 -30.725 9.0 2.60 MW MGO
1994 12 10 1702 118.519 -34.969 1.0 2.70 MW MGO
1994 12 23 1906 123.583 -17.742 5.0 2.50 MW MGO
1995 04 05 2355 115.762 -25.576 5.0 2.70 MW MGO
1995 06 26 1049 128.605 -16.614 5.0 2.50 MW MEL
1995 08 18 2336 117.509 -31.222 5.0 2.60 MW MGO
1995 09 11 1903 117.100 -25.476 5.0 2.70 MW MGO
1995 09 12 1718 123.552 -17.724 5.0 2.50 MW MGO
1995 10 27 0913 117.281 -31.219 0.8 2.70 MW MGO
1995 11 05 0734 137.000 -29.880 9.3 2.70 MW ADE
1995 11 11 1034 131.767 -25.950 10.0 2.70 MW ISC
1995 12 09 0711 136.723 -29.079 12.6 2.50 MW ADE
1995 12 09 1015 128.319 -16.635 5.0 2.70 MW MEL
1995 12 14 2139 123.730 -31.065 5.0 2.50 MW MGO
1996 01 13 0942 128.935 -21.597 5.0 2.50 MW MGO
1996 02 04 2132 136.759 -28.953 10.0 2.70 MW ADE
1996 04 01 1959 134.150 -20.030 0.0 2.60 MW EIDC
1996 04 08 0619 123.914 -31.266 5.0 2.70 MW MGO
1996 04 18 1659 129.002 -25.920 5.0 2.60 MW MGO
1996 05 05 1230 129.437 -25.481 5.0 2.60 MW AUST
1996 07 14 0839 118.021 -33.690 1.0 2.70 MW MGO
1996 08 08 0912 136.374 -28.520 8.7 2.50 MW ADE
1996 12 31 0149 117.282 -31.200 5.0 2.60 MW MGO
1997 02 21 0623 136.343 -33.521 7.9 2.60 MW ADE
1997 05 11 0934 136.015 -28.353 10.0 2.50 MW ADE
1997 06 29 1437 119.650 -22.186 5.0 2.70 MW MGO
1997 07 10 0139 119.756 -32.144 1.0 2.50 MW MGO
1997 07 14 0959 139.084 -20.693 0.0 2.70 MW EIDC
1997 08 09 2136 128.016 -21.140 5.0 2.70 MW MGO
1997 08 17 0514 115.586 -28.617 5.0 2.60 MW MGO
1997 08 31 0143 123.684 -29.980 5.0 2.50 MW MGO
1997 10 19 1859 115.584 -28.849 5.0 2.70 MW MGO
1997 10 21 0746 123.825 -29.558 5.0 2.60 MW MGO
1997 11 02 0718 129.606 -28.066 5.0 2.70 MW MGO
1997 11 02 1824 115.862 -21.891 5.0 2.50 MW MGO
1997 11 20 0950 128.982 -26.271 5.0 2.70 MW MGO
1997 12 10 0313 123.166 -30.345 5.0 2.60 MW MGO
1998 01 02 0133 115.230 -23.662 5.0 2.70 MW MGO
1998 01 07 1734 120.710 -20.920 5.0 2.60 MW MGO
1998 03 04 1144 115.146 -23.403 5.0 2.60 MW MGO
1998 04 06 2056 115.968 -26.007 5.0 2.60 MW MGO
1998 04 20 1134 121.872 -30.351 5.0 2.50 MW MGO
1998 04 22 1821 119.754 -32.105 5.0 2.50 MW MGO
1998 04 26 1312 124.063 -31.851 14.0 2.70 MW MGO
1998 05 26 0104 123.934 -30.701 5.0 2.70 MW MGO
1998 05 27 0723 118.195 -34.031 5.0 2.70 MW MGO
1998 06 27 1642 120.886 -33.320 5.0 2.60 MW MGO
1998 07 16 0158 121.048 -21.252 5.0 2.50 MW MGO
1998 07 21 2000 121.439 -30.819 5.0 2.50 MW MGO
1998 09 14 0608 127.300 -17.155 5.0 2.70 MW MGO
1998 09 20 0135 119.985 -22.457 5.0 2.60 MW MGO
1998 10 27 2240 128.472 -17.002 5.0 2.70 MW MGO
1998 11 05 2050 123.695 -30.814 5.0 2.70 MW MGO
1998 11 23 0318 135.340 -22.140 0.0 2.50 MW AGSO
1998 11 23 0954 120.611 -26.420 5.0 2.50 MW MGO
1998 12 12 0224 130.920 -22.620 0.0 2.60 MW AGSO
1998 12 14 2029 121.257 -30.987 5.0 2.60 MW MGO
1998 12 24 2342 135.452 -17.634 0.0 2.50 MW AGSO
1998 12 31 1113 121.410 -30.754 5.0 2.70 MW MGO
1999 01 02 0555 131.754 -20.418 0.0 2.70 MW AGSO
1999 01 05 1734 123.039 -27.792 5.0 2.50 MW MGO
1999 01 05 2349 135.496 -22.040 3.0 2.70 MW AGSO
1999 01 12 1338 123.391 -20.113 5.0 2.60 MW MGO
1999 01 21 2237 117.860 -30.931 1.0 2.60 MW MGO
1999 02 21 1034 117.855 -30.881 3.0 2.50 MW MGO
1999 02 22 2355 122.552 -22.334 5.0 2.60 MW MGO
1999 03 18 1451 117.705 -31.476 5.0 2.60 MW MGO
1999 03 25 0432 117.700 -31.489 4.0 2.50 MW MGO
1999 04 24 1414 117.246 -34.264 1.0 2.50 MW MGO
1999 05 20 1135 124.640 -30.070 5.0 2.50 MW MGO
1999 05 20 1405 116.340 -21.730 5.0 2.70 MW MGO
1999 05 24 1920 127.780 -15.470 5.0 2.70 MW MGO
1999 07 21 2050 118.170 -30.820 2.0 2.50 MW MGO
1999 08 26 1922 115.900 -26.450 5.0 2.50 MW MGO
1999 09 29 1959 115.660 -22.210 5.0 2.70 MW MGO
1999 10 10 1053 117.900 -30.940 6.0 2.50 MW MGO
1999 10 14 0018 127.580 -16.710 5.0 2.60 MW MGO
1999 10 18 0714 117.760 -34.050 1.0 2.50 MW MGO
1999 11 01 1438 117.490 -24.220 1.0 2.70 MW MGO
1999 11 06 0828 137.246 -34.763 13.8 2.60 MW ADE
1999 12 01 0511 123.220 -17.970 5.0 2.70 MW MGO
1999 12 15 2236 119.730 -32.140 2.0 2.70 MW MGO
1999 12 18 0701 124.840 -26.260 5.0 2.60 MW MGO
1999 12 22 1741 125.640 -33.190 5.0 2.50 MW MGO
2000 02 10 0013 117.790 -30.750 3.0 2.50 MW MGO
2000 02 17 1558 131.438 -25.729 0.0 2.70 MW AGSO
2000 02 23 0525 136.478 -33.764 8.2 2.50 MW ADE
2000 02 28 1843 120.950 -21.580 5.0 2.70 MW MGO
2000 02 29 0327 120.110 -23.530 5.0 2.70 MW MGO
2000 06 05 1421 132.788 -20.069 0.0 2.50 MW AGSO
2000 06 05 1504 131.850 -29.544 10.0 2.50 MW ADE
2000 06 16 1923 117.529 -27.296 0.0 2.50 MW AGSO
2000 06 19 0138 121.299 -33.551 0.0 2.50 MW AGSO
2000 06 19 2124 131.351 -23.464 0.0 2.70 MW AGSO
2000 06 26 1947 120.953 -20.694 0.0 2.70 MW AGSO
2000 11 12 1942 132.108 -24.973 0.0 2.60 MW AGSO
2000 12 03 1334 117.820 -30.614 0.0 2.60 MW AUST
2000 12 26 2011 118.063 -30.844 0.0 2.50 MW AGSO
2001 01 12 1157 129.889 -25.024 10.0 2.60 MW AGSO
2001 02 02 0833 123.052 -32.067 10.0 2.50 MW AGSO
2001 02 28 2251 117.691 -31.460 5.0 2.50 MW AUST
2001 03 09 1821 118.271 -31.904 2.0 2.60 MW AUST
2001 03 12 0716 135.708 -34.032 9.1 2.60 MW ADE
2001 03 28 1748 121.163 -33.401 0.0 2.50 MW AGSO
2001 04 23 1328 116.658 -32.976 2.0 2.70 MW AUST
2001 04 27 1423 121.779 -32.580 10.0 2.70 MW AGSO
2001 04 28 1558 137.620 -25.980 26.0 2.50 MW AGSO
2001 05 16 0817 138.125 -23.058 8.0 2.60 MW AGSO
2001 06 24 1017 119.740 -31.995 0.0 2.70 MW AUST
2001 07 12 0526 131.084 -26.297 7.0 2.70 MW AUST
2001 08 12 1532 117.778 -32.111 0.0 2.50 MW AUST
2001 10 04 1801 134.293 -22.507 5.6 2.60 MW AUST
2001 10 29 0859 117.395 -24.947 15.0 2.70 MW ISC
2001 12 12 0043 138.912 -28.714 10.0 2.60 MW ADE
2001 12 18 0447 117.683 -31.378 1.0 2.60 MW AUST
2002 02 02 0034 119.231 -29.317 3.0 2.60 MW AUST
2002 02 18 1414 116.480 -33.542 3.0 2.50 MW AUST
2002 03 06 1303 134.192 -33.602 9.6 2.60 MW ADE
2002 03 25 0752 131.042 -22.974 3.0 2.60 MW AUST
2002 04 19 2312 123.583 -30.671 5.0 2.70 MW AUST
2002 05 04 0137 117.738 -32.070 3.0 2.70 MW AUST
2002 05 10 1142 135.887 -33.509 2.1 2.70 MW ADE
2002 05 10 2049 134.794 -33.953 2.0 2.50 MW ADE
2002 06 12 0331 117.097 -32.389 0.0 2.70 MW AUST
2002 06 25 0900 133.623 -33.529 10.1 2.70 MW ADE
2002 07 23 1205 126.109 -22.164 6.0 2.50 MW ISC
2002 08 19 1928 135.819 -27.469 16.8 2.50 MW ADE
2002 09 29 0613 125.579 -29.576 10.0 2.60 MW AUST
2002 10 17 2034 118.324 -30.505 0.0 2.50 MW AUST
2002 11 08 1346 136.167 -34.037 5.3 2.50 MW ADE
2002 11 08 1951 117.028 -30.188 1.0 2.70 MW AUST
2002 12 04 0411 129.754 -21.977 18.0 2.60 MW AUST
2003 01 02 2312 137.396 -35.683 5.0 2.60 MW ADE
2003 01 17 1948 135.542 -34.704 13.5 2.70 MW ADE
2003 01 23 1048 129.944 -22.801 5.0 2.70 MW AUST
2003 01 30 1948 135.772 -27.776 11.5 2.70 MW ADE
2003 03 14 2139 117.779 -33.405 1.1 2.50 MW AUST
2003 03 23 0732 134.729 -19.743 10.0 2.50 MW AUST
2003 04 15 1916 118.709 -31.196 10.0 2.70 MW AUST
2003 04 25 2102 125.630 -33.199 0.0 2.60 MW AUST
2003 05 01 0249 115.725 -24.596 31.0 2.60 MW AUST
2003 06 03 1215 129.829 -25.203 10.0 2.50 MW AUST
2003 08 11 0634 117.157 -31.981 0.0 2.50 MW AUST
2003 10 26 0132 134.311 -34.944 1.2 2.60 MW ADE
2004 04 10 1745 117.971 -30.991 0.7 2.50 MW AUST
2004 07 11 0435 137.635 -28.714 16.0 2.70 MW ADE
2004 07 28 0951 118.294 -33.593 0.0 2.50 MW AUST
2004 08 31 1327 117.005 -30.589 5.0 2.50 MW AUST
2005 01 06 2031 136.947 -33.427 15.4 2.60 MW ADE
2005 01 31 1322 121.453 -30.806 0.0 2.60 MW AUST
2005 03 06 0537 115.730 -28.097 0.0 2.50 MW AUST
2005 03 15 1249 116.844 -32.527 0.0 2.70 MW AUST
2005 03 17 1636 116.604 -31.116 10.4 2.70 MW AUST
2005 03 29 1246 137.759 -35.452 10.1 2.50 MW ADE
2005 04 15 0812 116.714 -31.968 2.0 2.50 MW AUST
2005 05 12 0118 117.203 -31.953 5.0 2.60 MW AUST
2005 05 28 0154 137.686 -35.076 13.3 2.50 MW ADE
2005 06 24 0851 116.604 -31.304 5.0 2.50 MW AUST
2005 07 09 1348 124.660 -14.950 37.0 2.50 MW AUST
2005 08 13 1516 127.740 -22.860 10.0 2.70 MW AUST
2005 08 15 0956 118.236 -30.750 1.8 2.50 MW AUST
2005 09 10 1141 143.931 -16.878 10.0 2.70 MW RC
2005 09 11 2140 128.730 -16.518 5.0 2.60 MW AUST
2005 10 22 0638 117.878 -30.225 2.9 2.70 MW AUST
2006 01 20 0042 135.801 -34.095 9.5 2.60 MW ADE
2006 01 22 2015 118.294 -33.378 0.0 2.50 MW AUST
2006 02 10 2144 135.643 -34.164 8.1 2.60 MW ADE
2006 03 04 1703 115.912 -33.618 0.0 2.70 MW AUST
2006 03 08 1429 127.303 -23.138 0.0 2.50 MW AUST
2006 03 17 0455 118.261 -30.760 2.8 2.50 MW AUST
2006 04 03 2158 132.175 -26.034 0.0 2.70 MW IDC
2006 04 23 1423 122.075 -17.288 3.0 2.60 MW AUST
2006 05 02 2357 117.725 -30.266 3.0 2.50 MW AUST
2006 05 08 0122 127.859 -17.673 0.0 2.70 MW AUST
2006 05 14 0927 127.311 -18.327 0.0 2.70 MW AUST
2006 05 21 2127 136.617 -33.610 16.0 2.60 MW ADE
2006 06 22 1839 136.351 -12.663 0.0 2.70 MW AUST
2006 07 18 1104 133.102 -13.906 0.0 2.50 MW AUST
2006 07 25 1015 136.194 -34.584 13.5 2.60 MW ADE
2006 09 11 1841 118.877 -32.382 2.2 2.50 MW AUST
2006 12 10 1634 117.473 -25.085 10.0 2.70 MW AUST
2007 03 08 1212 124.327 -27.993 10.0 2.60 MW AUST
2007 03 30 1752 116.274 -33.390 0.0 2.50 MW AUST
2007 09 19 1817 137.583 -35.748 7.9 2.50 MW ADE
2007 09 22 2344 129.805 -22.302 0.0 2.60 MW IDC
2007 10 17 0441 117.283 -30.602 2.0 2.60 MW AUST
2007 10 19 2252 118.177 -33.275 1.0 2.70 MW AUST
2007 11 18 1916 143.785 -16.823 4.0 2.50 MW AUST
2007 11 29 0705 136.278 -33.545 4.7 2.50 MW ADE
2007 12 11 1605 128.777 -16.430 9.0 2.60 MW AUST
2008 03 05 0654 117.983 -30.764 6.0 2.50 MW AUST
2008 04 05 1204 117.781 -30.349 1.1 2.70 MW AUST
2008 04 12 2353 118.023 -30.925 6.0 2.70 MW AUST
2008 04 19 1624 125.698 -20.470 10.0 2.70 MW AUST
2008 05 17 0905 117.501 -30.664 11.1 2.70 MW AUST
2008 07 04 1525 125.965 -31.700 0.6 2.70 MW AUST
2008 07 16 1600 137.636 -25.762 10.0 2.50 MW ADE
2008 07 20 2114 116.759 -32.004 3.0 2.60 MW AUST
2008 08 07 2354 137.597 -34.159 12.2 2.70 MW ADE
2008 08 08 1027 117.281 -30.466 3.7 2.50 MW AUST
2008 08 08 1250 137.381 -35.551 13.7 2.50 MW ADE
2009 02 11 0802 116.640 -33.390 10.0 2.60 MW AUST
2009 03 08 1325 117.143 -30.045 7.0 2.50 MW AUST
2009 04 03 1531 120.822 -31.973 0.0 2.60 MW AUST
2009 04 07 0728 135.769 -35.351 9.9 2.70 MW ADE
2009 08 09 2117 117.734 -30.234 3.5 2.70 MW AUST
2009 10 12 0658 133.978 -19.542 16.7 2.60 MW AUST
2010 01 14 2135 120.278 -33.147 0.0 2.50 MW AUST
2010 03 28 1637 121.558 -30.832 10.0 2.70 MW AUST
2010 04 03 2050 118.316 -30.683 0.0 2.60 MW AUST
2010 04 13 1110 117.284 -31.309 4.0 2.60 MW AUST
2010 04 20 1019 122.199 -32.356 0.0 2.60 MW AUST
2010 05 02 0430 118.002 -30.714 11.0 2.60 MW AUST
2010 05 10 1132 135.950 -34.073 4.8 2.50 MW ADE
2010 05 12 1109 118.278 -33.646 4.0 2.60 MW AUST
2010 06 04 1056 121.385 -30.726 0.0 2.60 MW AUST
2010 06 06 1829 121.487 -30.844 0.0 2.50 MW AUST
2010 07 05 1434 118.336 -24.916 0.0 2.60 MW AUST
2010 07 15 1359 119.454 -33.905 10.0 2.50 MW AUST
2010 07 31 1656 136.822 -30.483 0.0 2.50 MW ADE
2010 08 31 0952 117.799 -30.875 1.0 2.60 MW AUST
2010 09 02 0427 117.799 -30.855 0.0 2.60 MW AUST
2010 09 19 2123 121.642 -30.745 1.0 2.60 MW AUST
2010 10 05 0715 117.768 -30.262 0.0 2.60 MW AUST
2010 10 24 1811 116.939 -25.367 5.6 2.70 MW AUST
2010 11 08 1941 119.162 -31.113 10.0 2.70 MW AUST
2010 12 02 1224 130.429 -11.930 0.0 2.70 MW AUST
2010 12 03 0040 135.964 -34.066 5.8 2.70 MW ADE
2010 12 09 1653 127.410 -17.223 5.0 2.70 MW AUST
2010 12 22 2253 117.782 -30.661 5.0 2.50 MW AUST
2011 01 28 0911 117.962 -33.970 0.0 2.50 MW AUST
2011 01 29 2242 127.867 -21.893 15.0 2.50 MW AUST
2011 01 30 0857 118.105 -30.535 0.0 2.50 MW AUST
2011 04 04 1203 127.984 -17.452 0.0 2.70 MW AUST
2011 05 15 1024 139.258 -20.590 0.0 2.50 MW IDC
2011 05 22 0140 119.328 -33.200 10.0 2.50 MW AUST
2011 07 08 1458 137.309 -25.899 0.0 2.70 MW IDC
2011 07 12 0820 136.188 -28.224 0.0 2.60 MW IDC
2011 07 17 0122 117.800 -31.837 2.0 2.50 MW AUST
2011 07 30 1427 118.074 -31.288 0.0 2.60 MW AUST
2011 07 30 2118 118.050 -31.295 5.0 2.60 MW AUST
2011 08 05 0947 118.915 -33.201 10.0 2.70 MW AUST
2011 08 11 1753 127.420 -18.698 4.0 2.60 MW AUST
2011 10 11 2122 117.135 -30.161 11.0 2.70 MW AUST
2011 11 01 0111 117.611 -31.151 10.0 2.50 MW AUST
2011 11 02 0332 121.474 -30.871 4.0 2.50 MW AUST
2011 11 24 1757 121.390 -30.846 19.0 2.70 MW AUST
2011 11 27 0340 138.492 -25.823 0.0 2.70 MW IDC
2011 11 27 0654 117.560 -30.633 0.0 2.70 MW AUST
2011 12 27 1410 120.296 -26.741 10.0 2.70 MW AUST
2012 01 11 0337 132.037 -14.809 12.0 2.50 MW AUST
2012 01 13 1902 121.554 -30.681 4.0 2.70 MW AUST
2012 01 29 1345 118.988 -32.183 10.0 2.70 MW AUST
2012 02 23 2216 118.651 -30.500 10.0 2.50 MW AUST
2012 03 13 1848 116.347 -28.795 0.0 2.70 MW AUST
2012 04 29 1434 118.004 -33.331 12.0 2.50 MW AUST
2012 05 08 0255 116.099 -28.634 10.0 2.70 MW AUST
2012 05 08 1518 117.841 -30.217 16.0 2.50 MW AUST
2012 07 08 0933 116.603 -29.130 10.0 2.50 MW AUST
2012 07 10 0539 137.734 -31.774 30.1 2.70 MW ADE
2012 07 27 2100 137.541 -35.392 18.7 2.60 MW ADE
2012 08 07 1742 137.539 -35.386 15.2 2.60 MW ADE
2012 08 14 1659 116.467 -31.877 0.0 2.50 MW AUST
2012 08 31 0059 136.313 -33.935 0.4 2.50 MW ADE
2012 09 04 0921 117.705 -30.495 10.0 2.50 MW AUST
2012 09 06 1256 118.561 -33.320 0.0 2.60 MW AUST
2012 09 21 0853 117.705 -30.425 0.0 2.50 MW AUST
2012 09 24 0304 137.842 -35.638 25.2 2.60 MW ADE
2012 10 31 2154 120.807 -33.362 0.0 2.70 MW AUST
2012 11 19 2346 136.787 -33.573 10.6 2.50 MW ADE
2012 11 23 1704 137.813 -28.543 33.2 2.70 MW ADE
2012 12 09 0741 117.608 -31.232 0.0 2.60 MW AUST
2012 12 12 0830 119.177 -32.192 0.0 2.60 MW AUST
2012 12 12 2048 118.824 -32.261 10.0 2.50 MW AUST
2013 01 06 1702 120.383 -28.075 10.0 2.70 MW AUST
2013 01 31 2024 118.829 -32.281 10.0 2.50 MW AUST
2013 02 09 2221 117.406 -30.644 0.0 2.60 MW AUST
2013 02 16 1438 118.883 -32.252 6.0 2.60 MW AUST
2013 03 03 0926 119.160 -32.322 10.0 2.60 MW AUST
2013 03 03 0927 119.045 -32.410 10.0 2.60 MW AUST
2013 03 05 0637 117.431 -30.654 4.0 2.70 MW AUST
2013 03 27 1410 116.755 -25.001 10.0 2.50 MW AUST
2013 03 30 0055 137.533 -35.395 11.3 2.50 MW ADE
2013 04 08 0939 116.770 -29.194 0.0 2.50 MW AUST
2013 04 20 0134 119.855 -28.614 18.0 2.60 MW AUST
2013 04 25 1213 118.859 -31.198 6.0 2.50 MW AUST
2013 04 30 0823 120.609 -27.795 8.0 2.70 MW AUST
2013 05 05 0631 120.521 -27.864 0.0 2.70 MW AUST
2013 05 20 0514 116.745 -29.143 15.0 2.50 MW AUST
2013 05 22 1047 117.066 -34.396 0.0 2.60 MW AUST
2013 06 03 1327 117.420 -30.651 0.0 2.70 MW AUST
2013 06 03 1329 117.430 -30.630 2.0 2.70 MW AUST
2013 06 03 2009 116.646 -34.435 10.0 2.70 MW AUST
2013 06 17 0949 115.964 -28.758 0.0 2.50 MW AUST
2013 06 25 2048 116.234 -28.805 0.0 2.50 MW AUST
2013 06 29 1511 119.220 -32.312 10.0 2.50 MW AUST
2013 07 19 1842 117.454 -32.123 5.0 2.60 MW AUST
2013 07 20 1524 117.702 -33.541 5.0 2.50 MW AUST
2013 07 22 0707 119.500 -22.396 0.0 2.50 MW AUST
2013 08 15 0529 118.906 -30.361 10.0 2.60 MW AUST
2013 08 24 0639 123.662 -30.872 0.0 2.70 MW AUST
2013 09 05 1759 117.936 -30.957 2.0 2.50 MW AUST
2013 09 10 2348 118.879 -30.336 13.0 2.70 MW AUST
2013 09 18 1731 117.610 -30.662 7.0 2.70 MW AUST
2013 09 22 1928 117.619 -33.457 5.0 2.50 MW AUST
2013 09 28 1702 117.064 -34.257 0.0 2.70 MW AUST
2013 10 01 0712 117.566 -33.451 6.0 2.60 MW AUST
2013 10 10 2057 117.010 -30.473 10.0 2.60 MW AUST
2013 11 05 1648 117.604 -30.651 12.0 2.60 MW AUST
2013 11 28 1319 117.228 -34.127 7.0 2.50 MW AUST
2013 12 01 1250 117.383 -30.669 17.0 2.60 MW AUST
2013 12 01 1921 118.866 -30.341 1.0 2.50 MW AUST
2013 12 07 0625 117.116 -30.495 9.0 2.60 MW AUST
2013 12 15 0502 121.982 -29.092 0.0 2.50 MW AUST
2013 12 16 1702 117.479 -30.613 10.0 2.50 MW AUST
2013 12 18 0401 117.420 -30.654 6.0 2.50 MW AUST
2013 12 23 0852 116.269 -31.187 1.0 2.70 MW AUST
2014 01 12 0505 116.845 -29.190 0.0 2.50 MW AUST
2014 01 13 2221 137.304 -35.703 13.1 2.50 MW ADE
2014 01 17 0449 119.495 -22.377 0.0 2.70 MW AUST
2014 02 01 0526 119.627 -34.614 10.0 2.70 MW AUST
2014 02 01 1733 117.110 -30.549 14.0 2.50 MW AUST
2014 02 04 0450 120.217 -30.256 0.0 2.50 MW AUST
2014 02 07 1821 117.097 -30.536 14.0 2.50 MW AUST
2014 02 09 1053 117.740 -30.491 3.0 2.60 MW AUST
2014 03 05 0332 136.465 -33.813 3.6 2.60 MW ADE
2014 03 06 2349 117.761 -30.402 0.0 2.50 MW AUST
2014 04 04 1521 121.428 -30.775 0.0 2.60 MW AUST
2014 04 14 1254 121.433 -30.743 10.0 2.70 MW AUST
2014 04 29 0723 138.150 -31.390 14.7 2.50 MW ADE
2014 06 10 2019 117.767 -30.436 10.0 2.60 MW AUST
2014 06 14 0506 116.771 -29.200 7.0 2.50 MW AUST
2014 07 10 2156 118.617 -30.493 10.0 2.50 MW AUST
2014 07 18 0747 116.999 -25.288 13.0 2.70 MW AUST
2014 07 19 0540 119.432 -22.887 15.0 2.70 MW AUST
2014 07 20 1421 120.667 -29.611 10.0 2.70 MW AUST
2014 07 23 1805 118.065 -33.442 0.0 2.60 MW AUST
2014 07 26 0215 119.790 -28.297 0.0 2.50 MW AUST
2014 07 27 1859 116.976 -32.271 12.0 2.50 MW AUST
2014 08 02 0517 116.804 -29.192 0.0 2.50 MW AUST
2014 08 07 2028 118.921 -32.254 10.0 2.60 MW AUST
2014 08 19 1410 119.382 -31.403 14.0 2.50 MW AUST
2014 08 23 2145 132.597 -27.745 30.4 2.70 MW ADE
2014 09 04 0653 117.787 -30.386 10.0 2.60 MW AUST
2014 09 08 1257 117.207 -33.710 12.0 2.60 MW AUST
2014 09 25 2301 117.793 -30.477 10.0 2.50 MW AUST
2014 10 16 2341 116.214 -28.741 0.0 2.50 MW AUST
2014 11 05 0345 117.111 -33.701 6.0 2.70 MW AUST
2014 11 05 1213 117.249 -33.699 13.0 2.60 MW AUST
2014 11 06 0058 117.629 -30.652 5.7 2.50 MW SRC
2014 11 08 2204 117.766 -30.416 0.0 2.50 MW SRC
2014 11 16 0324 122.547 -32.490 10.0 2.50 MW AUST
2014 12 03 0246 117.668 -30.617 6.0 2.70 MW AUST
2014 12 08 0526 116.807 -29.142 10.0 2.70 MW AUST
2014 12 08 1321 136.439 -33.800 7.4 2.50 MW ADE
2015 01 05 2025 120.848 -29.849 10.0 2.60 MW AUST
2015 01 18 1557 121.176 -30.697 10.0 2.60 MW AUST
2015 03 26 0328 136.625 -33.351 10.6 2.50 MW ADE
2015 04 19 0807 136.590 -33.763 4.4 2.50 MW ADE
2015 05 11 1331 127.779 -18.152 10.0 2.70 MW AUST
2015 05 23 1211 121.185 -30.904 10.0 2.50 MW AUST
2015 06 03 1224 135.682 -33.457 11.2 2.50 MW ADE
2015 06 08 0726 117.669 -30.303 14.0 2.50 MW AUST
2015 06 08 1539 129.764 -14.588 3.0 2.50 MW AUST
2015 06 10 1913 121.645 -30.602 8.0 2.60 MW AUST
2015 06 10 2352 121.369 -30.922 15.0 2.50 MW AUST
2015 06 29 0932 136.883 -30.361 2.9 2.60 MW ADE
2015 07 30 2300 136.612 -34.597 10.1 2.60 MW ADE
2015 08 25 0945 137.921 -28.481 26.3 2.50 MW ADE
2015 08 28 0354 115.869 -24.360 15.0 2.70 MW AUST
2015 09 07 0504 116.656 -29.306 0.0 2.50 MW AUST
2015 09 11 0802 117.071 -30.719 17.0 2.60 MW AUST
2015 12 31 0736 117.552 -30.643 10.0 2.50 MW SRC
2016 01 10 0507 136.904 -33.414 22.2 2.50 MW ADE
2016 01 20 1006 116.673 -25.500 10.0 2.70 MW AUST
2016 03 02 0436 117.714 -33.480 15.0 2.60 MW AUST
2016 04 22 1551 135.793 -28.191 31.4 2.60 MW ADE
2016 04 27 2043 121.628 -31.180 2.0 2.70 MW AUST
2016 06 01 2230 116.942 -32.154 7.0 2.60 MW AUST
2016 06 13 1512 118.454 -30.708 10.0 2.70 MW SRC
2016 06 25 1946 117.613 -31.482 0.0 2.50 MW AUST
2016 06 26 1415 131.568 -31.805 0.0 2.70 MW ADE
2016 07 01 0840 121.440 -30.732 10.0 2.60 MW AUST
2016 07 15 1533 117.087 -30.859 1.7 2.50 MW SRC
2016 07 22 0036 115.401 -22.536 0.0 2.60 MW AUST
2016 09 08 1515 119.268 -31.294 0.0 2.60 MW AUST
2016 09 19 0530 116.570 -29.383 5.0 2.70 MW AUST
2016 09 23 1909 120.660 -22.469 10.0 2.50 MW AUST
2016 10 10 2314 121.437 -30.785 0.0 2.70 MW AUST
2016 10 25 0953 121.543 -30.835 10.0 2.60 MW AUST
2016 11 09 0825 135.358 -28.711 0.0 2.60 MW ADE
2016 11 15 2110 118.404 -30.690 10.0 2.60 MW AUST
2016 11 24 1528 135.454 -27.577 12.0 2.70 MW AUST
2016 12 01 0728 119.275 -33.208 10.0 2.60 MW AUST
2016 12 27 1709 136.459 -33.289 10.0 2.50 MW AUST
2016 12 29 1656 121.491 -30.654 10.0 2.70 MW AUST
2016 12 30 0838 117.799 -30.432 10.0 2.50 MW AUST
2017 01 05 0557 118.219 -30.701 10.0 2.60 MW AUST
2017 01 06 0820 118.218 -30.669 10.0 2.60 MW AUST
2017 01 28 0423 118.841 -32.187 10.0 2.70 MW AUST
2017 01 30 1900 118.932 -32.089 10.0 2.70 MW AUST
2017 03 28 1655 120.070 -33.174 10.0 2.70 MW AUST
2017 04 04 1825 121.927 -33.206 10.0 2.60 MW AUST
2017 04 22 1929 131.217 -29.953 10.0 2.70 MW AUST
2017 06 03 0733 119.169 -30.808 10.0 2.50 MW AUST
