1902 05 07 0510 138.500 -32.750 0.0 4.2 MW ADE
1887 04 16 1310 139.000 -33.500 10.0 3.9 MW ADE
1866 12 02 2020 139.133 -33.367 8.0 3.3 MW ADE
1887 08 07 0410 138.450 -32.533 8.0 3.7 MW ADE
1871 01 12 1155 139.000 -32.667 11.0 3.3 MW ADE
1911 02 19 1340 139.083 -32.883 6.0 4.1 MW ADE
1921 04 23 1900 138.833 -33.267 0.0 4.8 MW ADE
1890 07 23 2130 138.700 -32.850 8.0 3.8 MW ADE
1884 09 15 1341 138.833 -32.983 6.0 3.0 MW ADE
1913 12 06 2205 138.867 -33.150 7.0 3.8 MW ADE
1966 12 07 0249 138.913 -33.339 18.6 3.5 MW ADE
1969 01 29 1503 139.115 -31.797 20.3 3.9 MW ADE
1970 09 16 1740 138.577 -33.209 0.0 3.5 MW ADE
1971 10 08 1542 138.977 -32.501 6.4 3.5 MW ADE
1963 06 18 0240 138.600 -32.600 0.0 3.1 MW ADE
1962 07 02 1230 139.000 -32.700 0.0 2.7 MW ADE
1974 01 19 1954 138.796 -32.177 3.6 3.5 MW ADE
1965 06 05 2113 138.584 -33.219 17.3 3.1 MW ADE
1963 11 11 0935 139.000 -33.300 0.0 2.0 MW ADE
1975 04 29 2207 138.943 -32.164 0.0 3.7 MW ADE
1964 05 12 1649 138.654 -32.627 9.4 2.7 MW ADE
1968 04 10 1825 138.813 -32.531 0.0 3.1 MW ADE
1976 11 04 0130 138.803 -32.383 10.6 3.5 MW ADE
1978 03 26 2236 138.923 -32.389 16.4 3.9 MW ADE
1964 07 29 0936 139.143 -32.165 13.3 2.6 MW ADE
1968 04 29 0508 138.998 -32.817 21.3 3.0 MW ADE
1969 01 19 1809 138.492 -33.051 7.5 3.1 MW ADE
1965 10 08 1615 138.751 -32.035 0.0 2.2 MW ADE
1969 09 07 0706 138.583 -33.192 9.7 3.2 MW ADE
1966 07 01 0858 138.500 -32.550 2.0 2.5 MW ADE
1966 08 28 2232 138.708 -32.345 1.2 2.7 MW ADE
1966 12 05 1707 139.178 -33.225 26.2 2.4 MW ADE
1972 11 07 1032 138.736 -32.409 6.8 3.3 MW ADE
1972 11 10 1400 139.054 -32.283 7.7 3.1 MW ADE
1967 02 16 1334 138.919 -31.983 28.6 2.5 MW ADE
1967 02 25 1605 138.625 -33.185 11.7 2.3 MW ADE
1967 04 02 0432 139.049 -32.906 0.0 2.0 MW ADE
1975 05 11 0943 139.031 -33.110 5.3 3.1 MW ADE
1967 05 15 1654 139.000 -33.200 5.0 2.1 MW ADE
1975 06 23 0027 138.987 -32.790 14.8 3.3 MW ADE
1967 06 17 0831 139.064 -32.377 2.3 2.7 MW ADE
1968 04 25 2340 138.814 -33.422 3.3 2.9 MW ADE
1977 11 04 1237 138.632 -33.145 4.9 3.1 MW ADE
1978 01 17 0145 138.960 -32.025 0.0 3.1 MW ADE
1979 03 15 2004 138.645 -32.414 6.3 3.4 MW ADE
1969 03 11 1148 138.417 -32.810 6.0 2.5 MW ADE
1979 08 03 0019 138.631 -33.163 6.2 3.4 MW ADE
1969 06 07 0319 138.867 -31.927 17.8 2.5 MW ADE
1979 10 23 1854 138.919 -32.381 0.0 3.0 MW ADE
1980 01 06 1803 139.211 -33.209 1.3 3.0 MW ADE
1969 06 11 1644 138.731 -32.284 28.2 2.5 MW ADE
1969 08 10 1010 138.489 -32.517 0.0 2.9 MW ADE
1969 08 14 1223 138.895 -32.424 27.9 2.6 MW ADE
1980 11 08 0317 138.595 -32.176 18.4 3.2 MW ADE
1969 11 25 1026 139.043 -31.737 0.0 2.6 MW ADE
1981 12 26 1351 139.009 -32.284 0.0 3.3 MW ADE
1982 02 08 0138 139.082 -32.069 22.3 3.1 MW ADE
1969 12 06 0145 138.504 -32.201 15.2 2.2 MW ADE
1970 03 09 1410 138.727 -32.676 38.1 2.0 MW ADE
1970 05 14 1003 138.953 -33.185 16.6 2.8 MW ADE
1982 07 08 1432 138.628 -32.809 3.9 3.3 MW ADE
1970 05 16 2207 138.459 -32.690 11.3 2.5 MW ADE
1983 08 30 1638 138.652 -32.230 5.4 3.0 MW ADE
1970 05 21 0958 138.501 -32.415 2.3 2.1 MW ADE
1970 07 04 0726 138.568 -32.073 0.0 2.5 MW ADE
1984 07 10 1413 138.918 -32.331 4.4 3.0 MW ADE
1985 11 19 0439 139.062 -32.703 6.0 3.1 MW ADE
1970 11 10 1047 139.197 -33.410 7.1 2.9 MW ADE
1985 11 21 0735 138.648 -33.169 4.6 3.0 MW ADE
1970 11 21 1232 138.788 -32.485 0.0 2.6 MW ADE
1986 05 20 1358 138.555 -32.610 9.4 3.1 MW ADE
1971 01 08 1540 138.588 -33.225 0.0 2.5 MW ADE
1971 02 28 0719 138.699 -33.214 0.0 2.1 MW ADE
1987 10 01 0013 139.196 -33.457 15.8 3.2 MW ADE
1989 01 11 0551 138.985 -33.281 11.8 3.0 MW ADE
1971 05 14 2059 138.666 -33.180 6.1 2.2 MW ADE
1971 08 22 0015 138.887 -31.946 3.2 2.7 MW ADE
1989 10 15 1135 138.668 -32.272 15.0 3.2 MW ADE
1971 09 11 1823 138.802 -32.003 5.1 2.1 MW ADE
1971 09 22 0050 138.732 -32.417 7.5 2.6 MW ADE
1971 10 04 0755 138.602 -33.143 10.5 2.1 MW ADE
1971 10 05 1551 138.408 -32.975 3.9 2.1 MW ADE
1971 10 10 1816 138.849 -32.477 4.8 2.5 MW ADE
1972 03 03 2057 138.584 -32.093 3.2 2.1 MW ADE
1972 04 07 0856 138.813 -32.010 3.5 2.9 MW ADE
1972 05 07 0700 138.983 -32.050 10.4 2.2 MW ADE
1972 06 28 0040 138.557 -33.003 4.5 2.3 MW ADE
1973 01 14 1224 139.092 -32.292 7.5 2.9 MW ADE
1973 02 04 2044 138.435 -32.521 9.2 2.5 MW ADE
1973 02 20 2236 138.961 -32.938 7.2 2.9 MW ADE
1973 02 20 2239 139.005 -31.965 3.3 2.2 MW ADE
1973 02 23 2127 138.962 -33.176 10.2 2.1 MW ADE
1973 04 29 1852 138.869 -32.037 0.0 2.5 MW ADE
1973 06 23 1513 138.718 -33.177 14.0 2.9 MW ADE
1973 10 31 0752 139.037 -32.745 4.7 2.4 MW ADE
1973 11 23 1916 138.611 -33.219 1.4 2.7 MW ADE
1974 01 10 2208 138.644 -33.238 13.0 2.6 MW ADE
1974 03 21 1915 139.287 -33.410 0.0 2.7 MW ADE
1974 03 29 1430 138.918 -31.755 8.5 2.2 MW ADE
1974 07 09 1741 138.623 -32.595 21.7 2.8 MW ADE
1974 08 17 0650 138.646 -33.165 11.5 2.9 MW ADE
1974 08 23 1706 139.077 -32.366 1.4 2.3 MW ADE
1975 03 16 2253 138.944 -32.133 8.0 2.9 MW ADE
1975 05 11 1325 138.959 -32.863 0.0 2.8 MW ADE
1975 06 23 0025 138.791 -32.916 0.7 2.7 MW ADE
1975 09 06 1011 138.714 -33.048 9.6 2.8 MW ADE
1976 03 25 0402 138.725 -31.910 9.3 2.5 MW ADE
1976 06 10 1709 138.725 -31.947 9.7 2.6 MW ADE
1976 07 07 0951 139.004 -31.916 12.7 2.6 MW ADE
1976 08 19 2048 138.853 -32.068 7.3 2.7 MW ADE
1977 02 22 0058 138.861 -32.222 18.3 2.9 MW ADE
1977 04 17 0211 138.755 -32.189 0.0 2.5 MW ADE
1977 04 20 0642 138.965 -32.589 0.0 2.4 MW ADE
1977 04 21 1829 138.393 -32.840 23.6 2.1 MW ADE
1977 05 02 2045 138.531 -32.756 20.6 2.5 MW ADE
1977 05 06 1245 139.112 -32.281 0.0 2.4 MW ADE
1977 05 06 1635 138.417 -32.666 19.4 1.9 MW ADE
1977 05 16 1823 138.759 -32.124 9.3 2.9 MW ADE
1977 09 30 0036 139.066 -33.309 4.8 2.5 MW ADE
1977 11 21 1600 138.559 -32.149 0.0 2.5 MW ADE
1977 11 22 1511 138.485 -32.942 23.1 2.1 MW ADE
1977 11 29 1455 138.400 -33.000 28.0 1.9 MW ADE
1977 11 30 0529 138.666 -32.511 36.3 2.3 MW ADE
1977 12 16 1450 138.646 -32.202 11.0 2.3 MW ADE
1978 01 17 0108 138.470 -32.679 0.0 2.3 MW ADE
1978 01 24 0538 138.707 -32.025 6.1 2.5 MW ADE
1978 02 03 1948 138.613 -33.213 10.6 2.3 MW ADE
1978 02 23 2304 138.437 -32.307 16.1 2.1 MW ADE
1978 03 18 0001 138.543 -33.179 27.2 2.0 MW ADE
1978 03 20 1844 139.089 -33.503 16.5 2.3 MW ADE
1978 05 06 1856 138.992 -33.156 9.4 2.1 MW ADE
1978 05 07 1721 138.473 -32.623 17.0 2.5 MW ADE
1978 05 11 2255 138.620 -33.254 10.8 2.1 MW ADE
1978 06 01 1400 138.711 -31.961 16.7 2.5 MW ADE
1978 07 10 1140 138.919 -33.440 8.6 2.3 MW ADE
1978 07 28 1915 138.850 -32.505 22.8 2.1 MW ADE
1978 08 05 0520 138.673 -32.080 21.3 2.3 MW ADE
1978 08 11 1249 138.856 -32.052 17.2 2.0 MW ADE
1978 08 26 2349 138.892 -32.136 0.0 2.7 MW ADE
1978 08 28 0514 138.533 -32.292 9.4 2.3 MW ADE
1978 09 20 0746 138.703 -33.334 20.6 2.1 MW ADE
1978 10 03 2112 138.765 -33.084 0.2 2.5 MW ADE
1978 10 12 1944 138.446 -32.626 6.8 2.7 MW ADE
1978 11 04 1158 138.556 -32.635 9.3 2.3 MW ADE
1978 11 05 0712 138.630 -33.261 20.5 1.9 MW ADE
1978 11 18 0451 138.417 -32.313 0.0 2.0 MW ADE
1978 12 08 0310 138.761 -32.313 2.8 2.4 MW ADE
1978 12 22 1535 138.727 -32.330 27.8 2.1 MW ADE
1978 12 27 1827 138.460 -32.507 0.0 1.9 MW ADE
1978 12 30 0232 138.545 -32.811 2.0 2.3 MW ADE
1979 01 06 0831 138.400 -32.759 9.8 1.9 MW ADE
1979 01 10 1501 138.512 -33.093 10.8 2.9 MW ADE
1979 02 16 0604 138.823 -32.257 0.0 2.5 MW ADE
1979 03 04 1832 138.769 -32.211 22.1 2.1 MW ADE
1979 03 06 0528 138.720 -32.499 2.0 2.8 MW ADE
1979 04 01 0541 138.924 -32.084 28.1 2.3 MW ADE
1979 04 06 0751 138.373 -32.860 8.1 2.1 MW ADE
1979 04 08 1008 138.940 -32.488 33.4 2.2 MW ADE
1979 04 23 1536 138.631 -32.183 7.9 2.4 MW ADE
1979 06 17 2051 138.678 -32.699 0.0 2.2 MW ADE
1979 07 01 1017 138.657 -31.995 16.1 2.5 MW ADE
1979 07 10 0429 138.687 -33.226 4.7 2.3 MW ADE
1979 07 30 2315 138.911 -32.249 26.7 2.4 MW ADE
1979 08 03 0029 138.732 -33.137 15.0 2.1 MW ADE
1979 08 09 0202 139.003 -31.968 17.6 2.7 MW ADE
1979 08 11 0248 138.709 -32.269 0.0 2.3 MW ADE
1979 08 11 1456 138.794 -32.017 26.5 2.5 MW ADE
1979 08 16 0351 138.657 -32.851 0.0 2.1 MW ADE
1979 09 08 1856 139.014 -32.410 23.3 1.9 MW ADE
1979 09 09 2007 139.289 -33.411 4.1 2.2 MW ADE
1979 09 12 0935 138.710 -33.134 3.9 2.7 MW ADE
1979 09 18 0027 138.944 -33.276 12.0 2.2 MW ADE
1979 09 22 1244 138.675 -33.307 24.2 2.2 MW ADE
1979 09 27 0314 139.189 -33.296 18.0 2.0 MW ADE
1979 10 08 0828 139.208 -33.212 0.6 2.9 MW ADE
1979 10 14 1403 138.634 -32.292 0.0 2.1 MW ADE
1979 10 15 0624 139.042 -32.269 10.7 2.1 MW ADE
1979 10 15 0724 139.092 -32.277 3.6 2.1 MW ADE
1979 10 23 1858 138.588 -32.110 0.0 2.0 MW ADE
1979 11 01 2259 138.405 -32.513 6.2 2.3 MW ADE
1979 11 02 2231 138.436 -32.638 16.2 1.9 MW ADE
1979 12 09 1129 139.304 -33.403 4.5 1.9 MW ADE
1979 12 10 1512 139.225 -33.377 2.3 2.3 MW ADE
1979 12 21 1527 139.231 -33.328 18.5 2.0 MW ADE
1979 12 23 2151 138.379 -32.855 8.9 2.0 MW ADE
1980 01 04 1410 138.452 -32.547 3.5 2.4 MW ADE
1980 02 02 1501 138.586 -33.203 28.0 2.3 MW ADE
1980 02 29 1312 139.170 -31.944 0.1 1.9 MW ADE
1980 03 05 0226 138.494 -32.578 20.2 1.9 MW ADE
1980 03 10 2119 138.769 -32.728 17.4 2.2 MW ADE
1980 03 13 0403 138.454 -32.956 0.0 1.9 MW ADE
1980 03 17 0803 138.742 -32.838 9.0 2.6 MW ADE
1980 03 21 0750 138.908 -32.498 38.0 2.1 MW ADE
1980 03 26 0449 138.839 -32.314 30.8 2.2 MW ADE
1980 04 11 1228 138.455 -32.764 3.8 2.0 MW ADE
1980 04 15 1559 138.937 -33.184 35.4 1.9 MW ADE
1980 04 26 1056 138.806 -31.957 16.0 2.3 MW ADE
1980 04 26 1257 138.508 -33.097 28.2 2.1 MW ADE
1980 04 29 0340 139.127 -32.232 6.8 2.7 MW ADE
1980 05 01 1951 139.027 -32.322 6.2 2.3 MW ADE
1980 05 02 0009 138.763 -32.444 22.9 2.1 MW ADE
1980 05 07 1723 138.643 -33.250 12.2 1.9 MW ADE
1980 05 14 0019 138.767 -33.015 25.0 2.2 MW ADE
1980 06 12 1212 138.639 -33.220 12.2 2.2 MW ADE
1980 06 17 2155 138.562 -32.415 0.0 2.2 MW ADE
1980 06 28 0411 138.511 -32.400 16.2 1.9 MW ADE
1980 07 14 2024 138.502 -32.741 19.2 2.1 MW ADE
1980 07 30 1239 138.761 -31.951 34.1 2.0 MW ADE
1980 08 02 2007 138.955 -32.252 21.8 2.2 MW ADE
1980 08 28 1430 138.597 -32.186 15.8 1.9 MW ADE
1980 09 01 2031 138.767 -33.036 6.3 2.1 MW ADE
1980 09 01 2338 138.647 -32.305 4.0 2.2 MW ADE
1980 09 03 2244 138.853 -32.698 17.2 1.9 MW ADE
1980 09 24 1923 138.825 -33.242 17.2 2.1 MW ADE
1980 10 01 1623 139.175 -33.562 5.0 2.4 MW ADE
1980 10 03 0356 139.064 -32.268 13.0 2.1 MW ADE
1980 10 07 0136 138.606 -33.140 24.6 2.1 MW ADE
1980 10 14 0616 138.690 -33.190 18.1 2.0 MW ADE
1980 11 12 0747 138.705 -33.171 0.0 2.9 MW ADE
1980 11 15 2146 138.502 -32.387 2.0 1.9 MW ADE
1980 11 20 0602 138.762 -32.972 11.2 1.9 MW ADE
1980 11 20 1525 138.699 -32.069 10.3 2.3 MW ADE
1980 11 28 1903 138.754 -32.275 25.4 2.3 MW ADE
1980 11 28 2249 138.506 -32.794 0.0 2.0 MW ADE
1981 02 22 1648 138.736 -33.352 27.8 1.9 MW ADE
1981 02 28 2244 138.898 -32.209 6.8 2.2 MW ADE
1981 03 06 1032 138.406 -32.934 27.2 2.0 MW ADE
1981 03 21 2319 138.684 -32.259 19.7 2.1 MW ADE
1981 03 26 0702 138.690 -32.072 29.7 2.1 MW ADE
1981 03 29 0051 138.545 -32.501 12.4 1.9 MW ADE
1981 04 22 2226 138.878 -31.963 26.3 2.6 MW ADE
1981 04 30 1353 138.671 -33.302 5.8 2.1 MW ADE
1981 05 11 0921 138.976 -32.702 0.0 2.2 MW ADE
1981 05 15 0527 138.919 -32.167 1.8 2.6 MW ADE
1981 05 20 0133 138.679 -32.026 11.4 2.3 MW ADE
1981 05 22 2214 138.472 -32.568 5.9 2.6 MW ADE
1981 05 24 0230 138.475 -32.342 0.0 1.9 MW ADE
1981 05 27 1538 139.164 -33.233 0.0 2.3 MW ADE
1981 06 11 0509 138.965 -32.469 1.4 2.3 MW ADE
1981 06 16 1814 138.718 -32.797 0.0 2.2 MW ADE
1981 07 12 2239 138.956 -32.119 6.1 2.3 MW ADE
1981 08 13 0312 138.412 -32.715 0.0 2.5 MW ADE
1981 08 17 2144 138.501 -32.675 12.5 2.6 MW ADE
1981 08 25 1047 138.667 -32.483 31.3 2.3 MW ADE
1981 08 28 1726 138.723 -33.144 18.3 1.9 MW ADE
1981 09 13 0754 138.414 -32.636 14.4 2.1 MW ADE
1981 09 15 2238 139.162 -32.909 28.4 1.9 MW ADE
1981 11 05 1408 138.394 -32.616 11.9 1.9 MW ADE
1981 11 07 0049 138.859 -32.351 9.6 2.2 MW ADE
1981 11 20 0040 138.942 -32.035 6.8 2.0 MW ADE
1981 12 15 0813 139.042 -33.477 17.9 2.3 MW ADE
1981 12 26 0405 139.129 -32.902 0.5 2.7 MW ADE
1981 12 26 1508 138.840 -32.321 14.9 2.0 MW ADE
1981 12 28 1810 138.703 -32.054 11.1 2.4 MW ADE
1981 12 31 1833 138.410 -32.566 2.5 2.3 MW ADE
1982 01 05 2349 138.918 -32.249 12.7 2.1 MW ADE
1982 01 13 0657 138.972 -32.331 3.1 2.9 MW ADE
1982 01 18 0316 138.772 -32.143 13.1 2.9 MW ADE
1982 02 09 0323 138.373 -32.636 8.9 2.1 MW ADE
1982 03 02 1025 138.933 -33.374 8.2 1.9 MW ADE
1982 03 08 1854 138.957 -32.353 12.0 2.3 MW ADE
1982 03 31 0617 138.908 -31.719 18.6 2.5 MW ADE
1982 04 06 0048 138.548 -32.983 0.0 2.3 MW ADE
1982 05 15 1546 138.672 -32.031 8.2 2.3 MW ADE
1982 05 30 1329 138.624 -33.220 6.5 2.2 MW ADE
1982 06 10 1346 138.987 -33.292 4.9 2.7 MW ADE
1982 06 23 1008 139.211 -33.397 17.4 2.1 MW ADE
1982 06 29 0618 138.522 -32.872 0.0 1.9 MW ADE
1982 07 07 1858 138.674 -32.178 31.4 1.9 MW ADE
1982 07 09 1355 138.473 -32.785 18.5 2.0 MW ADE
1982 07 12 1901 138.483 -33.083 25.1 1.9 MW ADE
1982 08 01 1242 138.494 -33.123 0.0 2.4 MW ADE
1982 08 06 2336 138.907 -32.589 0.0 2.0 MW ADE
1982 08 21 0546 138.657 -32.494 3.5 2.5 MW ADE
1982 08 23 0408 138.461 -32.904 10.6 1.9 MW ADE
1982 09 16 2348 138.920 -32.277 6.4 2.1 MW ADE
1982 10 03 1302 139.132 -33.154 26.6 2.1 MW ADE
1982 10 20 0433 138.535 -33.102 0.7 2.6 MW ADE
1982 10 31 0007 138.799 -32.305 34.0 2.0 MW ADE
1982 12 01 1831 138.990 -32.234 17.4 2.3 MW ADE
1982 12 15 1812 138.730 -32.891 4.8 2.8 MW ADE
1982 12 26 0846 138.871 -32.492 26.3 2.0 MW ADE
1983 01 02 2247 138.959 -32.410 20.5 2.0 MW ADE
1983 01 06 0905 138.838 -32.859 0.4 1.9 MW ADE
1983 02 08 2246 139.118 -32.977 15.7 2.0 MW ADE
1983 02 10 0825 138.499 -32.795 29.9 1.9 MW ADE
1983 04 10 0820 138.883 -32.835 16.3 2.0 MW ADE
1983 05 21 1955 138.731 -32.256 25.9 2.1 MW ADE
1983 06 16 1542 138.698 -32.459 0.0 2.0 MW ADE
1983 07 21 1215 139.084 -32.735 18.9 2.5 MW ADE
1983 07 30 0942 139.064 -33.529 20.8 2.5 MW ADE
1983 09 13 1541 138.531 -32.128 13.6 1.9 MW ADE
1983 10 13 0746 139.210 -33.272 22.1 2.0 MW ADE
1983 10 24 2142 139.049 -31.888 0.0 2.3 MW ADE
1983 10 29 0903 139.296 -33.295 20.3 2.3 MW ADE
1983 10 30 1013 139.264 -33.205 0.0 2.3 MW ADE
1983 11 14 0000 139.095 -32.558 21.2 2.1 MW ADE
1983 12 04 0254 138.724 -32.555 0.0 2.3 MW ADE
1983 12 05 1752 138.390 -32.515 28.0 1.9 MW ADE
1983 12 06 2042 139.145 -33.458 20.5 1.9 MW ADE
1983 12 31 0606 139.024 -32.944 3.6 2.1 MW ADE
1984 02 03 2202 139.242 -33.291 1.3 2.3 MW ADE
1984 02 07 1802 138.493 -32.283 7.2 2.7 MW ADE
1984 02 20 0649 138.787 -32.982 0.0 2.1 MW ADE
1984 03 12 1922 138.637 -33.219 5.9 2.3 MW ADE
1984 03 26 0806 138.782 -32.969 6.6 2.2 MW ADE
1984 03 30 0729 138.641 -33.197 0.0 2.5 MW ADE
1984 04 02 0506 138.763 -32.313 2.5 2.9 MW ADE
1984 04 05 1436 138.919 -32.311 1.3 2.3 MW ADE
1984 04 18 1239 139.241 -33.252 0.0 2.3 MW ADE
1984 04 20 1805 139.192 -33.284 7.9 2.3 MW ADE
1984 04 24 1210 138.793 -32.265 17.7 2.0 MW ADE
1984 05 22 2101 139.217 -33.248 2.1 2.6 MW ADE
1984 05 23 2325 138.961 -32.135 0.0 2.5 MW ADE
1984 06 02 1633 138.480 -32.316 11.3 2.5 MW ADE
1984 06 29 1249 138.564 -32.699 2.5 1.9 MW ADE
1984 07 01 0934 138.838 -32.389 0.0 2.3 MW ADE
1984 07 01 1151 138.964 -32.277 2.9 2.0 MW ADE
1984 07 30 1125 138.417 -32.440 15.3 1.9 MW ADE
1984 08 06 1132 139.159 -33.256 9.7 2.6 MW ADE
1984 08 10 1818 138.790 -32.971 10.7 2.1 MW ADE
1984 08 21 0048 138.418 -32.452 17.1 2.1 MW ADE
1984 09 17 1830 139.046 -32.750 9.4 2.1 MW ADE
1984 10 08 1639 138.632 -32.265 14.6 2.6 MW ADE
1984 10 16 0635 138.462 -32.555 20.6 1.9 MW ADE
1984 10 17 0233 138.415 -32.560 0.1 1.9 MW ADE
1984 11 06 2236 138.551 -32.730 27.2 2.3 MW ADE
1984 11 20 0749 138.875 -32.145 0.0 2.3 MW ADE
1984 12 21 1650 139.247 -33.358 16.3 2.2 MW ADE
1984 12 23 1912 138.602 -32.790 0.0 2.2 MW ADE
1985 01 17 1506 138.759 -32.101 27.7 2.1 MW ADE
1985 01 26 0257 139.202 -33.246 6.0 2.1 MW ADE
1985 01 31 0545 138.526 -33.113 3.5 1.9 MW ADE
1985 02 06 2335 138.781 -31.917 10.0 2.7 MW ADE
1985 02 17 0112 138.453 -32.572 11.8 2.7 MW ADE
1985 02 25 0940 138.675 -32.077 18.4 2.4 MW ADE
1985 03 01 0219 138.700 -32.606 0.2 2.5 MW ADE
1985 05 02 1717 138.825 -32.033 16.2 2.0 MW ADE
1985 05 07 1603 138.942 -32.363 6.6 2.1 MW ADE
1985 06 04 2044 138.811 -33.389 0.0 2.5 MW ADE
1985 06 14 1426 138.895 -32.782 0.0 2.0 MW ADE
1985 06 15 0018 138.393 -32.574 12.5 2.3 MW ADE
1985 07 08 1711 138.905 -31.904 25.1 1.9 MW ADE
1985 07 17 1639 138.968 -33.481 10.1 2.2 MW ADE
1985 08 04 0958 138.761 -32.962 3.9 2.6 MW ADE
1985 08 19 1001 138.886 -32.144 3.5 2.1 MW ADE
1985 08 27 1738 138.666 -33.160 28.7 1.9 MW ADE
1985 09 01 1516 138.830 -33.029 28.6 2.1 MW ADE
1985 09 17 2311 138.371 -32.703 3.1 2.3 MW ADE
1985 09 24 2322 138.536 -32.729 18.1 2.9 MW ADE
1985 10 06 0224 138.721 -31.913 33.7 2.4 MW ADE
1985 10 15 0040 139.057 -32.692 0.7 2.7 MW ADE
1985 10 20 1951 138.512 -32.822 24.7 1.9 MW ADE
1985 11 13 1253 138.589 -32.597 9.1 2.1 MW ADE
1985 11 14 1825 138.692 -32.075 13.0 2.3 MW ADE
1985 12 21 0209 138.459 -32.291 20.5 2.9 MW ADE
1986 01 02 1702 138.559 -32.146 25.2 2.0 MW ADE
1986 01 05 0938 138.721 -32.175 12.1 1.9 MW ADE
1986 01 13 0936 138.937 -32.221 12.5 1.9 MW ADE
1986 01 19 0537 138.804 -31.939 3.1 2.9 MW ADE
1986 01 27 0719 138.397 -32.567 25.5 2.0 MW ADE
1986 01 28 1757 139.040 -33.513 0.8 2.5 MW ADE
1986 02 09 0747 138.940 -32.534 23.6 1.9 MW ADE
1986 02 13 0650 139.111 -32.725 22.0 2.4 MW ADE
1986 02 16 0547 138.420 -32.972 23.7 2.1 MW ADE
1986 02 17 1355 138.470 -32.615 5.2 1.9 MW ADE
1986 03 04 1230 138.536 -32.192 0.3 2.1 MW ADE
1986 03 11 0359 139.105 -33.582 15.4 2.4 MW ADE
1986 05 24 1858 138.979 -32.542 0.0 2.6 MW ADE
1986 06 10 1209 138.614 -32.862 0.0 2.3 MW ADE
1986 06 25 0559 138.549 -32.642 5.8 1.9 MW ADE
1986 07 18 2305 138.689 -32.026 5.7 2.4 MW ADE
1986 08 09 0411 138.914 -32.607 1.0 2.3 MW ADE
1986 08 14 2328 138.573 -32.247 7.4 2.2 MW ADE
1986 09 05 2122 138.844 -33.363 27.8 1.9 MW ADE
1986 10 10 1232 138.824 -32.241 0.0 2.7 MW ADE
1986 11 05 0424 138.535 -33.158 30.9 2.5 MW ADE
1986 11 07 0546 139.140 -33.508 11.0 2.6 MW ADE
1986 11 11 0643 138.547 -32.605 10.6 2.1 MW ADE
1986 12 04 1140 139.086 -32.394 25.8 2.7 MW ADE
1986 12 05 1042 139.035 -32.278 22.4 2.1 MW ADE
1986 12 15 0106 138.869 -33.104 0.0 2.2 MW ADE
1986 12 30 2228 138.457 -32.590 21.2 1.9 MW ADE
1987 01 06 0844 138.395 -32.797 20.9 2.0 MW ADE
1987 01 08 0704 138.803 -32.159 28.1 2.7 MW ADE
1987 01 18 2121 138.927 -33.444 35.2 2.0 MW ADE
1987 01 22 0615 138.759 -32.454 22.8 1.9 MW ADE
1987 01 26 2252 138.381 -32.509 14.5 2.9 MW ADE
1987 02 02 0603 138.554 -32.226 16.9 2.1 MW ADE
1987 02 03 2217 138.616 -33.059 0.8 1.9 MW ADE
1987 02 13 1159 138.806 -33.366 16.7 2.2 MW ADE
1987 03 04 0103 138.568 -32.485 24.9 2.1 MW ADE
1987 03 25 0136 138.786 -33.306 16.0 1.9 MW ADE
1987 04 08 1227 138.678 -32.292 36.2 2.1 MW ADE
1987 04 11 2022 138.804 -33.373 7.7 1.9 MW ADE
1987 04 21 2006 138.666 -31.972 8.3 2.0 MW ADE
1987 05 04 0057 138.706 -33.222 15.4 2.1 MW ADE
1987 05 07 1508 138.852 -32.276 0.0 2.7 MW ADE
1987 05 26 2254 138.772 -32.321 5.9 2.5 MW ADE
1987 06 08 1929 138.609 -32.944 0.0 1.9 MW ADE
1987 06 10 2005 138.697 -32.296 18.8 2.3 MW ADE
1987 06 14 0437 138.484 -33.017 36.8 1.9 MW ADE
1987 06 19 0740 138.943 -31.999 7.3 2.6 MW ADE
1987 07 09 0538 138.406 -32.514 16.4 2.7 MW ADE
1987 07 17 0020 138.552 -33.091 12.5 2.2 MW ADE
1987 08 10 0754 138.449 -32.277 29.4 1.9 MW ADE
1987 08 21 0658 138.692 -32.343 12.4 2.9 MW ADE
1987 08 23 1212 138.906 -33.500 4.1 2.0 MW ADE
1987 10 18 1904 138.594 -33.182 2.7 2.0 MW ADE
1987 10 20 1140 138.815 -32.602 38.0 2.0 MW ADE
1987 10 27 0638 138.755 -33.322 32.7 1.9 MW ADE
1987 10 29 0912 138.582 -32.066 14.0 2.0 MW ADE
1988 03 22 2216 138.653 -32.469 30.1 2.0 MW ADE
1988 05 14 0037 139.086 -33.427 7.1 2.3 MW ADE
1988 06 12 2258 138.853 -31.899 9.1 2.4 MW ADE
1988 06 19 0712 138.833 -32.329 9.8 2.5 MW ADE
1988 06 24 0340 138.598 -32.952 18.0 2.1 MW ADE
1988 06 30 2320 138.719 -32.805 14.8 2.1 MW ADE
1988 08 12 0116 138.379 -32.905 13.4 1.9 MW ADE
1988 09 23 1753 138.829 -33.116 3.2 2.9 MW ADE
1988 09 30 1349 138.497 -32.665 10.0 1.9 MW ADE
1988 10 16 1857 139.283 -33.266 17.1 2.5 MW ADE
1988 11 12 0931 138.788 -32.002 11.8 2.3 MW ADE
1988 11 15 1951 138.610 -32.259 9.0 2.1 MW ADE
1988 12 06 0749 138.866 -32.094 14.8 2.1 MW ADE
1988 12 11 1314 138.899 -32.360 3.3 2.4 MW ADE
1989 01 28 0420 138.396 -32.451 0.0 2.7 MW ADE
1989 02 12 0438 138.633 -33.122 9.9 2.3 MW ADE
1989 02 18 1516 138.446 -32.807 6.9 2.1 MW ADE
1989 02 27 2350 138.769 -33.384 10.7 2.3 MW ADE
1989 03 01 1105 138.836 -32.759 15.3 2.3 MW ADE
1989 03 05 2226 138.649 -32.293 7.8 2.0 MW ADE
1989 03 11 0652 138.767 -31.971 17.0 2.1 MW ADE
1989 03 12 0418 138.795 -32.266 11.5 2.1 MW ADE
1989 03 14 2146 138.783 -32.574 8.8 2.0 MW ADE
1989 03 28 1100 138.445 -33.042 13.9 2.5 MW ADE
1989 04 08 0418 138.575 -32.818 0.0 2.9 MW ADE
1989 04 08 0801 138.856 -33.363 12.2 1.9 MW ADE
1989 04 09 1507 138.671 -33.197 10.3 1.9 MW ADE
1989 04 11 0354 138.808 -32.035 14.2 2.1 MW ADE
1989 04 16 0640 138.711 -32.234 9.4 2.1 MW ADE
1989 04 21 0035 138.656 -33.185 7.2 2.2 MW ADE
1989 04 25 2317 138.836 -32.326 11.1 2.1 MW ADE
1989 05 03 0432 138.398 -32.720 20.8 2.9 MW ADE
1989 05 04 1208 138.911 -33.171 6.6 2.1 MW ADE
1989 05 04 1927 138.915 -32.311 9.6 1.9 MW ADE
1989 05 09 0517 138.604 -33.185 10.0 2.3 MW ADE
1989 05 13 1126 138.763 -32.550 8.1 2.4 MW ADE
1989 05 18 0056 138.878 -32.825 14.3 2.0 MW ADE
1989 05 20 2233 138.803 -33.421 9.8 2.0 MW ADE
1989 06 05 0541 138.481 -32.786 11.1 2.1 MW ADE
1989 06 09 0224 139.077 -32.037 7.3 2.3 MW ADE
1989 06 13 0328 139.275 -33.366 22.7 2.5 MW ADE
1989 06 14 1716 138.887 -31.852 10.1 2.7 MW ADE
1989 06 17 1126 138.977 -32.189 3.0 2.0 MW ADE
1989 07 08 0026 139.011 -32.100 10.1 2.0 MW ADE
1989 07 12 0229 138.607 -32.825 8.9 2.7 MW ADE
1989 07 17 1549 138.703 -32.491 12.8 1.9 MW ADE
1989 07 23 0232 138.931 -32.145 13.7 2.1 MW ADE
1989 07 25 1423 139.090 -31.980 17.6 2.3 MW ADE
1989 08 04 0252 138.572 -32.577 5.7 1.9 MW ADE
1989 08 06 1002 138.765 -31.913 4.3 2.3 MW ADE
1989 08 08 0642 139.212 -31.929 14.7 2.8 MW ADE
1989 08 10 0510 138.657 -33.202 9.1 2.0 MW ADE
1989 09 11 1014 138.617 -32.147 21.1 2.3 MW ADE
1989 09 29 2203 138.757 -31.915 13.4 2.9 MW ADE
1989 10 09 1517 138.720 -32.744 11.9 1.9 MW ADE
1989 11 04 2052 138.835 -31.869 1.6 2.1 MW ADE
1989 11 16 0433 138.870 -32.267 15.2 1.9 MW ADE
1989 11 24 1945 138.485 -32.746 11.6 2.5 MW ADE
1989 11 28 0921 138.873 -32.276 15.2 1.9 MW ADE
1989 12 02 0123 138.425 -32.972 6.8 1.9 MW ADE
1989 12 02 1814 138.993 -31.798 4.3 2.1 MW ADE
1989 12 08 1602 138.601 -32.284 7.6 2.5 MW ADE
1989 12 10 1945 138.388 -32.599 15.5 1.9 MW ADE
1989 12 29 0821 138.514 -32.524 10.0 2.1 MW ADE
1990 01 02 1446 138.927 -31.757 0.5 2.7 MW ADE
1990 01 10 0436 138.823 -32.217 6.2 1.9 MW ADE
1990 01 18 1358 138.656 -33.049 12.7 1.9 MW ADE
1990 02 15 0135 138.865 -32.403 12.5 1.9 MW ADE
1990 03 02 1717 138.955 -31.726 4.9 2.0 MW ADE
1990 03 14 1935 138.594 -33.143 6.5 2.0 MW ADE
1990 03 17 0352 138.419 -32.360 14.5 2.1 MW ADE
1990 03 31 2018 138.927 -32.223 2.0 2.9 MW ADE
1990 05 07 1935 138.914 -32.220 7.1 2.0 MW ADE
1990 05 14 1027 138.430 -32.618 19.5 2.2 MW ADE
1990 05 27 1020 138.791 -33.280 13.5 2.6 MW ADE
1990 05 28 0748 139.273 -33.267 5.7 2.3 MW ADE
1990 07 05 1857 138.777 -31.924 11.9 2.1 MW ADE
1990 08 15 0614 138.450 -33.042 14.2 2.3 MW ADE
1990 08 16 1544 139.231 -33.344 14.6 2.0 MW ADE
1990 08 21 1049 138.691 -32.016 6.1 2.9 MW ADE
1990 08 22 0843 138.443 -32.363 11.7 2.0 MW ADE
1990 08 25 1641 138.553 -32.776 14.3 1.9 MW ADE
1990 08 26 0139 138.686 -32.102 8.9 2.8 MW ADE
1990 08 28 0447 138.666 -32.225 15.2 2.2 MW ADE
1990 08 29 0939 138.811 -31.983 11.2 1.9 MW ADE
1990 09 02 1742 138.811 -33.126 7.8 2.1 MW ADE
1990 09 09 2114 138.373 -32.828 11.9 2.4 MW ADE
1990 09 28 1107 138.584 -32.634 1.0 2.6 MW ADE
1990 10 04 0814 138.532 -32.584 0.5 2.2 MW ADE
1990 10 09 1428 138.606 -32.054 15.8 2.3 MW ADE
1990 10 16 0410 138.483 -32.787 20.6 2.1 MW ADE
1990 11 17 1127 138.483 -32.581 16.0 2.0 MW ADE
1990 11 23 1341 138.536 -33.147 20.3 1.9 MW ADE
1990 11 24 0527 138.726 -32.805 8.3 2.1 MW ADE
1990 11 24 1834 138.685 -31.955 11.7 2.2 MW ADE
1990 11 27 0837 138.848 -32.520 7.9 2.0 MW ADE
1991 01 08 2255 138.978 -33.106 14.9 2.3 MW ADE
1991 01 13 0303 138.984 -32.063 8.0 2.9 MW ADE
1991 01 18 0501 138.703 -32.308 12.9 2.5 MW ADE
1991 01 23 0416 138.410 -33.013 15.2 1.9 MW ADE
1991 01 28 1513 139.225 -33.281 15.2 2.2 MW ADE
1991 01 29 0239 138.864 -32.343 20.4 2.1 MW ADE
1991 02 05 0358 138.403 -32.374 14.3 2.1 MW ADE
1991 02 08 1133 138.680 -33.307 5.2 2.3 MW ADE
1991 02 23 2001 138.777 -32.022 8.9 2.8 MW ADE
1991 03 19 0344 138.990 -33.047 9.8 2.2 MW ADE
1991 03 26 0323 139.230 -33.275 3.6 2.5 MW ADE
1991 04 03 2341 138.729 -33.125 13.2 2.0 MW ADE
1991 04 05 2358 138.750 -32.659 14.8 2.2 MW ADE
1991 04 11 2336 138.842 -33.077 9.7 2.1 MW ADE
1991 04 12 2306 138.405 -32.560 10.0 2.7 MW ADE
1991 04 17 2338 139.005 -31.776 17.4 1.9 MW ADE
1991 05 10 0025 138.896 -32.337 8.9 2.2 MW ADE
1991 05 14 1627 138.905 -33.279 10.0 2.3 MW ADE
1991 05 16 1443 139.005 -32.342 10.0 2.9 MW ADE
1991 05 26 0017 138.543 -32.629 12.4 2.6 MW ADE
1991 06 02 0647 138.386 -32.624 13.6 1.9 MW ADE
1991 06 04 0032 138.577 -32.838 12.1 2.3 MW ADE
1991 06 05 0210 138.961 -33.091 10.4 2.1 MW ADE
1991 06 07 1334 139.092 -32.737 10.8 2.1 MW ADE
1991 06 23 1541 138.822 -32.869 4.1 2.2 MW ADE
1991 06 23 2127 138.623 -32.338 14.4 2.1 MW ADE
1991 07 05 0433 138.857 -32.440 23.0 2.1 MW ADE
1991 07 18 1205 138.783 -32.268 3.6 1.9 MW ADE
1991 07 25 0246 138.865 -32.182 13.2 2.0 MW ADE
1991 07 25 0550 138.894 -31.798 6.6 2.1 MW ADE
1991 08 05 2348 139.041 -31.738 14.1 2.3 MW ADE
1991 09 13 1020 138.480 -32.243 10.0 1.9 MW ADE
1991 09 15 0637 138.413 -32.657 11.8 2.0 MW ADE
1991 09 21 0304 138.871 -32.280 10.3 2.1 MW ADE
1991 10 08 1515 138.867 -32.210 12.6 2.9 MW ADE
1991 10 14 1412 138.689 -33.220 9.6 2.7 MW ADE
1991 11 13 1404 138.936 -31.743 6.4 2.4 MW ADE
1991 12 08 0928 138.694 -32.020 11.5 2.6 MW ADE
1991 12 21 1442 139.141 -32.660 10.4 2.7 MW ADE
1991 12 29 2218 138.530 -32.661 13.4 1.9 MW ADE
1992 01 04 2330 139.211 -33.308 8.3 2.8 MW ADE
1992 01 17 1222 138.555 -32.221 17.8 2.1 MW ADE
1992 01 23 0356 138.923 -32.318 1.0 2.0 MW ADE
1992 01 29 2249 138.485 -32.670 1.1 1.9 MW ADE
1992 02 12 0821 138.968 -31.740 12.2 1.9 MW ADE
1992 02 12 1301 139.137 -33.214 7.2 2.7 MW ADE
1992 02 20 1400 139.079 -33.262 11.0 2.0 MW ADE
1992 03 05 1944 138.987 -32.084 12.8 2.2 MW ADE
1992 03 23 0213 138.497 -32.378 10.0 2.1 MW ADE
1992 03 31 0507 138.715 -32.065 14.6 1.9 MW ADE
1992 04 01 0450 139.041 -33.420 12.4 2.1 MW ADE
1992 04 09 0122 138.967 -32.136 4.7 2.0 MW ADE
1992 04 22 0507 138.397 -32.527 9.5 1.9 MW ADE
1992 05 18 2209 138.625 -32.126 16.1 2.7 MW ADE
1992 05 22 1857 138.456 -32.298 1.5 2.1 MW ADE
1992 05 28 0359 138.762 -31.873 8.1 2.3 MW ADE
1992 06 23 1408 138.729 -33.215 10.0 1.9 MW ADE
1992 08 10 0410 138.769 -32.694 17.4 2.1 MW ADE
1992 08 15 0926 138.620 -32.245 10.5 1.9 MW ADE
1992 10 11 0054 139.069 -32.045 15.0 2.0 MW ADE
1992 10 14 1655 138.712 -31.945 11.2 2.3 MW ADE
1992 10 27 2244 138.697 -32.261 8.7 1.9 MW ADE
1992 10 29 1334 138.637 -32.580 2.8 2.5 MW ADE
1992 11 25 0725 138.480 -33.109 10.5 2.3 MW ADE
1992 12 10 1354 138.947 -32.263 11.2 2.1 MW ADE
1992 12 29 2303 138.852 -32.610 12.4 2.6 MW ADE
1993 01 08 2104 138.395 -32.633 12.4 2.8 MW ADE
1993 01 14 0626 138.956 -33.104 10.8 2.1 MW ADE
1993 01 18 2305 138.943 -33.095 12.9 2.9 MW ADE
1993 02 08 0020 138.440 -32.635 1.5 2.0 MW ADE
1993 02 11 1755 138.668 -32.764 10.2 2.3 MW ADE
1993 02 17 2136 138.403 -32.558 11.4 2.5 MW ADE
1993 03 05 1739 138.993 -32.233 12.2 2.2 MW ADE
1993 03 18 0449 139.008 -33.032 2.0 2.5 MW ADE
1993 03 26 0856 138.550 -32.415 9.4 2.3 MW ADE
1993 04 02 1213 139.306 -33.490 15.7 2.1 MW ADE
1993 04 05 2142 138.915 -33.070 9.3 2.9 MW ADE
1993 04 13 1715 138.610 -32.219 6.5 2.3 MW ADE
1993 04 28 1215 138.402 -32.681 10.0 2.5 MW ADE
1993 05 14 0353 138.935 -33.086 7.7 1.9 MW ADE
1993 05 15 2120 138.940 -32.464 9.4 1.9 MW ADE
1993 05 16 2349 138.438 -32.618 12.1 2.0 MW ADE
1993 05 19 1145 138.504 -32.781 12.9 1.9 MW ADE
1993 05 30 1714 138.458 -33.072 11.4 2.1 MW ADE
1993 06 08 1246 138.425 -32.281 11.3 2.2 MW ADE
1993 06 13 1457 138.945 -32.058 0.7 2.3 MW ADE
1993 07 05 1205 138.611 -32.855 13.1 2.0 MW ADE
1993 07 12 1348 139.029 -32.156 10.0 2.4 MW ADE
1993 08 05 2304 138.414 -32.312 14.2 2.1 MW ADE
1993 08 13 1225 138.399 -32.567 12.6 2.4 MW ADE
1993 08 28 1159 138.997 -33.053 5.6 2.6 MW ADE
1993 09 04 1243 138.921 -33.067 4.6 2.5 MW ADE
1993 09 06 0751 139.053 -33.023 9.5 2.5 MW ADE
1993 09 17 0552 139.022 -33.230 7.6 2.0 MW ADE
1993 09 19 2327 138.795 -32.080 9.4 2.9 MW ADE
1993 09 19 2357 138.521 -32.204 10.0 1.9 MW ADE
1993 09 22 0431 138.961 -33.110 14.3 2.1 MW ADE
1993 09 23 0324 138.832 -32.285 6.8 2.2 MW ADE
1993 10 03 1326 138.619 -32.504 14.7 2.3 MW ADE
1993 10 04 0420 138.614 -32.024 5.6 2.3 MW ADE
1993 10 05 1924 138.919 -31.993 10.4 2.3 MW ADE
1993 10 28 1317 139.009 -33.041 4.4 2.8 MW ADE
1993 11 16 1806 138.511 -32.407 0.9 2.6 MW ADE
1994 01 06 0027 139.017 -33.064 3.6 2.3 MW ADE
1994 01 14 2335 138.963 -32.081 7.5 2.3 MW ADE
1994 01 20 2156 138.989 -33.077 10.0 2.1 MW ADE
1994 01 25 0305 138.410 -32.875 6.5 2.1 MW ADE
1994 02 10 1107 138.973 -33.072 8.6 1.9 MW ADE
1994 04 23 0645 138.522 -32.500 10.0 2.5 MW ADE
1994 05 07 0245 138.845 -31.821 11.5 2.2 MW ADE
1994 05 09 1432 138.996 -33.045 5.8 2.6 MW ADE
1994 05 16 1829 138.948 -33.094 5.1 2.3 MW ADE
1994 05 24 1050 138.808 -33.425 10.0 2.5 MW ADE
1994 06 18 0525 138.439 -32.816 13.8 2.3 MW ADE
1994 07 07 1051 138.657 -33.214 12.6 1.9 MW ADE
1994 08 15 2135 138.460 -32.246 14.0 2.1 MW ADE
1994 08 30 0802 138.838 -33.185 16.7 2.1 MW ADE
1994 09 12 2020 138.709 -33.127 5.9 2.4 MW ADE
1994 09 12 2123 138.969 -33.032 5.0 2.9 MW ADE
1994 09 17 1627 138.974 -33.087 5.4 2.3 MW ADE
1994 10 01 2040 139.000 -33.083 3.8 2.3 MW ADE
1994 10 07 1419 139.292 -33.475 7.4 2.1 MW ADE
1994 10 08 1430 138.808 -32.946 11.7 2.1 MW ADE
1994 10 10 0935 139.046 -33.082 8.8 1.9 MW ADE
1994 10 21 0342 138.999 -33.074 14.3 2.4 MW ADE
1994 10 30 0233 138.922 -33.099 10.5 2.6 MW ADE
1994 11 08 1331 138.974 -33.067 6.5 2.3 MW ADE
1994 11 17 2144 138.471 -32.298 19.0 2.5 MW ADE
1994 11 19 1916 138.419 -32.968 16.1 2.0 MW ADE
1994 12 15 1147 138.426 -32.612 9.8 2.1 MW ADE
1995 01 09 2101 138.472 -32.599 13.1 1.9 MW ADE
1995 01 18 1955 138.382 -32.722 15.2 1.9 MW ADE
1995 01 23 0313 138.975 -33.071 9.9 1.9 MW ADE
1995 02 09 1518 138.931 -32.487 10.0 2.0 MW ADE
1995 02 12 1728 138.906 -33.326 10.8 2.3 MW ADE
1995 02 20 0302 138.872 -33.458 8.2 2.0 MW ADE
1995 02 23 2343 138.961 -33.191 13.4 1.9 MW ADE
1995 03 17 0143 138.521 -32.524 9.6 2.0 MW ADE
1995 04 02 0637 138.759 -32.251 9.4 2.0 MW ADE
1995 04 18 0409 138.845 -33.101 12.2 2.3 MW ADE
1995 04 21 1611 138.996 -33.048 10.0 2.1 MW ADE
1995 04 28 0440 138.921 -33.048 8.2 2.4 MW ADE
1995 05 02 1811 138.755 -33.215 11.9 2.1 MW ADE
1995 05 02 1925 138.894 -32.022 9.5 2.1 MW ADE
1995 05 17 1746 138.705 -32.116 15.4 2.9 MW ADE
1995 06 05 2027 138.409 -32.649 8.4 2.1 MW ADE
1995 06 13 0701 138.836 -33.137 8.1 1.9 MW ADE
1995 06 15 1052 138.869 -33.099 8.2 2.5 MW ADE
1995 06 23 1517 138.748 -32.253 11.6 2.5 MW ADE
1995 06 25 0931 138.511 -32.281 6.4 2.3 MW ADE
1995 06 27 2307 138.440 -33.010 12.3 2.7 MW ADE
1995 08 05 1731 138.822 -31.806 8.7 2.1 MW ADE
1995 08 08 1551 138.920 -32.096 6.8 2.3 MW ADE
1995 08 18 1919 138.708 -32.266 8.8 2.4 MW ADE
1995 08 19 1804 138.820 -31.877 6.0 2.6 MW ADE
1995 09 12 1016 138.505 -32.664 10.0 2.0 MW ADE
1995 09 29 1115 138.849 -32.333 5.0 2.0 MW ADE
1995 10 10 0414 138.510 -32.601 5.0 2.9 MW ADE
1995 10 16 0056 138.453 -32.589 10.0 2.4 MW ADE
1995 10 21 0741 138.625 -32.475 3.5 2.7 MW ADE
1995 11 20 1559 138.860 -31.784 4.3 2.8 MW ADE
1995 11 29 0345 139.271 -33.277 19.9 2.1 MW ADE
1995 12 09 0307 138.455 -32.603 16.4 2.0 MW ADE
1995 12 14 1408 138.375 -32.546 9.6 1.9 MW ADE
1995 12 19 0323 138.484 -32.605 10.4 2.3 MW ADE
1995 12 26 2315 138.466 -32.604 10.1 2.1 MW ADE
1995 12 27 2355 139.048 -32.100 7.7 2.4 MW ADE
1995 12 31 0845 138.484 -32.589 13.5 2.1 MW ADE
1996 01 16 1732 138.495 -32.588 10.0 2.0 MW ADE
1996 01 23 1520 138.467 -32.449 6.3 2.7 MW ADE
1996 02 24 1840 138.460 -32.611 1.5 2.3 MW ADE
1996 03 04 1816 138.880 -31.758 8.3 2.0 MW ADE
1996 03 19 0125 139.130 -33.604 18.4 2.3 MW ADE
1996 03 22 0806 138.654 -32.097 15.5 2.1 MW ADE
1996 04 03 2318 138.552 -32.535 11.7 2.1 MW ADE
1996 06 14 0536 138.758 -32.829 18.8 2.1 MW ADE
1996 06 27 0133 138.711 -32.116 10.4 2.9 MW ADE
1996 07 06 0711 138.918 -33.103 11.1 2.1 MW ADE
1996 07 17 0713 138.664 -32.015 15.9 2.1 MW ADE
1996 07 18 1123 138.452 -32.600 11.0 1.9 MW ADE
1996 08 03 2040 139.059 -33.166 10.0 1.9 MW ADE
1996 08 22 1411 138.436 -32.573 10.8 1.9 MW ADE
1996 09 14 1347 138.446 -32.435 10.9 2.4 MW ADE
1996 09 23 1313 138.516 -32.891 7.0 1.9 MW ADE
1996 10 16 2141 139.014 -33.419 9.0 2.0 MW ADE
1996 10 21 0726 138.378 -32.828 12.3 2.1 MW ADE
1996 11 30 1634 138.452 -32.890 10.0 2.1 MW ADE
1996 12 01 0440 138.467 -32.599 9.5 2.7 MW ADE
1996 12 29 1809 138.463 -32.592 10.0 1.9 MW ADE
1996 12 30 0629 138.406 -32.297 10.6 1.9 MW ADE
1997 01 27 0021 139.079 -31.759 10.0 2.4 MW ADE
1997 01 30 0053 138.564 -32.091 3.9 2.1 MW ADE
1997 02 06 0926 138.581 -32.769 9.2 2.0 MW ADE
1997 02 19 0458 139.178 -33.446 10.0 2.3 MW ADE
1997 02 19 0906 138.976 -32.117 13.0 2.3 MW ADE
1997 03 02 0756 138.907 -33.208 4.5 1.9 MW ADE
1997 03 05 2100 138.680 -32.476 12.8 2.0 MW ADE
1997 03 25 0335 139.008 -33.068 9.9 2.6 MW ADE
1997 04 10 1223 139.025 -32.317 10.1 2.4 MW ADE
1997 04 18 1202 139.012 -33.038 6.6 2.3 MW ADE
1997 04 18 1621 139.017 -31.689 19.1 2.0 MW ADE
1997 05 14 0024 138.941 -33.119 14.2 1.9 MW ADE
1997 06 02 0716 138.520 -32.639 8.9 2.3 MW ADE
1997 06 15 1543 138.687 -32.084 12.7 2.3 MW ADE
1997 07 11 1654 138.748 -33.182 10.7 1.9 MW ADE
1997 07 23 1605 138.713 -31.954 7.3 2.3 MW ADE
1997 08 03 0708 138.583 -32.917 2.0 2.7 MW ADE
1997 08 14 2231 138.850 -32.605 2.9 2.6 MW ADE
1997 09 08 1528 138.544 -32.906 10.3 2.9 MW ADE
1997 09 15 0446 138.421 -32.601 10.3 2.5 MW ADE
1997 09 24 1726 138.624 -32.453 13.7 2.3 MW ADE
1997 10 07 0856 138.616 -32.019 12.0 2.2 MW ADE
1997 10 22 1516 138.748 -32.551 11.3 2.7 MW ADE
1997 11 24 0212 138.455 -32.930 16.3 2.5 MW ADE
1998 01 08 1057 139.133 -32.684 2.3 2.4 MW ADE
1998 01 13 1904 139.022 -33.118 10.6 2.1 MW ADE
1998 01 13 2210 138.802 -33.164 9.1 2.1 MW ADE
1998 01 28 0416 138.475 -32.883 12.4 2.2 MW ADE
1998 02 14 1832 138.897 -32.284 22.5 2.3 MW ADE
1998 02 21 0339 138.913 -31.971 12.2 2.3 MW ADE
1998 02 26 0955 138.748 -33.200 9.5 2.0 MW ADE
1998 03 10 0904 138.860 -32.322 13.3 2.5 MW ADE
1998 03 13 0735 138.587 -32.132 6.5 2.3 MW ADE
1998 03 22 1716 138.537 -32.229 16.8 2.7 MW ADE
1998 05 12 0808 138.720 -33.004 16.5 2.1 MW ADE
1998 06 29 1615 138.419 -32.983 5.6 1.9 MW ADE
1998 07 07 0808 138.994 -31.991 12.1 2.7 MW ADE
1998 07 17 2112 138.462 -32.576 10.5 2.1 MW ADE
1998 07 20 1800 138.848 -32.523 9.6 2.3 MW ADE
1998 08 19 1729 139.076 -32.592 7.6 2.3 MW ADE
1998 08 28 1653 138.609 -33.145 10.9 2.3 MW ADE
1998 08 29 0414 138.783 -32.382 5.6 2.2 MW ADE
1998 09 10 2028 138.788 -33.090 3.7 2.9 MW ADE
1998 09 18 2133 138.867 -33.124 7.2 2.2 MW ADE
1998 09 26 0401 138.666 -32.308 4.5 2.2 MW ADE
1998 09 27 1038 139.141 -32.113 10.0 2.0 MW ADE
1998 10 02 0839 138.798 -33.143 11.2 2.2 MW ADE
1998 10 29 0228 139.241 -33.641 14.5 2.3 MW ADE
1998 11 27 1623 138.422 -33.022 14.1 2.4 MW ADE
1998 11 28 1647 138.493 -32.719 9.2 2.1 MW ADE
1999 01 20 0314 138.593 -32.791 6.9 2.7 MW ADE
1999 01 31 0636 138.889 -32.053 12.1 2.4 MW ADE
1999 02 22 0703 138.983 -33.111 9.2 2.3 MW ADE
1999 02 23 0634 138.806 -33.417 7.3 2.4 MW ADE
1999 03 02 0529 139.075 -33.063 4.5 2.3 MW ADE
1999 03 08 2047 138.947 -32.323 8.9 2.2 MW ADE
1999 03 25 1654 138.600 -32.221 15.8 2.7 MW ADE
1999 04 22 2314 138.977 -32.236 1.5 2.8 MW ADE
1999 04 29 0842 138.755 -33.146 7.8 2.6 MW ADE
1999 05 07 1914 138.767 -33.127 10.6 2.5 MW ADE
1999 05 14 0948 138.795 -33.157 7.8 2.1 MW ADE
1999 06 10 2024 138.756 -32.296 16.8 2.6 MW ADE
1999 06 28 1659 138.668 -33.128 11.2 2.6 MW ADE
1999 08 14 0016 138.598 -32.104 10.0 2.4 MW ADE
1999 09 04 0859 138.738 -32.686 9.7 2.1 MW ADE
1999 09 20 0013 138.468 -32.587 13.7 2.0 MW ADE
1999 10 01 1841 139.172 -31.884 12.6 2.3 MW ADE
1999 10 31 1838 138.649 -32.516 11.3 2.1 MW ADE
1999 11 09 0920 139.141 -32.745 1.6 2.6 MW ADE
1999 11 22 1248 138.518 -32.662 12.6 1.9 MW ADE
2000 01 10 2211 138.777 -31.898 15.3 2.5 MW ADE
2000 02 29 0421 138.924 -33.380 7.4 2.7 MW ADE
2000 03 01 2048 139.042 -33.282 2.6 2.6 MW ADE
2000 03 09 0726 138.398 -32.731 7.7 2.1 MW ADE
2000 03 27 0942 138.693 -33.128 8.1 2.4 MW ADE
2000 04 02 0724 138.726 -32.318 7.4 2.7 MW ADE
2000 04 27 0653 138.579 -32.289 6.7 2.3 MW ADE
2000 06 18 1953 138.593 -32.995 8.8 2.3 MW ADE
2000 06 19 2112 138.734 -32.748 10.4 2.1 MW ADE
2000 08 04 0244 138.822 -33.032 2.4 2.6 MW ADE
2000 08 07 1730 138.643 -32.499 7.7 2.5 MW ADE
2000 08 08 0738 138.798 -33.166 11.5 2.3 MW ADE
2000 08 16 0423 138.769 -33.049 7.8 2.1 MW ADE
2000 08 27 0314 138.733 -32.549 4.9 2.5 MW ADE
2000 08 30 1704 138.700 -32.601 18.8 2.7 MW ADE
2000 08 30 1717 138.668 -32.295 16.3 2.3 MW ADE
2000 09 27 0825 138.699 -33.151 10.2 2.2 MW ADE
2000 11 01 1029 138.739 -32.134 12.2 2.7 MW ADE
2000 11 16 0013 138.722 -32.039 1.4 2.1 MW ADE
2000 12 13 0316 138.952 -33.047 5.0 2.3 MW ADE
2001 01 11 0221 138.528 -33.137 14.4 2.0 MW ADE
2001 01 18 0822 138.855 -33.116 6.7 2.1 MW ADE
2001 01 20 2028 138.437 -32.681 9.3 2.3 MW ADE
2001 01 21 1441 138.576 -32.329 12.8 2.7 MW ADE
2001 01 25 2304 138.916 -32.325 5.6 2.8 MW ADE
2001 02 07 1220 138.376 -32.397 12.0 2.5 MW ADE
2001 02 27 0318 138.853 -32.247 5.3 2.3 MW ADE
2001 04 05 2130 138.495 -32.227 6.7 2.2 MW ADE
2001 04 15 0142 138.824 -33.213 10.0 1.9 MW ADE
2001 05 01 2158 138.501 -32.419 8.6 2.5 MW ADE
2001 05 07 0256 138.664 -33.108 13.0 2.5 MW ADE
2001 05 14 0743 138.797 -32.383 5.1 2.7 MW ADE
2001 05 20 1546 138.698 -32.535 14.1 2.3 MW ADE
2001 06 07 1242 138.547 -32.492 10.7 2.6 MW ADE
2001 06 29 0217 138.778 -32.650 6.4 2.5 MW ADE
2001 06 29 0336 138.763 -32.914 2.2 2.3 MW ADE
2001 07 10 2156 138.893 -32.331 7.2 2.2 MW ADE
2001 08 30 1205 138.858 -32.515 3.7 2.5 MW ADE
2001 09 26 2059 138.653 -32.888 10.0 2.6 MW ADE
2001 10 12 0550 138.387 -32.673 19.6 2.8 MW ADE
2001 12 26 2151 138.833 -32.219 11.2 2.3 MW ADE
2002 01 12 1436 138.498 -32.696 13.6 2.3 MW ADE
2002 02 07 0428 139.255 -33.368 6.1 2.3 MW ADE
2002 02 28 1154 138.527 -32.741 10.2 2.5 MW ADE
2002 04 03 1646 138.812 -33.286 12.6 2.0 MW ADE
2002 05 07 2332 138.775 -33.023 9.3 2.1 MW ADE
2002 05 17 0041 138.758 -33.035 5.4 2.5 MW ADE
2002 05 23 0647 138.858 -33.033 8.9 2.1 MW ADE
2002 05 28 2132 138.800 -33.017 3.6 2.2 MW ADE
2002 05 29 1857 138.756 -33.034 6.2 2.3 MW ADE
2002 05 31 2053 138.451 -32.660 13.2 2.0 MW ADE
2002 06 01 1000 138.770 -33.023 3.5 2.3 MW ADE
2002 06 14 1733 138.676 -32.940 5.7 2.5 MW ADE
2002 06 15 0632 139.064 -32.249 13.8 2.1 MW ADE
2002 06 26 1414 138.749 -33.033 16.1 1.9 MW ADE
2002 07 20 0006 138.475 -33.045 15.8 2.5 MW ADE
2002 08 14 0218 138.567 -32.733 12.1 2.3 MW ADE
2002 08 18 0918 138.926 -32.298 13.7 2.8 MW ADE
2002 08 29 2345 139.254 -33.265 10.7 2.2 MW ADE
2002 09 12 0435 138.969 -32.468 8.6 2.2 MW ADE
2002 09 14 0952 138.804 -33.127 11.2 2.3 MW ADE
2002 09 27 0437 138.411 -32.715 8.3 2.1 MW ADE
2002 11 22 1448 138.597 -32.448 3.2 2.4 MW ADE
2002 12 16 0949 138.651 -32.387 5.4 1.9 MW ADE
2003 01 15 1446 138.820 -32.627 3.8 2.5 MW ADE
2003 01 18 1154 138.828 -32.293 16.3 2.2 MW ADE
2003 02 04 2110 138.748 -33.361 10.1 2.2 MW ADE
2003 02 08 2231 138.417 -32.571 14.6 2.9 MW ADE
2003 04 06 1236 138.630 -33.078 7.9 2.1 MW ADE
2003 05 02 0651 138.632 -32.080 6.3 2.4 MW ADE
2003 05 09 0326 138.986 -31.941 14.2 2.3 MW ADE
2003 05 23 1711 138.462 -32.488 8.4 1.9 MW ADE
2003 06 22 0005 138.823 -32.087 5.0 2.3 MW ADE
2003 07 05 1950 138.970 -32.526 8.1 2.3 MW ADE
2003 08 03 1101 138.807 -32.937 9.6 2.0 MW ADE
2003 08 09 1257 138.831 -33.115 3.4 2.2 MW ADE
2003 10 08 1229 138.691 -32.004 10.1 2.3 MW ADE
2003 10 13 1451 139.071 -32.368 10.0 2.2 MW ADE
2003 10 13 2249 138.976 -32.023 11.8 2.7 MW ADE
2003 10 29 1338 138.770 -33.147 1.3 2.3 MW ADE
2003 11 01 2352 138.791 -31.953 3.3 2.2 MW ADE
2003 11 11 1919 138.614 -33.241 10.0 2.9 MW ADE
2003 11 28 0125 138.641 -33.262 11.3 1.9 MW ADE
2003 12 21 2006 138.544 -32.606 6.9 2.7 MW ADE
2004 01 04 1032 138.704 -32.213 7.9 2.1 MW ADE
2004 01 08 1307 138.528 -32.595 15.3 2.8 MW ADE
2004 01 16 1354 138.655 -33.185 11.2 2.5 MW ADE
2004 01 18 1042 139.017 -33.115 12.1 2.1 MW ADE
2004 03 17 0707 138.880 -32.920 2.8 2.4 MW ADE
2004 04 13 1121 138.878 -32.341 14.2 2.2 MW ADE
2004 06 11 0941 138.473 -32.665 55.0 2.8 MW ADE
2004 06 22 0639 138.659 -32.984 4.8 2.6 MW ADE
2004 07 06 2040 138.777 -31.889 8.6 2.3 MW ADE
2004 07 25 1137 138.909 -33.307 11.1 2.3 MW ADE
2004 08 06 0032 138.974 -31.842 13.2 2.4 MW ADE
2004 08 10 1846 138.534 -32.620 11.6 2.4 MW ADE
2004 09 04 1454 139.192 -33.595 15.0 2.5 MW ADE
2004 09 10 1013 138.779 -31.896 8.1 2.5 MW ADE
2004 09 22 1752 138.724 -32.099 4.8 2.2 MW ADE
2004 09 27 0745 138.970 -33.484 0.2 2.4 MW ADE
2004 10 07 2058 138.570 -32.130 9.9 2.0 MW ADE
2004 12 22 1728 138.582 -32.239 11.5 2.5 MW ADE
2005 01 26 1908 138.959 -32.844 5.5 2.4 MW ADE
2005 02 19 1858 138.828 -32.284 4.4 2.8 MW ADE
2005 03 30 0125 138.611 -32.236 13.9 2.5 MW ADE
2005 04 05 1433 138.421 -32.851 9.5 2.0 MW ADE
2005 04 07 1321 138.770 -32.617 5.5 2.4 MW ADE
2005 04 18 2222 138.446 -32.758 15.0 2.1 MW ADE
2005 06 03 0258 138.639 -32.326 15.2 2.1 MW ADE
2005 07 30 0020 138.543 -32.315 11.0 2.1 MW ADE
2005 08 02 0501 138.772 -31.953 2.2 2.3 MW ADE
2005 08 12 0928 139.112 -32.711 6.6 2.1 MW ADE
2005 08 25 0244 138.818 -33.092 7.5 2.7 MW ADE
2005 09 06 0702 138.730 -32.316 6.5 2.5 MW ADE
2005 09 11 0106 138.378 -32.700 11.3 2.2 MW ADE
2005 10 09 0325 138.846 -32.424 15.9 2.8 MW ADE
2005 10 19 1002 138.431 -32.824 7.8 2.1 MW ADE
2005 11 21 0551 138.537 -32.706 7.8 2.2 MW ADE
2005 12 05 0248 138.625 -33.203 9.7 2.4 MW ADE
2005 12 12 1301 138.432 -32.952 13.0 2.3 MW ADE
2005 12 17 0829 138.603 -32.508 12.5 2.6 MW ADE
2005 12 25 1631 138.397 -32.605 9.3 2.8 MW ADE
2005 12 26 0431 138.718 -31.924 8.4 2.2 MW ADE
2006 01 04 1347 139.022 -32.287 10.9 2.3 MW ADE
2006 02 14 2127 139.013 -32.026 8.9 2.2 MW ADE
2006 03 14 1750 138.731 -32.741 13.7 2.2 MW ADE
2006 05 06 0307 138.716 -32.750 9.2 2.8 MW ADE
2006 05 13 1118 138.492 -32.240 9.5 2.6 MW ADE
2006 05 18 0840 138.493 -32.256 12.1 2.2 MW ADE
2006 05 22 0324 138.701 -32.689 5.7 2.7 MW ADE
2006 05 22 1331 138.638 -32.154 7.0 1.9 MW ADE
2006 05 22 1806 138.793 -32.542 6.7 2.3 MW ADE
2006 05 27 0355 138.500 -32.219 3.1 2.3 MW ADE
2006 05 27 1418 138.791 -32.840 2.6 2.6 MW ADE
2006 05 28 2323 138.857 -32.226 7.4 2.8 MW ADE
2006 06 14 0809 138.905 -33.374 8.2 2.2 MW ADE
2006 07 01 2006 139.060 -32.068 11.9 2.4 MW ADE
2006 08 08 1029 138.940 -32.281 13.1 2.0 MW ADE
2006 08 31 2054 138.656 -33.246 8.5 2.1 MW ADE
2006 11 09 1133 138.791 -31.875 15.6 2.4 MW ADE
2006 11 09 1729 138.860 -32.005 7.5 2.3 MW ADE
2006 11 16 1523 138.730 -32.002 10.8 2.5 MW ADE
2007 02 11 1715 138.728 -31.971 9.0 2.3 MW ADE
2007 02 23 0559 139.088 -33.238 14.2 2.4 MW ADE
2007 02 24 0051 138.480 -32.331 11.1 2.3 MW ADE
2007 03 09 0740 138.830 -32.160 11.4 2.2 MW ADE
2007 04 20 2237 138.895 -32.399 6.0 2.2 MW ADE
2007 04 29 1148 139.014 -33.275 10.2 2.0 MW ADE
2007 05 16 2329 138.997 -32.110 1.1 2.3 MW ADE
2007 06 08 1937 138.955 -33.366 11.5 1.9 MW ADE
2007 06 13 0835 138.864 -32.047 2.2 2.2 MW ADE
2007 06 22 0221 138.510 -33.085 3.6 2.4 MW ADE
2007 07 15 1704 138.832 -31.822 13.9 2.3 MW ADE
2007 09 05 1845 138.758 -31.905 12.0 2.6 MW ADE
2007 09 10 1332 138.763 -32.523 1.8 2.4 MW ADE
2007 09 17 1959 138.659 -32.261 3.2 2.9 MW ADE
2007 10 22 1655 138.389 -32.681 6.3 2.6 MW ADE
2007 10 31 1318 138.403 -32.613 2.6 2.3 MW ADE
2007 11 04 0152 139.021 -33.046 7.4 2.4 MW ADE
2007 11 17 1414 138.647 -32.052 11.2 2.4 MW ADE
2007 11 28 2320 138.751 -32.117 2.5 2.3 MW ADE
2008 01 01 0019 138.883 -32.338 3.6 2.2 MW ADE
2008 01 23 1936 138.672 -33.139 9.6 2.9 MW ADE
2008 02 05 0728 138.526 -32.412 9.5 2.2 MW ADE
2008 02 19 1923 138.595 -32.394 11.0 2.4 MW ADE
2008 02 25 1621 138.481 -33.021 11.9 2.1 MW ADE
2008 02 29 1608 138.734 -32.164 18.4 2.1 MW ADE
2008 03 03 1041 139.016 -32.583 7.9 2.3 MW ADE
2008 03 29 1659 139.068 -32.063 21.0 2.5 MW ADE
2008 04 13 0204 138.741 -32.038 17.5 2.5 MW ADE
2008 05 17 1113 138.607 -33.208 6.7 2.2 MW ADE
2008 05 20 0941 139.051 -32.388 11.2 2.0 MW ADE
2008 06 09 1223 138.849 -33.382 0.9 1.9 MW ADE
2008 06 15 0102 139.236 -33.192 2.1 2.3 MW ADE
2008 07 07 0658 139.276 -33.216 6.1 2.7 MW ADE
2008 07 16 0109 138.781 -33.119 7.9 1.9 MW ADE
2008 07 23 0332 138.641 -32.118 3.4 2.3 MW ADE
2008 07 24 1941 138.783 -31.871 10.0 2.5 MW ADE
2008 08 29 1039 138.798 -32.259 6.0 2.4 MW ADE
2008 09 06 1053 138.713 -31.947 9.3 2.6 MW ADE
2008 09 10 1837 139.048 -32.355 3.9 2.2 MW ADE
2008 09 21 0246 138.547 -32.373 10.0 2.0 MW ADE
2008 10 08 0958 138.794 -33.063 7.6 2.1 MW ADE
2008 10 16 0438 138.762 -32.679 7.1 2.3 MW ADE
2008 11 01 0425 138.639 -32.159 8.5 2.5 MW ADE
2008 11 01 1706 139.082 -33.586 8.8 2.2 MW ADE
2008 11 11 0744 139.055 -33.333 2.0 2.1 MW ADE
2008 11 16 0600 138.945 -32.014 6.4 2.5 MW ADE
2008 12 05 2119 139.099 -32.000 15.4 2.3 MW ADE
2008 12 19 0751 138.624 -32.150 9.5 2.7 MW ADE
2008 12 21 1157 139.203 -33.298 11.1 2.1 MW ADE
2008 12 25 1437 138.705 -31.954 12.3 2.1 MW ADE
2009 01 02 0133 138.751 -32.068 7.5 2.2 MW ADE
2009 01 19 0435 138.933 -31.960 16.7 2.9 MW ADE
2009 01 20 0605 138.812 -32.025 11.6 2.7 MW ADE
2009 01 20 1003 138.706 -32.254 7.3 2.2 MW ADE
2009 01 21 0418 138.565 -32.597 9.1 2.2 MW ADE
2009 01 26 0053 138.797 -33.342 11.5 1.9 MW ADE
2009 01 27 0308 138.891 -32.380 13.4 2.4 MW ADE
2009 01 30 0821 138.519 -32.520 11.2 2.2 MW ADE
2009 01 30 2054 138.954 -33.156 11.5 2.1 MW ADE
2009 02 04 0233 138.384 -32.672 16.3 2.5 MW ADE
2009 02 13 1755 139.160 -33.212 7.5 2.1 MW ADE
2009 02 13 2017 139.175 -33.379 7.8 1.9 MW ADE
2009 02 14 0259 139.259 -33.354 8.7 2.2 MW ADE
2009 03 07 0136 138.802 -32.368 9.9 2.2 MW ADE
2009 03 15 0326 139.029 -33.052 4.9 2.6 MW ADE
2009 03 15 1025 138.704 -33.097 6.3 2.8 MW ADE
2009 03 25 1029 138.419 -32.305 17.1 2.4 MW ADE
2009 03 27 0802 138.660 -33.210 8.4 2.3 MW ADE
2009 04 01 0544 138.962 -33.096 12.3 1.9 MW ADE
2009 04 02 0539 138.949 -32.923 4.1 1.9 MW ADE
2009 04 19 1351 138.435 -32.483 13.0 1.9 MW ADE
2009 04 22 1710 138.448 -32.802 11.7 2.7 MW ADE
2009 05 09 0151 138.526 -32.379 4.6 2.0 MW ADE
2009 05 23 0534 138.750 -32.452 13.6 2.0 MW ADE
2009 05 28 1201 138.562 -33.106 10.6 2.5 MW ADE
2009 06 08 0500 138.957 -32.501 1.8 2.6 MW ADE
2009 06 17 0941 138.541 -32.428 8.0 1.9 MW ADE
2009 06 28 1914 138.672 -33.110 2.8 2.5 MW ADE
2009 06 28 1936 139.150 -33.334 10.5 2.1 MW ADE
2009 07 01 1118 139.067 -32.270 3.6 2.2 MW ADE
2009 07 06 2126 138.830 -33.264 6.4 2.2 MW ADE
2009 07 09 1925 138.749 -32.772 1.9 2.7 MW ADE
2009 07 10 1826 138.732 -33.138 5.7 2.1 MW ADE
2009 07 16 0101 138.392 -32.563 3.6 2.0 MW ADE
2009 07 16 1347 138.945 -32.756 0.7 2.4 MW ADE
2009 08 01 1449 138.662 -33.098 10.2 1.9 MW ADE
2009 08 29 1827 138.808 -32.409 22.2 2.2 MW ADE
2009 09 01 0353 138.646 -31.984 3.8 2.2 MW ADE
2009 09 17 1719 138.391 -32.591 17.1 2.2 MW ADE
2009 09 29 2241 138.758 -32.798 8.0 2.8 MW ADE
2009 10 01 1713 138.790 -31.921 13.6 2.5 MW ADE
2009 10 04 0944 138.718 -32.208 20.5 2.1 MW ADE
2009 11 08 1513 138.774 -32.691 5.2 2.2 MW ADE
2009 12 07 1237 139.005 -32.877 11.6 2.1 MW ADE
2009 12 08 0302 138.670 -33.042 5.4 2.6 MW ADE
2009 12 29 1028 138.821 -31.831 10.4 2.7 MW ADE
2010 01 13 1835 138.480 -33.006 12.7 2.2 MW ADE
2010 02 08 0433 138.862 -33.117 0.0 2.2 MW ADE
2010 02 19 0914 138.845 -32.044 0.0 2.7 MW ADE
2010 02 21 1303 138.952 -32.297 0.0 2.2 MW ADE
