1941 06 27 0755 137.340 -25.950 0.0 6.4 MW BMR
1968 06 13 0644 131.183 -20.973 33.0 4.3 MW USCGS
1968 06 19 0555 124.900 -19.100 18.0 4.7 MW ISC
1968 11 12 1023 124.000 -31.600 18.0 4.4 MW MGO
1969 10 27 1139 131.320 -22.800 0.0 4.3 MW BMR
1969 10 27 1222 131.330 -22.700 0.0 4.3 MW BMR
1970 02 08 1631 125.080 -27.400 1.0 5.0 MW ISC
1970 03 24 1035 126.673 -22.059 15.0 6.1 MW EHB
1972 07 22 0419 126.710 -28.030 0.0 4.5 MW MGO
1972 08 28 0218 136.326 -24.992 13.4 5.3 MW EHB
1973 03 11 1604 127.418 -21.889 10.0 4.8 MW ISC
1974 04 17 0721 123.986 -29.581 33.0 4.2 MW ISC
1975 03 06 2351 126.488 -17.212 0.0 5.1 MW ISC
1976 03 15 1538 125.470 -32.340 10.0 5.1 MW MGO
1976 10 21 1112 126.665 -22.347 33.0 4.7 MW USGS
1976 11 07 0347 128.663 -16.115 6.0 4.3 MW ISC
1978 05 06 1952 126.560 -19.550 17.0 5.3 MW BMR
1979 07 16 2039 127.049 -17.224 10.0 4.3 MW ISC
1980 12 08 0012 114.110 -32.120 37.0 4.8 MW MGO
1984 11 29 1320 123.891 -11.520 16.8 4.8 MW EHB
1985 03 22 0023 125.570 -22.840 10.0 3.5 MW MGO
1985 04 03 0150 132.455 -23.016 9.0 4.4 MW ISC
1985 04 12 0318 130.140 -14.750 10.0 3.8 MW AUST
1985 07 23 0947 126.797 -19.310 10.0 4.1 MW ISC
1985 07 28 0739 122.582 -32.554 5.8 5.2 MW EHB
1985 09 10 1157 130.240 -18.050 33.0 5.1 MW ISC
1985 10 23 0049 125.150 -11.120 14.0 6.3 MW ISC
1986 01 15 2211 114.990 -34.510 5.0 3.5 MW MGO
1986 01 20 0746 122.340 -32.360 5.0 3.9 MW MGO
1986 03 16 0644 126.610 -28.100 5.0 3.5 MW MGO
1986 03 30 0853 132.734 -26.310 5.0 5.7 MW EHB
1986 04 14 1932 131.345 -24.879 10.0 3.8 MW BMR
1986 05 26 0555 128.992 -27.768 5.0 3.9 MW BMR
1986 06 23 1530 124.780 -27.590 5.0 3.6 MW MGO
1986 11 28 1546 129.779 -25.433 5.0 3.8 MW BMR
1986 12 02 1713 132.549 -19.617 23.0 4.0 MW BMR
1986 12 18 0658 116.820 -27.830 5.0 3.9 MW MGO
1987 03 30 0510 131.519 -26.062 33.0 3.6 MW BMR
1987 05 02 2349 121.428 -30.710 5.0 3.7 MW MGO
1987 07 08 1038 122.280 -32.540 5.0 4.2 MW MGO
1987 08 30 1423 128.679 -16.739 14.0 4.0 MW BMR
1987 10 09 0358 121.262 -30.913 16.0 4.7 MW MGO
1987 11 06 1336 122.966 -13.388 10.0 3.6 MW ISC
1987 12 20 1211 121.083 -30.483 5.0 3.7 MW MGO
1988 01 22 1204 133.855 -19.896 5.0 6.6 MW EHB
1988 02 06 0524 124.730 -16.601 15.0 5.1 MW EHB
1988 03 10 1415 130.650 -14.630 10.0 4.1 MW ISC
1988 04 20 1320 124.060 -11.730 61.0 5.1 MW ISC
1988 04 23 2338 126.628 -21.817 5.0 3.7 MW BMR
1988 05 08 1553 124.730 -22.830 5.0 3.5 MW MGO
1988 05 09 1924 126.430 -21.920 5.0 3.7 MW MGO
1988 06 15 0913 126.500 -31.720 5.0 4.7 MW MGO
1988 06 23 1131 128.606 -16.814 10.0 4.0 MW ISC
1988 07 14 2236 128.783 -16.862 33.0 3.9 MW BMR
1988 08 08 1813 126.573 -27.243 5.0 4.4 MW BMR
1988 08 15 0413 122.220 -32.510 5.0 3.7 MW MGO
1988 09 21 0228 128.130 -17.380 5.0 3.5 MW MGO
1988 09 25 0628 132.342 -31.226 15.3 3.7 MW ADE
1988 11 01 0425 129.540 -25.090 5.0 3.5 MW AUST
1988 11 02 1848 140.122 -15.114 10.0 3.5 MW BMR
1988 11 23 2007 122.990 -27.433 5.0 3.6 MW BMR
1988 12 15 1856 124.583 -19.164 5.0 4.1 MW BMR
1988 12 23 0424 126.510 -22.000 5.0 3.5 MW MGO
1989 04 01 0517 127.770 -19.280 10.0 3.9 MW ISC
1989 04 10 0737 126.618 -17.124 5.0 3.5 MW MGO
1989 04 17 0349 123.760 -28.746 5.0 3.5 MW MGO
1989 05 05 0616 131.399 -17.995 10.0 3.5 MW ISC
1989 05 28 0255 130.745 -25.137 28.6 5.4 MW EHB
1989 09 13 2152 129.969 -21.517 5.0 3.5 MW BMR
1989 10 11 0704 134.470 -11.350 5.0 3.8 MW AUST
1989 10 12 0403 122.916 -27.686 5.0 3.5 MW MGO
1989 11 04 0057 127.798 -17.236 5.0 3.5 MW MGO
1990 01 12 0549 131.570 -25.620 5.0 3.5 MW BMR
1990 01 12 0950 131.239 -23.053 5.0 4.1 MW AUST
1990 02 14 0135 137.600 -25.760 5.0 3.6 MW AUST
1990 03 20 2109 124.310 -18.506 5.0 3.5 MW ISC
1990 03 21 1337 129.510 -25.430 10.0 4.2 MW AUST
1990 06 09 1342 143.269 -11.898 0.0 3.7 MW ISC
1990 07 28 1339 134.900 -12.400 5.0 3.7 MW AUST
1990 08 11 1754 130.270 -23.120 10.0 4.2 MW ISC
1990 09 27 1241 137.510 -25.910 10.0 3.7 MW ISC
1990 12 01 2235 131.325 -26.582 21.6 3.9 MW ADE
1991 03 09 0136 121.423 -30.761 11.0 4.0 MW MGO
1991 06 14 1222 122.318 -32.603 5.0 3.6 MW MGO
1991 08 06 1411 143.247 -17.915 5.0 3.8 MW ISC
1991 08 18 1156 128.607 -16.770 10.0 3.8 MW ISC
1991 10 06 2259 129.087 -16.877 5.0 3.6 MW MGO
1991 10 09 1646 128.663 -16.706 5.0 3.7 MW ISC
1991 11 05 0926 122.097 -32.836 5.0 3.7 MW MGO
1992 06 13 1805 130.100 -23.860 16.0 4.2 MW ISC
1992 07 12 2142 114.089 -32.789 5.0 3.5 MW MGO
1992 07 14 0342 126.573 -22.088 5.0 3.7 MW AUST
1992 07 14 0519 129.220 -22.160 10.0 3.5 MW ISC
1992 07 15 0017 126.433 -22.064 5.0 4.5 MW AUST
1992 07 15 0156 126.506 -21.934 5.0 4.1 MW MGO
1992 08 21 2053 130.136 -16.818 5.0 3.8 MW AUST
1992 08 22 1054 128.791 -27.452 5.0 3.9 MW ADE
1992 08 27 1919 123.600 -12.407 33.0 3.7 MW ISC
1992 09 30 1118 134.530 -11.350 38.0 4.8 MW ISC
1992 10 31 1225 126.518 -22.015 5.0 3.8 MW MGO
1992 12 03 1737 131.395 -25.931 10.0 3.6 MW ISC
1992 12 29 2020 129.870 -25.404 0.0 3.9 MW AUST
1993 02 27 2208 122.317 -32.625 5.0 3.5 MW MGO
1993 05 28 1503 121.806 -28.218 1.0 3.6 MW MGO
1993 08 11 1914 126.841 -19.514 10.0 3.5 MW ISC
1993 12 18 1927 133.860 -11.830 19.0 4.0 MW ISC
1994 04 19 1125 126.548 -21.917 5.0 3.5 MW MGO
1994 07 04 0910 141.530 -19.580 5.0 3.6 MW AGSO
1994 07 05 1907 141.589 -20.055 5.0 3.9 MW AGSO
1994 08 22 0331 126.315 -21.986 5.0 3.5 MW AUST
1994 09 04 1301 124.253 -30.688 5.0 4.1 MW AGSO
1994 09 12 1203 136.427 -22.512 5.0 3.8 MW AGSO
1994 10 09 1501 128.070 -16.652 5.0 3.6 MW MGO
1994 10 11 1034 121.307 -33.294 3.0 3.8 MW AGSO
1994 12 02 1942 130.133 -23.587 0.0 4.0 MW AGSO
1995 04 05 2338 126.953 -32.672 5.0 3.9 MW MGO
1995 06 04 2036 125.796 -24.119 5.0 3.7 MW MGO
1995 06 20 2106 126.111 -10.823 0.0 4.1 MW ISC
1995 10 01 1139 134.483 -19.832 24.0 3.6 MW ISC
1995 10 19 1943 120.699 -23.549 5.0 3.5 MW ISC
1995 10 27 0420 129.276 -34.631 20.0 3.7 MW ADE
1995 11 20 1116 131.450 -25.991 10.0 3.7 MW ISC
1995 12 16 0156 127.454 -21.081 5.0 3.5 MW MGO
1996 03 11 2324 127.149 -16.578 5.0 3.6 MW MGO
1996 03 13 0340 123.064 -12.584 33.0 3.9 MW ISC
1996 04 02 0355 127.890 -10.600 64.0 3.5 MW EIDC
1996 04 22 0958 126.595 -22.082 5.0 3.6 MW MGO
1996 09 02 0446 125.090 -10.950 0.0 4.0 MW EIDC
1996 10 18 0528 114.588 -32.761 5.0 3.9 MW MGO
1996 10 23 1823 128.650 -16.598 5.0 3.6 MW MGO
1996 11 30 1723 117.480 -25.230 10.0 3.6 MW USGS
1996 12 01 0450 132.988 -26.695 5.0 3.5 MW MGO
1996 12 08 2129 124.630 -15.197 33.0 3.6 MW ISC
1996 12 10 0602 128.448 -26.251 5.0 3.5 MW MGO
1997 02 22 0848 126.327 -21.757 12.0 3.7 MW MGO
1997 03 03 1953 134.702 -37.350 13.4 3.5 MW ADE
1997 06 23 2044 131.870 -23.110 19.0 4.0 MW AGSO
1997 07 23 1829 126.541 -22.114 5.0 3.6 MW MGO
1997 07 29 0542 130.150 -12.790 0.0 4.0 MW EIDC
1997 07 29 0742 125.807 -28.360 10.0 4.0 MW MEL
1997 11 11 1226 128.168 -16.504 5.0 3.5 MW AGSO
1998 03 22 1753 122.164 -31.516 5.0 3.9 MW MGO
1998 03 29 0350 139.168 -12.360 35.0 4.6 MW EHB
1998 03 29 2006 129.280 -14.280 10.0 3.9 MW AUST
1998 04 10 0346 122.343 -32.589 5.0 4.1 MW MGO
1998 05 15 2354 130.940 -26.090 5.0 3.5 MW AGSO
1998 06 18 1321 131.030 -12.210 0.0 3.6 MW EIDC
1998 06 27 0701 121.605 -30.815 5.0 3.5 MW MGO
1998 07 17 1846 127.845 -26.502 11.0 3.5 MW MGO
1998 08 04 0145 132.530 -13.210 0.0 3.5 MW AUST
1998 08 17 0457 135.246 -28.994 8.3 3.5 MW ADE
1998 10 14 2226 121.320 -31.033 5.0 3.6 MW MGO
1998 11 13 1154 124.887 -19.132 7.0 3.7 MW ISC
1999 01 18 1450 126.410 -27.788 10.0 4.0 MW ISC
1999 03 01 0128 137.590 -25.800 0.0 3.5 MW AGSO
1999 03 06 1530 118.213 -23.589 10.0 3.6 MW ISC
1999 03 09 2343 128.770 -10.890 33.0 5.5 MW DJA
1999 03 22 0122 127.312 -16.692 5.0 3.5 MW MGO
1999 08 14 1245 131.044 -26.170 10.0 3.7 MW ADE
1999 11 09 0505 121.390 -28.820 5.0 3.6 MW MGO
2000 02 15 1744 127.654 -14.118 0.0 3.5 MW AGSO
2000 04 13 0314 128.635 -16.421 15.0 3.7 MW AGSO
2000 06 19 1804 131.404 -22.832 5.0 3.5 MW ISC
2000 08 08 2310 142.309 -10.647 4.0 3.7 MW ISC
2000 10 15 0827 128.902 -12.370 28.0 4.1 MW ISC
2000 12 28 0528 130.763 -12.544 0.0 3.6 MW AGSO
2001 01 04 2123 123.887 -28.940 10.0 3.5 MW ISC
2001 04 12 1822 137.544 -25.729 0.0 3.5 MW AUST
2001 04 12 2237 137.447 -25.945 7.0 3.5 MW AUST
2001 04 21 0856 127.323 -19.826 14.0 3.5 MW AUST
2001 07 27 0423 124.366 -18.384 0.0 3.5 MW AGSO
2001 08 14 0803 127.580 -22.940 0.0 3.7 MW AGSO
2001 10 19 0418 129.547 -23.601 1.0 3.9 MW AUST
2001 10 19 1743 120.628 -33.712 10.0 5.0 MW ISC
2001 12 01 2209 122.592 -12.967 23.0 3.5 MW AUST
2002 02 06 0448 120.413 -22.785 10.0 3.7 MW AUST
2002 02 08 0901 123.917 -11.959 77.2 5.0 MW EHB
2002 04 15 2244 130.040 -23.151 3.0 3.5 MW AUST
2002 04 16 1601 129.965 -23.024 2.0 3.5 MW AUST
2002 04 30 1517 114.013 -32.993 10.0 3.5 MW AUST
2002 07 18 0423 119.872 -32.195 10.0 3.8 MW MEL
2002 08 02 1343 121.207 -30.917 3.0 3.7 MW AUST
2002 09 09 0657 126.709 -31.527 6.0 3.8 MW AUST
2002 10 06 1457 129.274 -22.186 1.0 3.7 MW AUST
2002 10 25 0425 126.813 -32.415 5.0 3.5 MW AUST
2002 11 01 0855 129.900 -11.930 10.0 4.0 MW ISC
2003 03 27 1440 133.274 -33.780 24.1 3.6 MW ADE
2003 07 03 0536 120.149 -25.795 21.8 3.6 MW AUST
2003 12 05 2226 126.745 -18.225 0.0 4.5 MW AUST
2004 01 14 0109 122.789 -12.864 75.0 3.7 MW USGS
2004 01 23 1531 123.549 -31.672 14.9 4.1 MW AUST
2004 02 23 1723 125.571 -20.832 5.0 3.7 MW AUST
2004 03 05 0011 127.084 -32.346 10.0 4.1 MW ISC
2004 05 31 2232 121.760 -31.326 0.0 3.7 MW AUST
2004 06 07 1340 125.483 -27.695 6.8 3.7 MW AUST
2004 08 14 1537 130.950 -26.090 0.8 3.5 MW AUST
2004 09 25 1510 129.152 -16.776 10.0 3.9 MW AUST
2004 11 01 1315 124.844 -19.111 8.9 3.8 MW AUST
2004 11 23 1050 127.153 -16.937 10.0 3.9 MW AUST
2004 12 16 0955 125.120 -17.597 11.8 3.6 MW AUST
2005 01 27 1717 119.236 -31.416 5.4 3.5 MW AUST
2005 03 13 0209 131.649 -26.265 18.6 4.5 MW ADE
2005 03 19 0729 130.868 -26.091 10.0 3.9 MW AUST
2005 03 29 1615 126.605 -22.144 5.0 3.5 MW AUST
2006 04 01 0109 130.972 -26.046 10.0 3.7 MW ISC
2006 05 02 0247 137.341 -25.877 10.0 3.6 MW ISC
2006 06 06 1534 117.838 -25.119 10.0 4.2 MW ISC
2007 03 06 0407 124.341 -29.933 1.0 3.8 MW AUST
2007 08 28 1533 115.942 -35.429 18.0 4.3 MW AUST
2007 11 05 0641 129.666 -22.390 0.0 3.5 MW AUST
2007 11 19 2001 143.735 -12.336 24.0 4.5 MW AUST
2007 12 01 2058 129.657 -22.291 10.0 3.5 MW AUST
2007 12 13 0529 122.823 -12.537 15.0 3.7 MW AUST
2008 02 06 0646 129.644 -13.402 6.7 4.0 MW AUST
2008 03 17 0656 137.427 -25.975 10.0 3.7 MW AUST
2008 03 19 0717 134.047 -19.654 15.0 3.7 MW AUST
2008 05 20 0825 129.609 -23.363 0.0 3.6 MW AUST
2008 07 09 2345 125.223 -26.034 1.4 4.6 MW AUST
2009 04 04 1240 133.943 -33.593 8.7 3.7 MW ADE
2009 10 16 0224 133.119 -34.419 32.3 3.9 MW ADE
2009 10 24 1626 120.659 -33.468 10.0 3.9 MW AUST
2009 11 03 0654 125.792 -27.579 9.5 3.5 MW AUST
2010 04 20 0017 121.489 -30.787 1.8 4.2 MW AUST
2010 06 21 0404 129.752 -21.524 5.4 3.6 MW AUST
