1941 04 29 0135 116.197 -26.791 25.0 6.8 MS EHB
1965 10 04 0044 123.300 -28.100 18.0 4.1 ML MGO
1970 02 08 1631 125.080 -27.400 1.0 5.1 mb ISC
1972 05 20 0347 124.600 -28.100 0.0 4.0 mb MGO
1974 02 16 2042 117.620 -27.160 nan 4.0 mb MGO
1978 10 08 2027 115.820 -26.760 0.0 3.5 ML MGO
1978 11 24 0104 120.770 -33.320 10.0 4.3 ML MGO
1980 06 12 0725 115.850 -26.970 0.0 3.2 ML BMR
1980 08 17 1851 115.580 -27.460 37.0 3.3 ML MGO
1981 04 16 1913 121.460 -33.100 10.0 3.3 ML MGO
1981 11 01 1546 117.267 -26.490 33.0 3.2 ML ISC
1982 08 04 2200 117.310 -29.280 10.0 3.1 ML MGO
1983 12 25 0306 120.090 -33.480 10.0 3.0 ML MGO
1984 03 30 1015 124.550 -27.140 10.0 3.3 ML MGO
1984 05 17 2021 115.840 -27.780 30.0 3.0 ML MGO
1984 06 11 1321 122.780 -26.180 0.0 4.2 ML BMR
1984 06 11 1331 122.510 -26.280 10.0 3.3 ML MGO
1984 09 30 1819 120.690 -28.300 10.0 3.2 ML MGO
1985 05 05 1650 116.630 -25.960 10.0 4.0 ML MGO
1985 07 02 2345 125.300 -27.700 10.0 3.5 ML MGO
1985 07 29 0713 124.260 -28.100 10.0 3.5 ML MGO
1985 08 10 0724 121.456 -30.783 0.0 3.3 ML MGO
1986 05 17 1241 117.200 -33.360 5.0 4.0 ML MGO
1986 05 17 1457 119.800 -33.760 5.0 3.6 ML MGO
1986 06 23 1530 124.780 -27.590 5.0 3.8 ML MGO
1986 10 02 0343 121.426 -30.771 5.0 3.0 ML MGO
1986 10 13 1206 118.810 -33.950 5.0 3.2 ML MGO
1986 12 18 0658 116.820 -27.830 5.0 4.3 ML MGO
1987 05 02 2349 121.428 -30.710 5.0 3.5 ML MGO
1987 10 09 0358 121.262 -30.913 16.0 4.5 ML MGO
1987 10 21 1832 121.294 -30.939 5.0 3.3 ML MGO
1987 10 22 2113 121.252 -30.935 5.0 3.6 ML MGO
1987 12 20 1211 121.083 -30.483 5.0 3.8 ML MGO
1988 05 26 1704 116.910 -27.900 5.0 3.0 ML MGO
1988 09 10 0746 116.560 -33.320 1.0 3.0 ML MGO
1988 11 23 2007 122.990 -27.433 5.0 3.6 ML BMR
1988 12 25 1001 117.730 -27.420 5.0 3.0 ML MGO
1989 10 12 0403 122.916 -27.686 5.0 3.5 ML MGO
1990 07 17 0513 121.477 -30.769 1.0 3.2 ML MGO
1991 03 09 0136 121.423 -30.761 11.0 4.2 ML MGO
1991 04 10 0606 121.416 -30.717 5.0 3.1 ML MGO
1991 12 13 0448 117.360 -34.389 1.0 4.3 ML MGO
1992 04 28 2134 116.485 -27.539 37.0 3.2 ML MGO
1993 01 28 2046 116.865 -27.890 5.0 3.1 ML MGO
1993 05 28 1503 121.806 -28.218 1.0 3.6 ML MGO
1994 10 11 1034 121.307 -33.294 3.0 3.9 ML AGSO
1996 05 14 2314 116.802 -34.036 1.0 3.0 ML MGO
1996 06 01 0715 121.468 -30.743 1.0 3.1 ML MGO
1996 10 26 0854 117.909 -33.900 1.0 3.7 ML MGO
1996 12 03 0755 119.749 -32.004 1.0 3.1 ML MGO
1998 03 13 0657 122.182 -31.465 5.0 3.7 ML MGO
1998 03 22 1753 122.164 -31.516 5.0 4.0 ML MGO
1998 06 27 0701 121.605 -30.815 5.0 3.5 ML MGO
1998 10 14 2226 121.320 -31.033 5.0 3.6 ML MGO
1999 01 22 0007 116.936 -33.970 1.0 3.2 ML MGO
1999 11 09 0505 121.390 -28.820 5.0 3.6 ML MGO
1999 12 31 0459 119.780 -32.110 1.0 3.0 ML MGO
2000 01 10 2057 124.082 -28.554 10.0 3.0 ML ISC
2001 03 08 1049 120.326 -31.457 10.0 4.1 ML ISC
2001 10 19 1743 120.628 -33.712 10.0 5.1 mb ISC
2001 10 19 2233 120.600 -33.508 10.0 3.5 ML ISC
2001 10 19 2344 120.664 -33.624 10.0 3.8 ML ISC
2002 07 18 0423 119.872 -32.195 10.0 4.0 M? MEL
2002 07 24 2048 121.243 -30.382 10.0 3.2 ML AUST
2002 08 02 1343 121.207 -30.917 3.0 3.8 ML AUST
2003 07 03 0536 120.149 -25.795 21.8 3.6 ML AUST
2003 08 15 0541 122.647 -28.608 0.0 3.1 ML IDC
2004 05 31 2232 121.760 -31.326 0.0 3.7 ML AUST
2005 01 27 1717 119.236 -31.416 5.4 3.5 ML AUST
2005 02 18 1757 121.085 -32.827 0.0 3.3 ML AUST
2005 05 04 1845 117.319 -25.932 9.0 3.2 ML AUST
2006 07 04 1608 121.526 -30.779 7.0 3.2 ML AUST
2006 11 28 2151 123.951 -28.561 9.0 3.1 ML AUST
2007 10 09 2358 117.505 -33.946 0.0 4.8 ML AUST
2008 07 02 0240 121.473 -30.739 0.0 3.3 ML AUST
2009 04 07 2126 121.461 -30.785 0.0 3.1 ML AUST
2009 04 08 0531 116.881 -34.148 0.0 4.1 ML AUST
2009 04 28 1906 121.553 -30.644 3.0 3.1 ML AUST
2009 10 24 1626 120.659 -33.468 10.0 3.3 MS AUST
2010 04 20 0017 121.770 -30.745 10.0 4.9 mb ISC
2011 01 11 0311 124.491 -27.997 0.0 3.5 ML AUST
2011 02 24 0226 120.084 -26.564 10.0 3.0 ML AUST
2011 07 27 0402 121.529 -30.573 nan 3.3 ML AUST
2011 09 22 0451 117.217 -33.733 5.0 3.4 ML AUST
2011 10 05 1706 117.236 -33.730 16.0 3.5 ML AUST
2012 03 13 2026 117.186 -34.134 15.0 3.0 ML AUST
2012 09 26 1737 121.072 -30.996 10.0 3.0 ML AUST
2012 10 07 0320 120.630 -27.768 0.0 3.2 ML AUST
2013 01 05 0232 120.611 -27.808 0.0 3.0 ML AUST
2013 03 03 2136 119.276 -32.375 1.0 3.4 ML AUST
2013 03 26 1807 120.887 -33.017 15.0 3.0 ML AUST
2013 08 02 1746 121.413 -26.146 10.0 3.0 ML AUST
2013 08 17 2144 121.210 -28.123 10.0 3.0 ML AUST
2013 09 30 2114 121.498 -31.898 12.0 3.7 ML AUST
2013 10 30 2225 120.746 -27.786 0.0 3.7 ML AUST
2014 02 26 0000 121.187 -30.679 0.0 4.6 ML AUST
2014 04 04 1303 121.176 -30.723 0.0 3.0 ML AUST
2014 05 13 1351 122.339 -28.327 9.0 3.0 ML AUST
2014 07 29 0650 123.863 -26.105 10.0 3.5 ML AUST
2014 10 31 1915 121.232 -30.815 10.0 4.2 ML AUST
2015 02 13 2215 121.532 -30.627 13.0 3.3 ML AUST
2015 03 15 1134 121.489 -33.545 10.0 3.1 ML AUST
2015 04 26 2242 121.234 -30.760 15.0 3.1 ML AUST
2015 09 02 1640 116.086 -33.092 10.0 3.2 ML AUST
2015 10 13 2219 121.356 -30.771 10.0 3.0 ML SRC
2016 03 11 0148 121.576 -26.102 10.0 3.0 ML AUST
2016 04 25 2030 121.233 -30.650 10.0 3.1 ML AUST
2016 07 08 0954 122.203 -32.104 0.0 3.3 ML AUST
