1961 06 18 1613 119.300 -20.100 13.0 4.2 MW MGO
1959 11 27 0625 116.200 -25.800 18.0 3.8 MW Doyle
1963 02 26 1410 121.200 -22.200 18.0 5.4 MW MGO
1961 08 28 1029 116.200 -27.500 18.0 3.1 MW MGO
1963 04 15 0043 120.300 -21.800 18.0 5.3 MW MGO
1963 11 17 0755 116.800 -25.000 18.0 4.4 MW MGO
1962 12 17 0029 118.100 -33.600 0.0 3.0 MW MGO
1963 02 13 0757 118.400 -34.100 0.0 3.1 MW MGO
1964 06 12 1408 118.100 -33.600 18.0 3.9 MW MGO
1966 05 06 0857 118.800 -32.300 18.0 3.5 MW MGO
1964 03 09 1135 121.500 -30.800 18.0 3.3 MW MGO
1969 08 11 0855 115.700 -24.900 7.0 3.7 MW MGO
1969 08 17 1755 116.000 -25.100 7.0 3.9 MW MGO
1965 07 14 2307 117.300 -26.600 18.0 2.9 MW MGO
1965 10 04 0044 123.300 -28.100 18.0 3.3 MW MGO
1966 05 10 1012 118.700 -27.100 0.0 2.4 MW MGO
1967 11 21 1037 124.700 -28.600 18.0 2.6 MW MGO
1971 03 05 0359 119.200 -21.800 10.0 3.5 MW MGO
1967 12 14 1417 124.100 -29.000 18.0 2.8 MW MGO
1971 04 15 1748 120.500 -21.800 0.0 3.9 MW MGO
1969 03 28 0333 116.200 -25.400 7.0 2.8 MW MGO
1972 01 08 1705 121.530 -30.820 1.0 3.6 MW BMR
1972 04 12 2213 120.000 -20.620 0.0 3.9 MW MGO
1972 04 20 0929 118.200 -23.330 0.0 3.8 MW BMR
1972 05 20 0347 124.600 -28.100 0.0 3.7 MW MGO
1972 07 25 0243 119.050 -22.730 0.0 3.6 MW BMR
1973 12 04 0930 116.300 -21.900 10.0 3.6 MW MGO
1971 02 19 0418 119.200 -21.000 10.0 2.4 MW MGO
1975 02 08 1133 116.100 -24.900 0.0 4.0 MW MGO
1971 03 21 0005 119.500 -21.100 10.0 2.8 MW MGO
1971 04 03 0400 119.600 -22.000 0.0 2.8 MW MGO
1977 11 22 0800 120.400 -19.600 0.0 3.5 MW MGO
1971 04 03 0635 119.000 -22.100 0.0 2.8 MW MGO
1978 11 16 2217 118.400 -33.400 0.0 3.5 MW MGO
1978 11 24 0104 120.770 -33.320 10.0 3.8 MW MGO
1971 09 18 1352 124.170 -28.260 0.0 3.0 MW BMR
1979 06 18 2015 123.925 -29.643 0.0 3.6 MW ISC
1971 09 28 0424 116.980 -22.750 0.0 2.8 MW BMR
1979 09 11 0205 120.507 -21.443 5.0 3.5 MW ISC
1980 08 07 2047 123.534 -29.304 0.0 3.9 MW ISC
1980 11 23 1932 123.360 -30.000 10.0 3.5 MW MGO
1981 06 28 2002 117.210 -25.613 6.0 3.7 MW ISC
1981 11 14 2313 123.920 -29.790 10.0 3.5 MW MGO
1982 01 09 0608 120.409 -21.278 28.0 3.9 MW MGO
1982 06 06 1406 121.960 -32.510 10.0 3.9 MW AUST
1973 03 25 0612 116.790 -29.550 10.0 3.0 MW MGO
1973 06 10 0807 119.700 -21.200 10.0 3.2 MW MGO
1973 09 27 2002 116.000 -22.200 10.0 3.3 MW MGO
1983 08 31 0721 120.180 -20.560 10.0 3.7 MW MGO
1984 02 21 0559 122.720 -31.820 10.0 3.9 MW MGO
1984 06 11 1321 122.780 -26.180 0.0 3.6 MW BMR
1976 05 24 2256 117.859 -33.172 17.0 3.2 MW AUST
1978 01 17 2215 115.520 -22.720 30.0 3.2 MW MGO
1978 01 28 0842 120.730 -26.800 0.0 3.1 MW MGO
1978 03 08 1757 120.470 -22.668 23.0 3.1 MW ISC
1978 03 13 1457 115.800 -24.320 0.0 3.0 MW MGO
1978 07 10 1648 120.140 -21.250 19.0 3.2 MW MGO
1978 07 27 2045 117.730 -33.450 6.0 3.4 MW MGO
1978 08 06 1912 117.530 -34.000 0.0 2.4 MW MGO
1978 08 31 1811 118.670 -22.030 0.0 2.6 MW MGO
1978 11 10 2046 118.270 -33.630 5.0 2.9 MW MGO
1978 11 19 0714 118.400 -34.400 0.0 2.7 MW MGO
1979 02 07 2248 120.850 -21.420 0.0 3.3 MW MGO
1979 03 19 1944 119.800 -21.100 0.0 2.1 MW MGO
1979 04 10 1811 117.760 -33.400 5.0 2.8 MW MGO
1979 04 25 0656 118.020 -33.520 7.0 3.2 MW MGO
1979 07 21 1728 120.940 -26.790 10.0 3.0 MW MGO
1979 07 25 1906 121.720 -32.260 10.0 3.1 MW MGO
1980 01 28 0227 117.310 -29.590 37.0 2.6 MW MGO
1980 02 03 1502 117.250 -33.720 5.0 3.0 MW MGO
1980 03 15 0312 117.760 -33.360 0.0 2.6 MW MGO
1980 04 04 1317 118.200 -33.150 0.0 3.0 MW MGO
1980 04 28 1642 117.760 -33.430 3.0 2.7 MW MGO
1980 05 22 0650 116.500 -25.520 10.0 3.0 MW MGO
1980 06 08 1513 115.970 -25.690 10.0 2.6 MW MGO
1980 06 12 2029 117.750 -33.430 5.0 3.0 MW MGO
1980 07 03 0847 117.940 -33.570 3.0 2.7 MW MGO
1980 07 04 1811 122.820 -28.620 10.0 2.8 MW MGO
1980 08 13 0312 117.730 -33.400 8.0 2.7 MW MGO
1980 08 17 1851 115.580 -27.460 37.0 3.1 MW MGO
1980 11 20 1330 118.970 -33.110 10.0 2.6 MW MGO
1981 02 23 0711 116.610 -25.430 0.0 3.2 MW MGO
1981 03 02 1450 120.330 -21.190 0.0 3.2 MW MGO
1981 04 16 1913 121.460 -33.100 10.0 3.2 MW MGO
1981 07 01 0842 117.150 -25.550 10.0 3.4 MW MGO
1981 07 28 2059 117.810 -33.420 8.0 2.7 MW MGO
1981 08 09 1004 117.950 -33.860 10.0 2.8 MW MGO
1981 09 06 0910 118.170 -33.730 10.0 2.6 MW MGO
1981 09 20 0919 121.360 -24.640 10.0 2.5 MW MGO
1981 10 11 0202 116.150 -25.290 10.0 3.4 MW MGO
1981 10 23 1340 117.710 -33.450 5.0 2.5 MW MGO
1981 11 01 1546 117.267 -26.490 33.0 3.3 MW ISC
1981 11 09 1600 116.420 -24.860 10.0 3.2 MW MGO
1981 12 19 2333 117.140 -33.210 10.0 2.3 MW MGO
1982 03 13 1817 120.710 -23.360 10.0 3.1 MW MGO
1982 03 28 2104 116.020 -25.570 10.0 3.0 MW MGO
1982 03 29 0350 117.780 -33.410 10.0 2.5 MW MGO
1982 04 28 1059 117.730 -33.410 7.0 2.5 MW MGO
1982 04 30 1055 120.720 -22.230 10.0 3.0 MW MGO
1982 05 21 1603 119.490 -31.460 10.0 2.5 MW MGO
1982 05 26 1755 120.830 -22.240 10.0 3.4 MW MGO
1982 06 27 2116 118.320 -31.270 0.0 2.7 MW MGO
1982 07 10 0842 118.290 -31.270 0.0 2.6 MW MGO
1982 08 04 2200 117.310 -29.280 10.0 3.1 MW MGO
1982 08 18 1845 117.760 -33.420 10.0 2.5 MW MGO
1982 09 05 1420 118.300 -31.250 0.0 2.5 MW MGO
1982 09 11 1015 123.030 -30.330 10.0 3.4 MW MGO
1982 10 14 2044 118.330 -33.630 10.0 2.6 MW MGO
1982 10 25 0237 118.410 -33.640 0.0 2.5 MW MGO
1983 01 20 1353 118.100 -33.820 5.0 2.8 MW MGO
1983 01 31 1140 118.100 -33.820 5.0 2.8 MW MGO
1983 02 01 1126 117.200 -33.410 5.0 2.5 MW MGO
1983 02 05 1821 118.100 -33.820 5.0 2.7 MW MGO
1983 02 08 1945 121.360 -30.740 0.0 3.1 MW MGO
1983 02 12 2203 117.730 -33.410 10.0 3.0 MW MGO
1983 03 12 0400 117.240 -26.770 10.0 3.1 MW MGO
1983 04 03 2247 117.160 -25.190 10.0 3.0 MW MGO
1983 04 05 0450 116.350 -25.300 10.0 3.3 MW MGO
1983 04 06 1939 124.080 -29.200 10.0 2.6 MW MGO
1983 05 04 0703 117.420 -26.320 10.0 2.7 MW MGO
1983 07 06 1941 122.290 -32.650 10.0 3.1 MW MGO
1983 07 25 1503 122.850 -28.540 10.0 2.8 MW MGO
1983 08 02 1443 117.910 -33.900 10.0 2.5 MW MGO
1983 08 08 0711 118.330 -31.320 10.0 2.4 MW MGO
1983 08 28 1338 118.310 -31.290 10.0 2.5 MW MGO
1983 09 13 2201 117.900 -32.380 10.0 2.6 MW MGO
1983 10 28 1201 120.700 -20.590 10.0 3.0 MW MGO
1983 11 01 1055 118.870 -32.960 10.0 2.5 MW MGO
1983 12 21 1819 124.190 -27.360 10.0 2.8 MW MGO
1983 12 25 0306 120.090 -33.480 10.0 3.0 MW MGO
1984 01 02 0549 118.160 -33.930 10.0 2.5 MW MGO
1984 01 08 1153 115.700 -24.670 10.0 3.0 MW MGO
1984 01 15 2145 116.500 -29.820 10.0 2.7 MW MGO
1984 01 28 0625 121.020 -28.290 10.0 2.8 MW MGO
1984 02 03 1502 119.570 -34.370 10.0 3.2 MW MGO
1984 02 13 1720 117.920 -32.380 10.0 2.5 MW MGO
1984 03 24 0735 122.430 -25.420 10.0 2.9 MW MGO
1984 03 27 0726 116.500 -29.820 10.0 2.5 MW MGO
1984 03 30 1015 124.550 -27.140 10.0 3.3 MW MGO
1984 04 10 1501 117.730 -33.390 7.0 2.7 MW MGO
1984 04 28 2317 117.820 -33.380 10.0 2.8 MW MGO
1984 04 30 0340 117.360 -33.020 10.0 2.5 MW MGO
1984 05 17 2021 115.840 -27.780 30.0 3.0 MW MGO
1984 06 09 0704 121.530 -30.750 0.0 3.0 MW MGO
1984 07 16 1807 118.220 -33.580 10.0 2.9 MW MGO
1984 08 08 1524 119.340 -19.610 10.0 3.2 MW MGO
1984 08 10 1348 117.300 -33.980 5.0 2.9 MW MGO
1984 08 19 2011 117.280 -33.340 10.0 2.9 MW MGO
1984 09 26 2147 118.350 -31.370 10.0 2.8 MW MGO
1984 09 27 0118 117.190 -33.250 10.0 2.5 MW MGO
1984 09 27 0427 117.130 -33.240 10.0 2.5 MW MGO
1984 09 30 1819 120.690 -28.300 10.0 3.2 MW MGO
1984 12 22 2259 124.320 -27.700 10.0 2.8 MW MGO
1984 12 25 0717 117.210 -34.110 10.0 2.5 MW MGO
1985 01 25 1051 117.170 -33.450 5.0 2.7 MW MGO
1985 02 25 1700 117.660 -34.070 10.0 2.5 MW MGO
1985 03 03 0028 117.730 -33.400 6.0 2.9 MW MGO
1985 04 09 0718 120.520 -20.490 10.0 3.2 MW MGO
1985 04 09 1152 119.860 -21.570 10.0 3.3 MW MGO
1985 05 26 1243 118.580 -20.350 10.0 3.2 MW MGO
1985 06 05 0341 122.430 -32.650 10.0 3.2 MW MGO
1985 07 02 2345 125.300 -27.700 10.0 3.4 MW MGO
1985 07 16 0406 118.230 -33.530 10.0 2.5 MW MGO
1985 07 29 0713 124.260 -28.100 10.0 3.3 MW MGO
1985 08 10 0724 121.456 -30.783 0.0 2.4 MW MGO
1985 08 21 1011 118.190 -33.560 10.0 2.5 MW MGO
1985 08 25 1407 115.930 -25.490 10.0 2.6 MW MGO
1985 09 05 1930 117.810 -33.420 10.0 2.4 MW MGO
1985 09 10 0336 115.850 -29.290 10.0 2.4 MW MGO
1985 10 25 2359 117.720 -33.400 10.0 2.5 MW MGO
1985 10 26 0845 117.720 -33.400 10.0 2.5 MW MGO
1985 12 10 1133 117.010 -25.320 10.0 2.8 MW MGO
1986 01 20 2331 124.220 -29.050 10.0 3.4 MW MGO
1986 03 20 0950 118.580 -31.260 5.0 2.5 MW MGO
1986 03 30 2020 120.850 -24.810 5.0 2.6 MW MGO
1986 04 13 1515 120.220 -21.860 5.0 3.0 MW MGO
1986 04 27 1356 118.380 -31.300 5.0 2.5 MW MGO
1986 05 09 0836 121.038 -31.109 5.0 2.9 MW MGO
1986 05 17 1457 119.800 -33.760 5.0 3.4 MW MGO
1986 05 21 2042 116.220 -25.310 5.0 3.4 MW MGO
1986 07 06 1101 117.630 -32.820 5.0 2.4 MW MGO
1986 07 28 2005 115.180 -23.710 5.0 2.9 MW MGO
1986 08 08 1414 121.012 -31.087 5.0 2.9 MW MGO
1986 08 11 1515 121.089 -31.168 5.0 2.9 MW MGO
1986 09 06 1041 119.050 -22.730 5.0 3.2 MW MGO
1986 09 16 1616 122.310 -32.590 5.0 3.4 MW MGO
1986 09 23 2041 119.820 -21.500 11.0 3.4 MW MGO
1986 10 01 2317 118.820 -34.100 5.0 2.6 MW MGO
1986 10 02 0343 121.426 -30.771 5.0 3.3 MW MGO
1986 10 13 1206 118.810 -33.950 5.0 3.2 MW MGO
1986 10 18 0405 118.580 -28.630 5.0 2.6 MW MGO
1986 10 18 1306 119.750 -22.290 5.0 3.0 MW MGO
1986 10 23 0944 118.620 -31.280 5.0 2.6 MW MGO
1986 12 06 2054 120.650 -21.360 5.0 2.8 MW MGO
1986 12 30 1700 116.090 -20.650 5.0 3.1 MW MGO
1987 01 01 1346 117.740 -33.360 5.0 2.3 MW MGO
1987 01 12 1810 117.470 -33.330 8.0 2.3 MW MGO
1987 01 19 1003 117.710 -33.410 13.0 2.9 MW MGO
1987 01 22 1356 118.890 -30.600 5.0 2.8 MW MGO
1987 01 25 0614 117.740 -33.400 5.0 2.8 MW MGO
1987 02 08 1737 117.740 -33.400 5.0 2.7 MW MGO
1987 02 11 0706 119.600 -21.470 3.0 3.3 MW AUST
1987 02 14 0903 117.740 -33.410 8.0 2.5 MW MGO
1987 02 14 1113 117.730 -33.410 8.0 2.5 MW MGO
1987 02 24 0810 122.220 -32.510 5.0 3.1 MW MGO
1987 04 10 1211 121.094 -31.170 5.0 2.7 MW MGO
1987 04 17 1658 115.980 -25.460 23.0 3.1 MW MGO
1987 04 27 0205 118.090 -32.740 5.0 2.3 MW MGO
1987 05 10 2336 117.740 -33.390 5.0 3.3 MW MGO
1987 05 11 0921 116.060 -29.510 5.0 2.7 MW MGO
1987 08 11 0440 118.080 -33.210 5.0 2.6 MW MGO
1987 08 21 0939 122.370 -32.660 5.0 3.1 MW MGO
1987 09 24 1553 120.240 -21.330 5.0 3.3 MW MGO
1987 10 05 0219 116.200 -29.770 5.0 2.5 MW MGO
1987 11 02 1018 121.469 -30.764 5.0 3.2 MW MGO
1987 12 20 1613 117.420 -33.430 3.0 2.4 MW MGO
1988 01 18 0302 122.220 -32.510 5.0 3.1 MW MGO
1988 02 28 1756 118.270 -33.600 3.0 3.0 MW MGO
1988 03 25 2105 116.150 -26.110 5.0 2.9 MW MGO
1988 04 11 0805 117.580 -34.450 5.0 2.6 MW MGO
1988 04 21 1046 117.690 -33.360 5.0 2.7 MW MGO
1988 05 16 1816 120.190 -21.420 5.0 3.2 MW MGO
1988 05 26 1704 116.910 -27.900 5.0 3.2 MW MGO
1988 07 10 1751 117.940 -33.500 5.0 3.2 MW MGO
1988 07 16 0016 117.050 -25.080 5.0 3.3 MW MGO
1988 07 28 2144 118.120 -33.170 2.0 2.5 MW MGO
1988 08 07 1538 116.560 -33.320 1.0 2.6 MW MGO
1988 08 18 0739 116.540 -33.310 1.0 2.9 MW MGO
1988 08 20 0935 119.540 -31.390 5.0 2.5 MW MGO
1988 09 01 1134 116.560 -33.300 2.0 2.9 MW MGO
1988 09 10 0746 116.560 -33.320 1.0 3.2 MW MGO
1988 10 09 0315 119.480 -28.360 12.0 2.9 MW MGO
1988 10 16 0937 119.460 -31.160 5.0 2.8 MW MGO
1988 11 24 2344 116.440 -25.350 5.0 3.4 MW MGO
1988 11 27 1407 123.010 -30.370 5.0 3.4 MW MGO
1988 12 18 0409 123.790 -28.940 5.0 3.2 MW MGO
1988 12 25 1001 117.730 -27.420 5.0 3.2 MW MGO
1989 01 07 0403 119.660 -31.840 6.0 2.7 MW MGO
1989 04 04 0311 120.093 -21.490 5.0 3.1 MW MGO
1989 04 19 1342 116.927 -34.355 1.0 2.9 MW MGO
1989 04 30 1616 117.261 -20.518 5.0 2.9 MW MGO
1989 06 09 1833 121.407 -30.755 12.0 2.9 MW MGO
1989 06 15 1814 117.286 -33.348 12.0 2.9 MW MGO
1989 06 19 0135 117.816 -33.400 7.0 2.6 MW MGO
1989 06 20 2119 116.881 -25.410 5.0 2.9 MW MGO
1989 06 28 1711 122.316 -32.552 7.0 3.1 MW MGO
1989 07 22 0418 116.435 -21.756 5.0 2.9 MW MGO
1989 07 23 0120 118.334 -33.567 1.0 3.1 MW MGO
1989 08 08 0101 119.840 -21.496 5.0 2.8 MW MGO
1989 08 13 1254 118.343 -33.585 1.0 2.7 MW MGO
1989 08 14 1550 119.863 -20.631 5.0 2.9 MW MGO
1989 08 17 0918 122.568 -28.881 5.0 2.5 MW MGO
1989 08 27 0927 122.599 -27.880 5.0 2.5 MW MGO
1989 09 04 2331 116.561 -33.283 0.0 2.7 MW MGO
1989 09 12 0424 117.615 -34.395 1.0 2.5 MW MGO
1989 09 12 1007 116.081 -25.617 5.0 3.2 MW MGO
1989 09 21 0953 118.453 -25.315 5.0 2.7 MW MGO
1989 09 21 2242 116.316 -33.408 1.0 2.4 MW MGO
1989 10 02 1156 116.260 -28.970 5.0 2.6 MW MGO
1989 10 04 1143 117.975 -33.558 1.0 2.7 MW MGO
1989 10 30 2241 118.245 -31.889 1.0 2.5 MW MGO
1989 11 27 1705 116.320 -29.781 1.0 2.6 MW MGO
1989 12 14 0520 117.220 -33.346 2.0 2.9 MW MGO
1990 01 20 1853 122.896 -27.367 5.0 2.7 MW MGO
1990 01 26 0229 117.809 -34.036 3.0 2.8 MW MGO
1990 01 26 1803 117.815 -33.440 4.0 2.7 MW MGO
1990 02 01 2258 117.809 -33.449 0.0 3.1 MW MGO
1990 02 14 0203 119.819 -32.216 5.0 2.5 MW MGO
1990 02 26 2317 118.390 -19.998 5.0 2.7 MW MGO
1990 03 17 0548 117.821 -33.413 5.0 3.3 MW MGO
1990 03 28 0713 121.485 -30.760 1.0 3.1 MW MGO
1990 06 06 1221 117.903 -33.409 0.0 2.6 MW MGO
1990 06 10 1359 118.050 -32.741 10.0 2.5 MW MGO
1990 06 10 1743 118.409 -33.787 17.0 2.5 MW MGO
1990 06 26 1750 116.910 -24.897 5.0 2.7 MW MGO
1990 06 27 0021 118.223 -33.706 5.0 2.8 MW MGO
1990 07 17 0513 121.477 -30.769 1.0 3.3 MW MGO
1990 08 18 1947 118.529 -26.271 49.0 2.9 MW MGO
1990 08 30 1228 117.569 -32.927 6.0 2.5 MW MGO
1990 09 03 1703 123.510 -31.180 9.0 3.0 MW MGO
1990 09 11 0929 118.000 -32.890 5.0 2.5 MW MGO
1990 09 11 0938 118.840 -32.890 5.0 2.5 MW MGO
1990 09 28 0421 123.620 -30.030 5.0 2.7 MW MGO
1990 10 18 0952 115.804 -25.912 5.0 3.1 MW MGO
1990 10 29 0452 116.823 -20.709 37.0 3.1 MW MGO
1990 11 06 0911 122.970 -29.180 5.0 2.7 MW MGO
1990 11 11 1725 120.190 -20.480 3.0 2.9 MW MGO
1990 11 22 1528 118.180 -33.860 2.0 2.7 MW MGO
1990 11 28 1812 118.100 -25.400 2.0 2.6 MW MGO
1990 12 12 2340 116.904 -34.348 5.0 2.4 MW MGO
1990 12 22 2225 118.074 -33.666 2.0 2.5 MW MGO
1991 01 04 0217 118.309 -33.893 1.0 2.2 MW MGO
1991 01 07 1141 121.333 -30.722 1.0 2.7 MW MGO
1991 01 21 2137 118.209 -33.787 1.0 2.5 MW MGO
1991 02 02 2342 119.397 -30.092 4.0 2.9 MW MGO
1991 02 03 0039 118.677 -33.299 1.0 2.6 MW MGO
1991 03 07 0809 117.186 -29.589 1.0 2.5 MW MGO
1991 03 09 1522 120.752 -20.570 5.0 3.1 MW MGO
1991 03 15 0429 124.655 -29.360 1.0 3.2 MW MGO
1991 03 24 0311 115.962 -21.914 5.0 3.2 MW MGO
1991 04 26 0359 119.441 -31.289 5.0 2.6 MW MGO
1991 05 01 0957 118.214 -33.326 1.0 2.6 MW MGO
1991 05 16 0202 116.093 -25.457 9.0 3.1 MW MGO
1991 05 26 1119 118.348 -33.868 3.0 2.4 MW MGO
1991 06 22 1951 115.576 -24.423 5.0 2.9 MW MGO
1991 07 11 1642 119.749 -32.784 1.0 2.5 MW MGO
1991 07 20 0207 121.538 -30.998 5.0 2.9 MW MGO
1991 07 25 2357 118.075 -33.647 1.0 2.9 MW MGO
1991 07 27 0351 117.848 -33.398 1.0 2.7 MW MGO
1991 07 31 0812 118.251 -33.772 5.0 2.5 MW MGO
1991 08 04 0655 119.594 -31.778 23.0 2.4 MW MGO
1991 08 11 2204 117.965 -33.677 5.0 2.7 MW MGO
1991 08 18 2125 118.007 -33.866 5.0 2.3 MW MGO
1991 08 25 0104 117.929 -33.980 1.0 2.3 MW MGO
1991 08 27 1556 118.034 -33.661 1.0 2.6 MW MGO
1991 08 30 1404 119.671 -20.535 5.0 3.4 MW MGO
1991 09 14 1153 116.546 -33.264 5.0 2.3 MW MGO
1991 09 16 0755 118.925 -20.354 5.0 2.7 MW MGO
1991 10 04 1030 117.607 -33.607 5.0 2.5 MW MGO
1991 10 08 2232 117.999 -33.671 5.0 2.5 MW MGO
1991 10 25 0505 119.907 -20.460 5.0 3.2 MW MGO
1991 10 27 1130 117.683 -33.897 5.0 2.5 MW MGO
1991 11 02 0909 118.017 -33.673 1.0 2.5 MW MGO
1991 11 14 1843 118.930 -21.091 5.0 3.0 MW MGO
1991 11 19 0553 118.130 -33.300 5.0 2.9 MW MGO
1991 11 20 1625 118.536 -33.351 5.0 2.3 MW MGO
1991 12 04 0121 117.279 -34.244 5.0 2.7 MW MGO
1991 12 04 1955 118.028 -33.651 1.0 2.6 MW MGO
1991 12 21 0631 121.464 -31.129 5.0 2.7 MW MGO
1991 12 30 0357 118.056 -33.661 1.0 2.7 MW MGO
1992 01 03 0713 118.237 -33.854 5.0 2.7 MW MGO
1992 01 07 0631 123.374 -30.496 37.0 3.3 MW MGO
1992 01 09 0837 118.332 -33.667 1.0 2.7 MW MGO
1992 01 15 2059 119.385 -33.725 5.0 2.8 MW MGO
1992 02 22 1238 118.294 -31.657 5.0 2.3 MW MGO
1992 02 27 1012 121.229 -23.947 5.0 2.6 MW MGO
1992 03 07 0529 123.681 -27.159 5.0 2.7 MW MGO
1992 03 15 0631 124.663 -28.752 5.0 3.1 MW MGO
1992 03 16 0601 117.835 -33.411 5.0 2.7 MW MGO
1992 03 21 2005 124.541 -27.346 5.0 2.9 MW MGO
1992 03 28 1339 118.923 -32.403 5.0 2.3 MW MGO
1992 03 31 1722 116.218 -25.524 5.0 3.1 MW MGO
1992 04 16 0801 116.674 -24.416 5.3 3.4 MW MGO
1992 04 24 1723 118.799 -33.377 1.0 2.7 MW MGO
1992 04 28 2134 116.485 -27.539 37.0 3.3 MW MGO
1992 05 07 2200 118.308 -31.263 5.0 2.3 MW MGO
1992 05 14 0132 122.210 -32.309 5.0 3.1 MW MGO
1992 05 14 0146 122.221 -32.477 5.0 2.8 MW MGO
1992 05 25 1330 120.629 -20.144 5.0 2.7 MW MGO
1992 06 15 0202 116.650 -24.410 5.0 3.0 MW MGO
1992 07 01 0608 120.798 -21.203 5.0 2.9 MW MGO
1992 07 07 1609 121.052 -21.360 10.0 3.3 MW ISC
1992 07 08 0142 116.506 -29.773 5.0 2.3 MW MGO
1992 07 26 0803 118.241 -33.301 1.0 2.6 MW MGO
1992 08 02 1751 117.858 -23.771 5.0 2.5 MW MGO
1992 08 19 0356 118.316 -33.604 1.0 2.7 MW MGO
1992 09 06 0639 122.425 -32.497 5.0 2.5 MW MGO
1992 09 15 1346 117.361 -33.377 1.0 2.6 MW MGO
1992 09 17 2024 117.835 -33.936 5.0 2.9 MW MGO
1992 10 20 2052 118.276 -33.955 5.0 2.5 MW MGO
1992 10 28 2349 119.669 -21.330 5.0 2.9 MW MGO
1992 11 06 1312 116.593 -21.991 37.0 2.8 MW MGO
1992 11 12 1202 116.222 -24.544 5.0 2.7 MW MGO
1992 11 15 0313 116.859 -24.475 5.0 2.7 MW MGO
1992 11 29 1557 116.356 -23.937 10.0 3.2 MW ISC
1992 11 30 0545 118.295 -33.731 5.0 2.7 MW MGO
1992 12 07 2046 116.337 -33.590 12.0 2.5 MW MGO
1992 12 12 0709 115.992 -25.378 5.0 3.1 MW MGO
1992 12 20 1934 117.753 -29.938 5.0 2.7 MW MGO
1992 12 21 2021 121.520 -31.025 5.0 2.9 MW MGO
1992 12 25 1100 116.848 -28.831 5.0 2.4 MW MGO
1993 01 28 2046 116.865 -27.890 5.0 3.3 MW MGO
1993 04 06 1118 116.178 -23.802 5.0 2.6 MW MGO
1993 04 06 1220 117.877 -33.629 1.0 2.3 MW MGO
1993 04 08 1438 118.182 -33.885 5.0 2.5 MW MGO
1993 04 11 1542 118.427 -33.942 5.0 2.2 MW MGO
1993 04 11 1707 118.053 -33.649 5.0 2.2 MW MGO
1993 04 24 1606 119.643 -20.466 5.0 2.9 MW MGO
1993 04 27 1155 116.497 -24.343 5.0 3.1 MW MGO
1993 05 24 0119 118.258 -33.595 1.0 2.9 MW MGO
1993 05 26 0327 122.196 -32.533 5.0 3.0 MW MGO
1993 06 05 1657 122.089 -32.578 5.0 2.7 MW MGO
1993 06 10 0336 122.298 -32.458 5.0 3.4 MW MGO
1993 06 15 1930 121.311 -30.997 5.0 2.5 MW MGO
1993 06 26 1025 118.146 -33.279 5.0 2.3 MW MGO
1993 07 16 2208 118.091 -33.942 5.0 2.5 MW MGO
1993 07 27 1118 116.620 -24.370 5.0 2.9 MW MGO
1993 11 08 1425 120.169 -21.305 5.0 2.7 MW MGO
1993 12 15 1903 124.131 -28.247 5.0 2.8 MW MGO
1993 12 17 0123 120.375 -22.236 5.0 2.7 MW MGO
1993 12 20 1613 119.118 -20.087 5.0 2.5 MW MGO
1994 01 07 1213 122.297 -32.425 5.0 3.2 MW MGO
1994 01 26 1733 122.316 -32.372 5.0 3.0 MW MGO
1994 02 05 1805 117.315 -26.480 5.0 2.5 MW MGO
1994 02 09 2046 118.258 -33.262 1.0 2.3 MW MGO
1994 02 12 1715 120.560 -21.647 5.0 2.9 MW MGO
1994 02 18 1624 116.181 -31.496 10.0 2.6 MW MGO
1994 02 20 1432 123.757 -29.608 5.0 3.3 MW MGO
1994 03 11 0942 120.332 -25.499 5.0 2.7 MW MGO
1994 03 14 1512 118.231 -33.294 5.0 2.4 MW MGO
1994 03 24 1632 116.458 -29.704 5.0 2.5 MW MGO
1994 03 28 0631 117.667 -33.901 5.0 2.5 MW MGO
1994 04 03 0308 116.114 -29.845 1.0 2.4 MW MGO
1994 04 07 0138 116.207 -29.802 1.0 2.9 MW MGO
1994 04 20 2153 118.549 -33.581 5.0 2.2 MW MGO
1994 05 02 2242 118.921 -32.625 5.0 2.5 MW MGO
1994 05 08 2218 116.884 -25.184 5.0 2.5 MW MGO
1994 05 10 2110 119.274 -20.305 5.0 2.7 MW MGO
1994 05 11 1927 117.399 -27.099 5.0 2.4 MW MGO
1994 05 11 1958 118.132 -33.672 5.0 2.1 MW MGO
1994 05 11 2140 116.979 -26.616 5.0 2.5 MW MGO
1994 05 13 0007 117.779 -27.451 5.0 2.5 MW MGO
1994 05 22 0659 116.911 -33.239 5.0 2.4 MW MGO
1994 06 02 1740 122.789 -26.710 5.0 2.7 MW MGO
1994 06 06 1017 118.074 -33.715 5.0 3.1 MW MGO
1994 06 30 0734 119.132 -27.448 5.0 2.9 MW MGO
1994 07 10 0327 118.422 -33.609 5.0 3.1 MW MGO
1994 08 03 0901 117.208 -33.601 5.0 2.4 MW MGO
1994 09 05 0758 118.193 -33.702 5.0 2.5 MW MGO
1994 09 12 0326 118.194 -33.679 1.0 2.9 MW MGO
1994 09 27 1200 118.150 -33.692 5.0 2.4 MW MGO
1994 09 29 1127 118.389 -20.010 5.0 2.9 MW MGO
1994 10 05 1659 117.782 -33.455 1.0 3.1 MW MGO
1994 10 10 1904 118.116 -32.699 5.0 2.9 MW MGO
1994 10 11 1456 118.056 -33.673 2.0 2.9 MW MGO
1994 10 29 1904 118.166 -32.720 3.0 2.4 MW MGO
1994 10 31 0801 117.855 -33.872 1.0 2.9 MW MGO
1994 11 03 2001 118.594 -34.430 5.0 2.4 MW MGO
1994 11 14 1847 121.634 -31.135 5.0 2.7 MW MGO
1994 11 21 1633 116.403 -29.511 5.0 2.1 MW MGO
1994 12 16 1902 118.047 -33.667 1.0 2.3 MW MGO
1994 12 29 1329 119.753 -32.297 5.0 2.5 MW MGO
1995 01 12 2135 118.783 -33.634 5.0 2.3 MW MGO
1995 01 13 1143 117.952 -33.798 1.0 2.5 MW MGO
1995 01 14 2114 118.702 -33.244 5.0 2.5 MW MGO
1995 01 20 0804 120.780 -20.891 5.0 3.3 MW MGO
1995 01 23 0819 117.218 -34.249 5.0 3.1 MW MGO
1995 01 28 0720 121.450 -30.773 0.0 3.1 MW MGO
1995 02 01 0955 118.686 -33.743 5.0 3.1 MW MGO
1995 03 19 0425 117.694 -33.756 5.0 2.3 MW MGO
1995 03 28 0732 120.440 -27.696 5.0 3.1 MW MGO
1995 04 05 2355 115.762 -25.576 5.0 3.0 MW MGO
1995 04 20 1311 118.184 -33.282 1.8 3.4 MW MGO
1995 05 28 1346 117.408 -33.478 5.0 2.4 MW MGO
1995 07 22 2318 118.267 -33.881 5.0 2.4 MW MGO
1995 08 07 0030 120.146 -21.362 5.0 3.3 MW MGO
1995 08 31 1306 118.213 -33.976 5.0 2.6 MW MGO
1995 09 11 1903 117.100 -25.476 5.0 3.0 MW MGO
1995 09 20 2015 115.926 -23.905 5.0 2.8 MW MGO
1995 10 06 1119 116.044 -25.424 5.0 2.6 MW MGO
1995 10 10 1330 117.527 -33.261 5.0 2.4 MW MGO
1995 10 20 0739 116.411 -24.977 5.0 3.1 MW MGO
1995 10 22 1414 117.762 -33.467 2.0 2.5 MW MGO
1995 10 27 1932 118.773 -33.766 5.0 2.1 MW MGO
1995 10 29 0627 117.500 -33.497 5.0 2.3 MW MGO
1995 11 08 2155 117.836 -33.918 5.0 2.5 MW MGO
1995 11 11 0358 116.167 -32.843 5.0 2.2 MW MGO
1995 12 09 2041 118.269 -33.620 5.0 2.5 MW MGO
1995 12 13 1913 117.953 -33.885 5.0 2.3 MW MGO
1996 01 22 1234 120.813 -21.123 5.0 3.2 MW MGO
1996 02 03 2222 117.849 -33.619 5.0 2.5 MW MGO
1996 03 30 0717 121.454 -30.727 1.0 3.1 MW MGO
1996 04 25 1011 119.097 -28.080 5.0 2.7 MW MGO
1996 04 28 1909 115.361 -24.105 5.0 2.5 MW MGO
1996 05 14 2314 116.802 -34.036 1.0 3.2 MW MGO
1996 05 17 2000 118.319 -33.590 1.0 2.5 MW MGO
1996 05 20 1048 118.129 -33.983 1.0 2.8 MW MGO
1996 05 25 1017 116.767 -34.023 1.0 2.8 MW MGO
1996 06 01 0715 121.468 -30.743 1.0 3.3 MW MGO
1996 06 07 1923 117.107 -25.221 5.0 2.7 MW MGO
1996 06 30 1646 119.731 -31.981 5.0 2.6 MW MGO
1996 07 01 0104 119.859 -31.895 5.0 2.7 MW MGO
1996 07 01 0237 119.745 -32.185 5.0 2.7 MW MGO
1996 07 14 0839 118.021 -33.690 1.0 3.0 MW MGO
1996 07 15 0519 116.075 -26.239 18.0 3.1 MW MGO
1996 10 11 1915 118.042 -33.573 5.0 2.3 MW MGO
1996 10 14 2100 116.579 -33.223 5.0 2.3 MW MGO
1996 10 29 2214 118.192 -33.295 5.0 2.5 MW MGO
1996 10 29 2237 120.885 -33.092 5.0 2.7 MW MGO
1996 11 23 2013 119.705 -31.962 2.0 2.6 MW MGO
1996 11 27 1506 117.768 -33.411 2.0 2.3 MW MGO
1996 11 30 1738 116.682 -24.560 5.0 3.3 MW MGO
1996 12 03 0755 119.749 -32.004 1.0 3.3 MW MGO
1996 12 07 1443 120.464 -27.701 5.0 2.8 MW MGO
1996 12 14 0915 116.645 -33.199 5.0 2.7 MW MGO
1996 12 21 2009 117.787 -33.428 5.0 2.3 MW MGO
1996 12 22 0842 118.263 -33.992 5.0 2.5 MW MGO
1997 01 26 2153 115.974 -29.907 9.0 2.3 MW MGO
1997 02 05 1455 123.271 -29.851 5.0 3.4 MW MGO
1997 02 06 1356 123.916 -30.128 5.0 3.4 MW MGO
1997 02 18 2009 122.345 -32.644 5.0 2.5 MW MGO
1997 02 21 0826 125.243 -27.411 5.0 3.1 MW MGO
1997 03 12 0918 117.767 -33.370 5.0 2.5 MW MGO
1997 03 17 1448 121.467 -30.750 1.0 2.9 MW MGO
1997 03 22 0358 115.814 -29.150 4.0 2.7 MW MGO
1997 06 29 1437 119.650 -22.186 5.0 3.0 MW MGO
1997 07 01 0606 115.642 -21.419 5.0 3.3 MW MGO
1997 07 10 0139 119.756 -32.144 1.0 2.9 MW MGO
1997 08 03 0117 116.059 -28.604 5.0 3.1 MW MGO
1997 08 11 1903 116.814 -33.498 5.0 2.6 MW MGO
1997 08 17 0514 115.586 -28.617 5.0 2.9 MW MGO
1997 08 20 1341 117.293 -33.366 5.0 2.5 MW MGO
1997 08 22 1805 116.767 -33.449 5.0 2.4 MW MGO
1997 08 24 0225 118.297 -33.600 5.0 2.4 MW MGO
1997 08 31 0143 123.684 -29.980 5.0 2.9 MW MGO
1997 09 06 1235 117.016 -33.224 5.0 2.7 MW MGO
1997 09 15 1323 117.166 -33.285 5.0 2.5 MW MGO
1997 09 29 0602 115.263 -22.692 5.0 2.7 MW MGO
1997 10 02 0933 114.927 -23.049 5.0 3.2 MW MGO
1997 10 11 0259 118.287 -33.601 5.0 2.6 MW MGO
1997 10 21 0746 123.825 -29.558 5.0 2.9 MW MGO
1997 10 22 0324 115.771 -28.774 5.0 2.5 MW MGO
1997 10 23 0810 115.067 -22.909 12.0 2.5 MW MGO
1997 10 27 1655 119.771 -32.260 0.0 2.5 MW MGO
1997 11 02 1218 118.762 -33.686 5.0 2.5 MW MGO
1997 11 02 1824 115.862 -21.891 5.0 2.9 MW MGO
1997 11 16 0043 119.709 -31.921 0.0 2.5 MW MGO
1997 11 28 0219 119.756 -32.143 1.0 2.7 MW MGO
1997 12 10 0313 123.166 -30.345 5.0 2.9 MW MGO
1997 12 14 2137 116.710 -33.425 5.0 2.3 MW MGO
1997 12 20 0725 121.472 -30.704 1.0 2.5 MW MGO
1997 12 28 1556 122.313 -32.621 5.0 3.2 MW MGO
1998 01 02 0133 115.230 -23.662 5.0 3.0 MW MGO
1998 01 07 1734 120.710 -20.920 5.0 2.9 MW MGO
1998 01 08 1750 117.116 -33.262 3.0 2.7 MW MGO
1998 01 17 1412 117.626 -33.504 1.0 2.4 MW MGO
1998 02 06 0610 118.317 -31.231 5.0 2.8 MW MGO
1998 02 11 0859 115.263 -23.558 5.0 3.2 MW MGO
1998 02 11 1651 117.839 -32.788 5.0 2.4 MW MGO
1998 02 23 2327 117.285 -33.441 2.0 2.5 MW MGO
1998 03 04 1144 115.146 -23.403 5.0 2.9 MW MGO
1998 03 14 0733 119.550 -27.566 5.0 3.1 MW MGO
1998 03 28 0327 118.935 -32.066 5.0 2.7 MW MGO
1998 04 06 2056 115.968 -26.007 5.0 2.9 MW MGO
1998 04 20 1134 121.872 -30.351 5.0 2.9 MW MGO
1998 04 22 1821 119.754 -32.105 5.0 2.9 MW MGO
1998 04 26 2149 117.165 -33.632 5.0 2.5 MW MGO
1998 05 08 1112 118.246 -33.266 2.0 2.5 MW MGO
1998 05 11 1211 118.080 -33.694 1.0 3.3 MW MGO
1998 05 16 1737 117.631 -34.004 1.0 2.7 MW MGO
1998 05 17 1457 117.868 -32.805 5.0 2.2 MW MGO
1998 05 27 0723 118.195 -34.031 5.0 3.0 MW MGO
1998 06 05 1347 121.319 -31.111 5.0 3.1 MW MGO
1998 06 26 2243 122.335 -32.881 5.0 2.7 MW MGO
1998 06 27 1642 120.886 -33.320 5.0 2.9 MW MGO
1998 06 28 2151 118.391 -33.205 5.0 2.7 MW MGO
1998 07 05 0849 118.640 -26.249 5.0 3.1 MW MGO
1998 07 08 1044 121.416 -30.777 1.0 3.1 MW MGO
1998 07 16 0158 121.048 -21.252 5.0 2.9 MW MGO
1998 07 18 2319 123.793 -30.262 5.0 3.1 MW MGO
1998 07 21 2000 121.439 -30.819 5.0 2.9 MW MGO
1998 07 29 1934 117.681 -33.611 5.0 2.7 MW MGO
1998 08 14 0849 117.807 -33.632 5.0 2.6 MW MGO
1998 09 20 0135 119.985 -22.457 5.0 2.9 MW MGO
1998 10 08 1621 121.448 -30.833 1.0 3.1 MW MGO
1998 10 17 1946 121.172 -21.763 5.0 2.8 MW MGO
1998 10 31 1812 118.967 -32.058 5.0 2.6 MW MGO
1998 11 05 2050 123.695 -30.814 5.0 3.0 MW MGO
1998 11 16 0448 118.254 -33.566 5.0 2.5 MW MGO
1998 11 22 1400 116.350 -34.167 5.0 2.3 MW MGO
1998 11 23 0954 120.611 -26.420 5.0 2.9 MW MGO
1998 12 14 2029 121.257 -30.987 5.0 2.9 MW MGO
1998 12 21 2017 115.451 -23.299 5.0 2.7 MW MGO
1998 12 31 1113 121.410 -30.754 5.0 3.0 MW MGO
1999 01 05 1734 123.039 -27.792 5.0 2.9 MW MGO
1999 01 22 0007 116.936 -33.970 1.0 3.3 MW MGO
1999 02 02 1335 120.138 -33.829 5.0 2.5 MW MGO
1999 02 06 1313 117.105 -33.979 1.0 2.6 MW MGO
1999 04 24 1414 117.246 -34.264 1.0 2.9 MW MGO
1999 05 02 1559 116.300 -20.820 5.0 3.3 MW MGO
1999 05 18 1402 119.710 -32.590 5.0 2.7 MW MGO
1999 05 20 1405 116.340 -21.730 5.0 3.0 MW MGO
1999 06 03 1606 117.800 -34.040 5.0 2.7 MW MGO
1999 07 31 0502 118.010 -32.420 8.0 2.6 MW MGO
1999 08 26 1922 115.900 -26.450 5.0 2.9 MW MGO
1999 09 03 1231 120.170 -22.340 5.0 2.7 MW MGO
1999 09 21 0822 118.530 -30.460 5.0 2.5 MW MGO
1999 09 29 1959 115.660 -22.210 5.0 3.0 MW MGO
1999 10 07 1044 119.740 -32.090 5.0 2.7 MW MGO
1999 10 08 1618 117.240 -34.260 5.0 2.4 MW MGO
1999 10 10 1044 119.740 -32.090 5.0 2.7 MW MGO
1999 10 18 0714 117.760 -34.050 1.0 2.9 MW MGO
1999 11 01 1438 117.490 -24.220 1.0 3.0 MW MGO
1999 11 11 1606 115.570 -22.330 5.0 3.1 MW MGO
1999 11 13 0128 116.760 -33.390 1.0 2.7 MW MGO
1999 11 30 1512 119.770 -21.240 5.0 3.3 MW MGO
1999 12 09 1928 119.517 -20.470 5.0 3.3 MW ISC
1999 12 15 2236 119.730 -32.140 2.0 3.0 MW MGO
1999 12 31 0459 119.780 -32.110 1.0 3.2 MW MGO
2000 01 09 0317 117.790 -34.070 1.0 2.5 MW MGO
2000 01 10 2057 124.082 -28.554 10.0 3.2 MW ISC
2000 01 11 1338 117.930 -34.150 5.0 2.3 MW MGO
2000 01 14 1157 118.140 -33.760 5.0 2.3 MW MGO
2000 02 02 2324 118.255 -33.700 5.0 3.3 MW ISC
2000 02 28 1843 120.950 -21.580 5.0 3.0 MW MGO
2000 02 29 0327 120.110 -23.530 5.0 3.0 MW MGO
2000 03 30 1032 116.390 -33.620 19.0 2.5 MW MGO
2000 04 04 1842 116.810 -25.320 0.0 2.7 MW AGSO
2000 05 14 2053 116.010 -30.190 0.0 1.9 MW AUST
2000 05 14 2220 119.741 -31.856 0.0 2.3 MW AUST
2000 05 22 1425 116.945 -25.326 5.0 3.2 MW AGSO
2000 06 05 0349 118.574 -30.578 2.0 3.1 MW AUST
2000 06 16 1923 117.529 -27.296 0.0 2.9 MW AGSO
2000 06 19 0138 121.299 -33.551 0.0 2.9 MW AGSO
2000 06 26 1947 120.953 -20.694 0.0 3.0 MW AGSO
2000 07 02 1437 118.790 -33.770 0.0 2.5 MW AUST
2000 07 07 2232 117.430 -33.790 3.1 2.3 MW AUST
2000 07 24 1250 117.450 -33.740 10.0 2.1 MW AUST
2000 07 25 1930 117.280 -33.800 10.0 2.0 MW AGSO
2000 07 26 0204 117.290 -33.780 12.0 2.0 MW AGSO
2000 07 29 0245 123.749 -29.933 10.0 3.3 MW ISC
2000 07 29 0331 123.760 -30.150 8.0 2.5 MW AUST
2000 08 13 1823 118.099 -33.589 0.0 2.3 MW AUST
2000 08 27 1639 115.978 -28.698 0.0 2.3 MW AUST
2000 08 28 0146 117.868 -34.039 0.0 2.7 MW AUST
2000 09 14 0342 117.235 -33.759 5.0 2.1 MW AUST
2000 09 28 2313 117.827 -29.968 6.0 2.1 MW AUST
2000 10 08 1034 116.982 -34.371 2.0 2.4 MW AUST
2000 10 28 1333 119.345 -26.808 10.0 3.1 MW AGSO
2000 10 28 1410 124.055 -30.298 21.0 2.7 MW AUST
2000 11 06 1057 117.384 -33.834 20.0 2.3 MW AUST
2000 11 08 0532 117.994 -32.462 0.0 2.2 MW AUST
2000 11 16 0125 118.386 -34.537 0.0 3.1 MW AUST
2000 11 26 1216 118.164 -33.706 3.0 2.3 MW AUST
2001 01 17 1723 119.711 -30.909 0.0 2.7 MW AUST
2001 01 19 0700 122.425 -28.258 11.0 3.1 MW AGSO
2001 03 05 0848 118.306 -31.872 2.0 2.5 MW AUST
2001 03 09 1821 118.271 -31.904 2.0 2.9 MW AUST
2001 03 25 2341 116.036 -28.691 0.0 2.3 MW AUST
2001 03 27 0458 122.408 -32.029 10.0 3.4 MW ISC
2001 03 28 1748 121.163 -33.401 0.0 2.9 MW AGSO
2001 03 29 1928 115.838 -22.340 0.0 3.1 MW AGSO
2001 04 08 1130 118.299 -31.865 3.0 2.1 MW AUST
2001 04 10 1958 118.265 -31.872 0.5 2.6 MW AUST
2001 04 12 1800 115.150 -23.650 1.0 2.8 MW AGSO
2001 04 13 1404 117.998 -33.547 2.0 2.7 MW AUST
2001 04 18 1813 118.381 -31.889 4.0 2.6 MW AUST
2001 04 27 1423 121.779 -32.580 10.0 3.0 MW AGSO
2001 05 04 1207 118.310 -31.960 2.0 2.7 MW AUST
2001 05 21 1119 119.780 -31.984 0.0 3.1 MW AGSO
2001 05 24 0336 118.300 -31.900 2.0 2.5 MW AUST
2001 05 27 2048 118.590 -30.610 1.0 2.7 MW AUST
2001 06 24 1017 119.740 -31.995 0.0 3.0 MW AUST
2001 06 26 2256 119.490 -20.170 10.0 3.2 MW AGSO
2001 06 27 1128 116.000 -28.700 0.0 2.7 MW AUST
2001 07 03 0513 121.790 -28.760 7.0 3.1 MW AGSO
2001 07 10 1355 118.285 -31.897 3.0 2.6 MW AUST
2001 08 11 2308 117.733 -33.706 0.0 2.5 MW AUST
2001 10 29 0859 117.395 -24.947 15.0 3.0 MW ISC
2001 10 30 0932 122.230 -28.770 0.0 2.7 MW AUST
2001 12 05 0725 116.014 -32.069 5.9 2.3 MW AUST
2002 02 02 0034 119.231 -29.317 3.0 2.9 MW AUST
2002 02 18 1414 116.480 -33.542 3.0 2.9 MW AUST
2002 03 14 0352 116.246 -30.075 0.0 2.5 MW AUST
2002 03 14 2223 119.077 -32.061 0.0 2.5 MW AUST
2002 03 17 0109 125.388 -27.539 5.0 3.4 MW AUST
2002 04 15 0930 120.350 -28.084 5.0 2.4 MW AUST
2002 04 19 2312 123.583 -30.671 5.0 3.0 MW AUST
2002 05 05 0952 117.820 -34.030 0.0 2.2 MW AUST
2002 05 11 1450 116.287 -28.666 5.0 2.7 MW AUST
2002 06 11 0953 119.083 -33.353 5.0 2.7 MW AUST
2002 07 10 0339 117.838 -32.601 1.0 2.7 MW AUST
2002 07 15 1029 121.548 -30.642 0.0 2.6 MW AUST
2002 07 24 2048 121.243 -30.382 10.0 3.3 MW AUST
2002 10 02 0629 118.310 -32.780 5.0 2.1 MW AUST
2002 11 10 0517 117.628 -28.627 4.0 2.4 MW AUST
2002 11 29 1304 119.241 -31.402 5.0 2.7 MW AUST
2003 01 27 0740 118.103 -33.543 0.0 2.6 MW AUST
2003 01 27 0930 118.776 -28.990 1.0 2.6 MW AUST
2003 02 26 0328 118.064 -33.580 0.0 2.7 MW AUST
2003 03 14 2139 117.779 -33.405 1.1 2.9 MW AUST
2003 04 15 1916 118.709 -31.196 10.0 3.0 MW AUST
2003 05 01 0249 115.725 -24.596 31.0 2.9 MW AUST
2003 05 25 2228 118.601 -20.310 0.0 3.1 MW AUST
2003 07 18 1319 119.609 -34.372 5.0 3.1 MW AUST
2003 09 27 1317 117.860 -34.046 0.0 2.6 MW AUST
2004 02 11 1935 121.132 -31.129 0.0 3.1 MW AUST
2004 03 24 0627 124.144 -29.849 10.0 3.3 MW AUST
2004 05 10 1244 116.550 -33.172 18.0 2.3 MW AUST
2004 07 28 0951 118.294 -33.593 0.0 2.9 MW AUST
2004 08 23 1309 118.250 -33.595 5.0 2.2 MW AUST
2004 08 28 1055 115.973 -28.667 0.0 2.5 MW AUST
2004 09 16 0901 116.055 -30.489 0.0 2.1 MW AUST
2005 01 04 1325 117.973 -32.390 6.0 2.4 MW AUST
2005 01 27 1729 122.381 -32.467 10.0 3.4 MW AUST
2005 01 31 0736 116.290 -32.511 0.0 2.5 MW AUST
2005 01 31 1322 121.453 -30.806 0.0 2.9 MW AUST
2005 02 09 2242 118.592 -33.866 0.0 2.7 MW AUST
2005 02 18 1757 121.085 -32.827 0.0 3.4 MW AUST
2005 03 06 0537 115.730 -28.097 0.0 2.9 MW AUST
2005 03 08 0933 119.475 -29.848 10.0 2.5 MW AUST
2005 04 14 1717 118.344 -33.507 0.0 3.1 MW AUST
2005 04 18 1353 118.273 -33.614 2.0 3.1 MW AUST
2005 04 21 1129 117.223 -33.293 2.0 2.5 MW AUST
2005 05 04 1845 117.319 -25.932 9.0 3.3 MW AUST
2005 05 17 0312 118.198 -33.613 10.0 2.5 MW AUST
2005 06 14 1123 116.746 -28.756 10.0 2.8 MW AUST
2005 06 15 0200 119.531 -30.046 10.0 2.5 MW AUST
2005 08 30 0433 116.026 -32.046 5.0 1.9 MW AUST
2005 10 17 1812 117.660 -33.440 0.7 2.3 MW AUST
2005 10 27 0459 118.351 -31.266 0.0 2.4 MW AUST
2005 11 18 0737 118.260 -33.457 0.0 2.5 MW AUST
2005 12 14 1220 117.521 -33.155 0.0 2.4 MW AUST
2005 12 19 1740 118.280 -33.314 0.0 2.2 MW AUST
2006 01 22 2015 118.294 -33.378 0.0 2.9 MW AUST
2006 04 14 0927 119.161 -29.957 10.0 2.7 MW AUST
2006 04 25 1840 118.722 -33.203 2.9 2.5 MW AUST
2006 05 13 0141 118.287 -33.623 0.0 2.6 MW AUST
2006 05 14 2102 117.575 -33.659 0.0 2.3 MW AUST
2006 06 03 1750 118.420 -33.949 0.0 2.7 MW AUST
2006 06 13 0233 116.081 -33.300 10.0 2.9 MW MEL
2006 07 04 1608 121.526 -30.779 7.0 3.3 MW AUST
2006 07 18 2152 121.737 -30.443 16.0 2.3 MW AUST
2006 07 29 1930 118.037 -32.779 3.0 2.3 MW AUST
2006 07 30 0115 118.098 -33.641 0.0 2.4 MW AUST
2006 09 11 1841 118.877 -32.382 2.2 2.9 MW AUST
2006 09 22 0424 116.141 -31.869 5.0 1.9 MW AUST
2006 11 28 2151 123.951 -28.561 9.0 3.3 MW AUST
2006 12 07 1058 117.411 -25.188 14.0 3.4 MW AUST
2006 12 10 1634 117.473 -25.085 10.0 3.0 MW AUST
2006 12 21 1210 121.456 -30.731 0.0 3.1 MW AUST
2007 01 05 1208 118.908 -33.246 0.0 2.8 MW AUST
2007 03 08 1212 124.327 -27.993 10.0 2.9 MW AUST
2007 03 30 1752 116.274 -33.390 0.0 2.9 MW AUST
2007 04 09 0806 118.866 -32.334 4.0 2.6 MW AUST
2007 05 13 0417 117.453 -32.843 8.5 2.2 MW AUST
2007 05 15 1430 118.564 -30.544 3.5 2.5 MW AUST
2007 06 13 2315 118.554 -30.557 13.0 2.7 MW AUST
2007 07 10 1345 118.601 -30.517 9.5 2.0 MW AUST
2007 07 26 1852 117.997 -32.672 3.7 2.6 MW AUST
2007 07 27 0024 118.574 -30.569 12.0 2.3 MW AUST
2007 08 14 1221 118.600 -30.530 6.0 2.5 MW AUST
2007 08 26 0034 115.369 -22.145 6.0 3.3 MW AUST
2007 08 28 0239 121.554 -30.778 9.0 2.6 MW AUST
2007 09 30 2109 116.473 -29.699 0.0 2.6 MW AUST
2007 10 13 0643 118.800 -31.000 0.0 2.4 MW AUST
2007 10 19 2252 118.177 -33.275 1.0 3.0 MW AUST
2007 11 03 0100 118.569 -31.194 10.0 2.7 MW AUST
2007 11 12 1326 121.519 -30.699 4.0 3.1 MW AUST
2007 11 20 1411 118.110 -33.868 0.0 2.7 MW AUST
2007 11 26 1005 123.719 -30.127 2.0 3.4 MW AUST
2008 01 13 1616 117.069 -26.650 2.5 3.1 MW AUST
2008 01 17 1603 118.122 -32.863 0.8 2.1 MW AUST
2008 01 18 1040 118.590 -30.534 13.9 3.1 MW AUST
2008 01 18 1650 116.150 -29.215 0.0 2.6 MW AUST
2008 01 19 1224 122.127 -33.016 0.0 3.3 MW AUST
2008 02 08 1741 118.554 -30.591 8.6 2.5 MW AUST
2008 03 20 0224 118.571 -30.516 13.0 2.8 MW AUST
2008 03 21 1603 118.022 -32.724 0.0 2.5 MW AUST
2008 04 07 0458 116.392 -32.717 0.0 2.2 MW AUST
2008 04 08 2350 118.284 -33.674 0.0 2.2 MW AUST
2008 05 01 1352 124.316 -28.028 8.0 3.1 MW AUST
2008 06 12 1143 119.123 -33.024 0.0 2.7 MW AUST
2008 07 02 0240 121.473 -30.739 0.0 3.4 MW AUST
2008 07 06 2145 116.715 -33.866 7.1 2.4 MW AUST
2008 11 09 1529 121.615 -30.611 4.0 2.8 MW AUST
2008 12 15 1652 118.889 -30.409 7.2 3.1 MW AUST
2009 02 11 0802 116.640 -33.390 10.0 2.9 MW AUST
2009 04 03 1531 120.822 -31.973 0.0 2.9 MW AUST
2009 04 07 2126 121.461 -30.785 0.0 3.3 MW AUST
2009 04 28 1906 121.553 -30.644 3.0 3.3 MW AUST
2009 05 20 2205 121.390 -30.856 0.0 2.3 MW AUST
2009 05 26 0509 116.600 -33.470 0.0 2.7 MW AUST
2009 05 31 0547 117.637 -33.524 10.0 2.7 MW AUST
2009 09 06 0035 117.769 -33.521 1.4 2.9 MW AUST
2009 10 30 1436 118.920 -31.108 13.0 2.7 MW AUST
2009 11 06 2249 118.845 -30.358 10.0 2.6 MW AUST
2009 11 14 2124 118.291 -33.213 16.0 2.7 MW AUST
2009 11 22 1205 116.185 -27.216 10.0 2.5 MW AUST
2010 01 06 0836 116.754 -33.395 0.0 2.7 MW AUST
2010 01 14 2135 120.278 -33.147 0.0 2.9 MW AUST
2010 02 14 1014 122.307 -32.506 0.0 3.1 MW AUST
2010 06 04 1056 121.385 -30.726 0.0 2.9 MW AUST
2010 06 06 1025 116.127 -28.674 0.0 2.5 MW AUST
2010 06 06 1829 121.487 -30.844 0.0 2.9 MW AUST
2010 06 11 1829 118.869 -32.600 9.1 2.6 MW AUST
2010 06 16 2259 121.776 -30.567 5.0 2.5 MW AUST
2010 06 19 1809 116.171 -28.704 0.0 2.7 MW AUST
2010 06 23 0330 121.494 -30.776 0.0 2.8 MW AUST
2010 06 25 0858 115.793 -28.090 0.0 2.8 MW AUST
2010 07 05 1434 118.336 -24.916 0.0 2.9 MW AUST
2010 07 14 1727 116.219 -28.709 0.0 2.5 MW AUST
2010 07 15 0505 118.011 -33.048 0.0 2.4 MW AUST
2010 07 15 1359 119.454 -33.905 10.0 2.9 MW AUST
2010 07 16 0435 116.253 -32.207 0.0 2.4 MW AUST
2010 07 21 0546 117.553 -34.410 10.0 2.5 MW AUST
2010 07 26 1838 121.343 -30.911 0.0 3.1 MW AUST
2010 07 29 0451 118.204 -32.621 4.5 2.7 MW AUST
2010 07 29 1248 118.176 -32.765 0.0 2.8 MW AUST
2010 08 05 1226 116.086 -28.695 0.0 2.6 MW AUST
2010 08 18 0237 117.804 -33.636 0.0 2.3 MW AUST
2010 08 18 2054 117.219 -25.345 0.7 3.2 MW AUST
2010 08 19 1411 116.112 -28.715 0.0 2.6 MW AUST
2010 08 21 0512 118.701 -31.258 4.8 2.7 MW AUST
2010 08 23 0503 116.110 -28.683 0.0 2.6 MW AUST
2010 08 26 1108 121.148 -21.221 0.0 3.2 MW AUST
