1967 04 03 0440 126.320 -12.200 18.0 4.8 mb ISC
1983 05 29 1938 126.619 -12.221 33.0 4.9 mb ISC
1988 11 30 1429 127.970 -10.055 183.0 4.1 mb USGS
1989 01 24 0458 128.725 -10.658 147.0 4.6 mb ISC
1990 10 09 1816 128.895 -14.286 5.0 3.3 ML MGO
1995 06 18 0745 126.380 -11.116 150.0 4.2 mL ISC
1995 12 10 1251 123.248 -14.281 5.0 3.3 ML ISC
1996 01 13 1919 129.327 -10.342 626.0 4.1 mb ISC
1996 04 02 0355 127.890 -10.600 64.0 3.5 ML EIDC
1996 04 30 1358 128.803 -11.753 33.0 3.5 mb ISC
1996 05 28 0126 128.573 -10.213 67.0 4.0 mb ISC
1996 08 16 1158 127.206 -11.901 33.0 3.6 mb ISC
1997 02 02 1936 124.073 -13.884 33.0 3.8 mb ISC
1998 03 29 2006 129.278 -14.280 10.0 4.0 ML AGSO
1998 04 29 2314 128.115 -11.481 0.0 3.1 ML EIDC
1998 05 25 0503 123.827 -13.827 0.0 3.3 ML EIDC
1998 10 15 0404 126.907 -11.718 33.0 3.9 mb ISC
1998 11 10 0158 128.966 -13.794 0.0 3.3 mL EIDC
1998 11 13 2352 129.120 -13.740 0.0 3.1 ML EIDC
1998 12 05 2311 129.746 -10.275 560.0 3.3 mb EIDC
1999 02 25 2252 129.119 -10.468 0.0 3.3 ML EIDC
1999 05 19 2331 127.880 -13.730 5.0 3.0 ML MGO
1999 07 27 0548 127.860 -13.710 5.0 3.0 ML MGO
2000 10 15 0827 128.902 -12.370 28.0 4.1 mb ISC
2000 10 21 1052 129.288 -13.802 19.0 3.3 ML AGSO
2001 02 17 1300 129.194 -13.077 0.0 3.6 ML IDC
2001 08 06 1421 128.803 -10.044 90.0 3.2 ML IDC
2001 11 23 1407 126.311 -12.499 33.0 3.6 mb ISC
2004 03 31 1322 128.200 -10.007 33.0 3.5 mb ISC
2004 04 02 2222 128.185 -11.851 0.0 3.7 ML IDC
2006 02 22 0842 128.384 -10.382 35.0 3.3 mb ISC
2008 02 06 0646 129.644 -13.402 6.7 4.2 ML AUST
2008 09 20 1929 128.700 -12.870 0.0 4.2 ML IDC
2009 12 20 0856 128.380 -10.100 0.0 3.0 ML IDC
2010 09 02 0725 129.351 -14.310 0.0 3.1 ML AUST
2010 12 02 0837 128.614 -14.786 0.0 3.0 ML IDC
2010 12 21 1500 127.327 -13.115 10.0 3.5 ML AUST
2011 05 11 2034 125.207 -12.614 0.0 3.2 mb IDC
2012 05 11 1827 128.104 -10.582 116.0 4.5 mb USGS
2016 01 01 1946 129.230 -13.891 15.0 3.2 ML AUST
