1960 12 16 0007 151.670 -34.430 0.0 3.5 MW CAN
1961 06 03 2018 152.100 -33.200 0.0 2.7 MW CAN
1961 12 10 0145 151.620 -34.020 0.0 3.4 MW CAN
1973 03 01 0004 152.120 -33.780 0.0 3.5 MW CAN
1975 06 06 0500 151.480 -34.500 7.0 3.5 MW CAN
1961 10 13 0844 152.300 -33.800 0.0 2.8 MW CAN
1962 02 14 0304 151.220 -35.050 0.0 3.2 MW CAN
1975 07 29 2311 151.730 -34.000 0.0 3.5 MW CAN
1961 11 04 0451 151.000 -35.500 0.0 2.7 MW CAN
1968 05 06 0645 151.710 -33.660 3.0 3.0 MW CAN
1978 01 23 0712 151.420 -34.150 0.0 3.8 MW CAN
1969 05 21 2111 151.850 -33.220 2.0 3.4 MW CAN
1961 11 10 0744 152.000 -33.500 0.0 2.4 MW CAN
1961 11 17 0335 152.300 -33.800 0.0 2.5 MW CAN
1969 07 02 0121 151.350 -34.610 5.0 3.4 MW CAN
1982 09 09 0428 152.169 -33.706 2.6 4.0 MW MEL
1969 09 19 0216 151.420 -34.250 0.0 3.0 MW CAN
1982 12 25 1648 151.900 -33.000 0.0 3.5 MW CAN
1961 12 04 2144 152.000 -33.300 0.0 2.4 MW CAN
1971 05 10 0342 151.840 -33.880 13.0 3.0 MW CAN
1962 01 25 0149 151.020 -34.770 0.0 2.8 MW CAN
1975 02 06 0220 151.730 -34.380 0.0 3.0 MW CAN
1962 11 29 0137 151.330 -35.330 0.0 2.9 MW CAN
1964 05 27 0315 151.230 -34.420 0.0 2.4 MW CAN
1964 06 16 0701 151.080 -34.750 0.0 2.4 MW CAN
1975 10 25 1341 151.030 -35.440 5.0 3.0 MW CAN
1967 10 15 1811 150.620 -35.630 0.0 2.5 MW CAN
1977 11 13 1836 151.500 -33.850 0.0 3.1 MW CAN
1978 05 03 0335 151.050 -34.990 16.0 3.2 MW CAN
1968 09 15 1122 151.470 -33.880 12.0 2.9 MW CAN
1978 12 11 0231 151.690 -33.890 21.0 3.4 MW CAN
1979 01 10 1606 151.820 -33.850 0.0 3.0 MW CAN
1969 08 25 0141 151.230 -35.500 0.0 2.7 MW CAN
1979 02 26 0821 151.770 -34.580 0.0 3.3 MW CAN
1979 09 20 0109 151.320 -35.220 12.0 3.1 MW CAN
1970 04 08 0218 151.170 -35.370 0.0 2.8 MW CAN
1980 10 08 1002 151.450 -35.050 0.0 3.1 MW CAN
1981 01 07 2110 150.660 -35.770 28.0 3.3 MW CAN
1970 06 06 0316 151.000 -34.900 0.0 2.9 MW CAN
1970 06 08 0734 150.860 -35.440 0.0 2.7 MW CAN
1981 05 28 1150 150.620 -35.680 34.0 3.1 MW CAN
1981 06 27 0422 150.650 -35.600 0.0 3.0 MW CAN
1971 08 02 0428 150.880 -35.650 0.0 2.7 MW CAN
1982 07 13 0930 152.000 -34.250 0.0 3.2 MW CAN
1972 11 03 0007 150.600 -35.680 0.0 2.9 MW CAN
1972 11 21 0738 151.410 -34.080 11.0 2.7 MW CAN
1973 01 18 0338 151.130 -35.070 0.0 2.8 MW CAN
1983 02 09 0429 151.760 -33.830 0.0 3.2 MW CAN
1988 09 29 1610 151.523 -34.395 10.0 3.1 MW BMR
1993 10 11 1149 152.316 -33.878 13.2 3.0 MW MEL
1973 03 12 0248 151.050 -34.580 0.0 2.5 MW CAN
1998 11 06 1912 151.446 -34.270 16.0 3.0 MW MEL
1973 04 17 0222 151.470 -35.070 0.0 2.9 MW CAN
1999 08 18 0014 152.263 -33.878 10.0 3.2 MW MEL
1973 07 30 0505 151.250 -34.820 0.0 2.5 MW CAN
1975 06 26 0533 151.180 -35.220 0.0 2.9 MW CAN
1976 03 16 1520 150.870 -35.880 0.0 2.8 MW CAN
1976 05 13 0357 151.140 -35.640 6.0 2.8 MW CAN
1976 06 30 0214 151.000 -35.820 0.0 2.7 MW CAN
1977 04 15 1340 151.170 -35.130 0.0 2.5 MW CAN
1977 10 18 2106 150.990 -35.030 23.0 2.9 MW CAN
1978 03 22 0300 151.530 -33.970 0.0 2.9 MW CAN
1978 12 13 1937 150.800 -35.810 15.0 2.8 MW CAN
1978 12 20 0411 151.000 -34.650 14.0 2.3 MW CAN
1979 10 03 0112 150.970 -35.030 16.0 2.3 MW CAN
1980 06 25 1222 151.230 -35.020 0.0 2.9 MW CAN
1981 10 13 1219 150.640 -35.740 0.0 2.9 MW CAN
1982 02 27 1518 150.770 -35.800 24.0 2.9 MW CAN
1982 04 30 1611 150.810 -35.840 25.0 2.9 MW CAN
1985 05 06 1505 151.210 -34.810 16.0 2.9 MW CAN
1985 07 29 1434 151.040 -34.800 18.0 2.9 MW CAN
1986 05 20 0958 151.070 -35.050 12.0 2.3 MW CAN
1987 03 12 1119 150.750 -35.700 0.0 2.7 MW CAN
1994 01 20 1226 151.560 -33.911 17.0 1.9 MW MEL
1994 02 22 0048 151.016 -35.561 10.0 2.4 MW MEL
1995 09 06 0953 151.383 -34.404 9.0 2.2 MW MEL
1996 02 13 0336 151.119 -35.648 16.9 2.5 MW MEL
1999 05 04 2351 152.469 -33.088 7.0 2.8 MW MEL
2000 07 25 0829 151.313 -34.310 15.6 2.8 MW MEL
2001 02 13 1241 150.916 -35.773 9.5 2.8 MW MEL
2001 12 26 0208 151.570 -34.116 10.0 2.7 MW MEL
2003 05 27 0417 151.673 -33.861 10.0 2.6 MW MEL
2004 01 14 1412 151.333 -35.083 10.0 2.2 MW MEL
2004 03 19 0128 151.073 -34.658 10.0 1.9 MW MEL
2004 10 29 1953 151.400 -34.452 10.0 2.3 MW MEL
2006 05 10 1458 151.423 -33.879 10.0 2.5 MW MEL
2008 02 26 2237 151.498 -33.801 0.0 2.5 MW AUST
2010 04 05 1711 151.191 -35.337 10.0 2.3 MW MEL
