1888 07 05 2015 149.100 -34.800  10.0 4.67 MW KMcC
1934 11 18 2158 149.200 -34.800  10.0 4.81 MW KMcC
1907 02 20 1730 149.200 -34.800   5.0 3.49 MW KMcC
1959 05 29 1118 149.350 -34.840   2.0 3.40 MW CAN
1958 10 03 1944 149.370 -34.670   0.0 2.80 MW CAN
1959 12 22 0428 149.300 -34.600   2.0 2.81 MW CAN
1960 08 14 1309 149.190 -34.760   0.0 3.13 MW CAN
1960 08 01 0600 148.960 -34.620   0.0 2.77 MW CAN
1960 10 23 0250 149.180 -34.760   0.0 2.99 MW CAN
1960 08 06 2211 149.080 -34.710   0.0 2.79 MW CAN
1960 11 18 0713 149.110 -34.630   0.0 2.99 MW CAN
1961 01 15 0739 149.380 -34.930   2.0 2.82 MW CAN
1961 04 12 2216 149.280 -34.670  12.0 2.83 MW CAN
1960 09 29 1256 149.100 -34.730   0.0 2.79 MW CAN
1961 05 15 1043 149.260 -34.780   0.0 2.86 MW CAN
1961 07 10 2306 149.310 -34.870   7.0 2.84 MW CAN
1961 07 26 0806 149.230 -34.800  27.0 3.22 MW CAN
1961 08 21 1627 149.260 -34.770   7.0 3.22 MW CAN
1961 10 11 0257 149.290 -34.830  16.0 2.85 MW CAN
1961 10 18 0306 149.370 -34.870  10.0 3.05 MW CAN
1961 10 29 1126 149.200 -34.750   4.0 3.08 MW CAN
1961 11 26 2253 149.340 -34.820   6.0 2.85 MW CAN
1961 12 18 1644 149.300 -34.800   0.0 2.86 MW CAN
1962 01 17 1954 149.100 -34.700   0.0 2.84 MW CAN
1962 03 23 1411 149.200 -34.790   2.0 2.83 MW CAN
1962 03 27 2048 149.150 -34.740   4.0 2.85 MW CAN
1962 04 03 0541 149.110 -34.690   0.0 3.05 MW CAN
1962 06 22 0403 149.200 -34.800   0.0 3.04 MW CAN
1962 07 28 0857 149.200 -34.800   0.0 2.83 MW CAN
1962 08 26 1145 149.400 -34.830   0.0 3.06 MW CAN
1962 08 28 1934 149.180 -34.550   4.0 3.21 MW CAN
1962 09 08 0504 149.210 -34.760  13.0 2.85 MW CAN
1963 09 02 1901 149.270 -34.870   4.0 2.85 MW CAN
1964 01 02 0001 149.240 -34.790   4.0 3.05 MW CAN
1964 01 15 0156 149.300 -34.840   3.0 3.19 MW CAN
1964 05 14 0234 149.110 -34.710   0.0 3.03 MW CAN
1964 11 09 1401 149.330 -34.530  35.0 3.08 MW CAN
1965 01 01 2123 149.210 -34.810   1.0 2.85 MW CAN
1965 01 25 0312 149.230 -34.830  11.0 2.85 MW CAN
1965 01 25 0856 149.270 -34.860   6.0 2.84 MW CAN
1965 02 11 0831 149.260 -34.840   6.0 2.97 MW CAN
1965 03 28 0524 149.190 -34.760   0.0 2.84 MW CAN
1965 05 30 2110 149.200 -34.730   5.0 3.34 MW CAN
1965 06 13 1601 149.100 -34.720   0.0 3.04 MW CAN
1965 08 08 0420 149.140 -34.750  13.0 2.84 MW CAN
1965 08 08 1148 149.170 -34.750   7.0 2.84 MW CAN
1965 09 04 1705 149.360 -34.700   4.0 3.20 MW CAN
1965 09 07 2358 149.210 -34.730   2.0 3.20 MW CAN
1965 09 08 0008 149.170 -34.720   0.0 3.18 MW CAN
1965 09 30 2031 149.270 -34.710   7.0 3.05 MW CAN
1965 10 12 2207 149.230 -34.740   2.0 2.85 MW CAN
1965 10 18 1111 149.170 -34.830   5.0 3.07 MW CAN
1965 12 03 1517 149.280 -34.690   0.0 2.84 MW CAN
1965 12 30 2032 149.130 -34.800  24.0 2.86 MW CAN
1966 01 03 1626 149.380 -34.680   0.0 2.84 MW CAN
1966 02 19 1112 149.250 -34.820  13.0 3.20 MW CAN
1966 03 27 0018 149.260 -34.810   7.0 3.20 MW CAN
1966 04 29 1344 149.220 -34.650   5.0 2.83 MW CAN
1966 09 17 0840 149.190 -34.750  10.0 2.84 MW CAN
1966 09 28 2342 149.350 -34.760  10.0 2.87 MW CAN
1966 11 06 0849 149.250 -34.810  11.0 2.85 MW CAN
1967 06 07 2055 149.210 -34.860   2.0 3.05 MW CAN
1967 07 04 0529 149.170 -34.750  17.0 2.85 MW CAN
1967 09 27 0003 149.220 -34.850  10.0 2.85 MW CAN
1967 12 15 0116 149.340 -34.900   9.0 2.84 MW CAN
1968 02 25 1028 149.320 -34.700   1.0 2.85 MW CAN
1968 09 01 0128 149.330 -35.000   0.0 2.85 MW CAN
1968 11 11 0842 149.350 -34.870   0.0 3.19 MW CAN
1969 01 11 0132 149.200 -34.770   8.0 3.05 MW CAN
1969 05 12 2201 149.290 -34.570   3.0 2.83 MW CAN
1969 05 14 0431 149.260 -34.530   6.0 2.83 MW CAN
1969 09 25 0546 149.133 -34.733   0.0 2.84 MW CAN
1969 10 15 1551 149.230 -34.560   5.0 3.04 MW CAN
1970 09 06 1940 149.320 -34.680   7.0 2.99 MW CAN
1970 10 21 1121 149.190 -34.790   7.0 3.20 MW CAN
1971 09 21 0015 149.080 -34.590  10.0 3.06 MW CAN
1972 02 19 1107 149.360 -34.900   8.0 2.98 MW CAN
1973 01 08 2247 149.336 -34.889   2.0 2.85 MW BMR
1973 06 21 0220 149.180 -34.780   0.0 2.92 MW CAN
1973 06 21 0334 149.180 -34.780   0.0 2.92 MW CAN
1973 08 07 0505 149.120 -34.700   2.0 2.84 MW CAN
1973 09 06 0827 149.210 -34.760   0.0 2.84 MW CAN
1973 09 07 2347 149.040 -34.670   2.0 2.84 MW CAN
1973 12 27 1519 149.150 -34.630   0.0 2.97 MW CAN
1974 03 22 1737 149.190 -34.746   4.0 3.20 MW BMR
1974 06 11 2036 149.210 -34.730   5.0 2.85 MW CAN
1974 07 20 2305 149.140 -34.760   6.0 3.35 MW CAN
1975 01 27 2014 149.230 -34.790   3.0 2.83 MW CAN
1975 05 21 1426 149.220 -34.760   3.0 2.83 MW CAN
1975 05 22 0056 149.220 -34.550   0.0 2.83 MW CAN
1975 06 03 1708 149.220 -34.770   6.0 2.83 MW CAN
1975 06 06 1642 149.240 -34.770   7.0 2.83 MW CAN
1975 08 04 1717 149.194 -34.784   1.0 3.27 MW BMR
1976 07 17 0006 149.190 -34.760  13.0 2.84 MW CAN
1976 11 23 0619 149.186 -34.780   1.0 3.26 MW BMR
1977 04 05 1031 149.185 -34.743   1.0 3.34 MW BMR
1979 01 18 0508 149.230 -34.740  14.0 3.20 MW CAN
1979 02 03 1633 149.170 -34.780  14.0 3.20 MW CAN
1980 02 24 0552 149.200 -34.780  16.0 3.12 MW CAN
1980 05 02 2225 149.240 -34.580  13.0 3.05 MW CAN
1980 08 27 0302 149.230 -34.580  15.0 2.98 MW CAN
1980 08 31 0430 149.210 -34.580  13.0 2.98 MW CAN
1980 09 14 0219 149.230 -34.590  14.0 2.91 MW CAN
1980 09 15 0017 149.150 -34.520  20.0 3.20 MW CAN
1980 10 02 0234 149.240 -34.590   0.0 2.91 MW CAN
1980 12 23 0003 149.240 -34.590   8.0 3.20 MW CAN
1981 01 11 1813 149.240 -34.590  16.0 3.20 MW CAN
1981 01 30 1119 149.230 -34.580  10.0 3.12 MW CAN
1981 02 02 0417 149.180 -34.760   8.0 2.83 MW CAN
1981 04 11 1047 149.240 -34.570  14.0 2.84 MW CAN
1981 11 08 1039 149.220 -34.600  11.0 2.98 MW CAN
1982 06 24 0314 149.180 -34.770  16.0 2.98 MW CAN
1982 07 30 2317 149.370 -34.920  15.0 2.91 MW CAN
1982 08 13 1226 149.210 -34.750  17.0 2.91 MW CAN
1982 09 29 1321 149.250 -34.570  16.0 3.20 MW CAN
1982 12 13 1455 149.220 -34.740  15.0 2.84 MW CAN
1983 04 29 0755 149.190 -34.740  17.0 3.05 MW CAN
1983 06 17 1545 149.230 -34.600  15.0 3.27 MW CAN
1983 06 18 0050 149.180 -34.730   0.0 2.84 MW CAN
1983 09 27 0449 149.180 -34.770   0.0 3.04 MW CAN
1983 11 29 0949 149.240 -34.600  14.0 3.27 MW CAN
1983 12 04 0449 149.170 -34.750  11.0 2.84 MW CAN
1984 02 08 1956 149.290 -34.910  12.0 3.19 MW CAN
1984 03 14 0453 149.290 -34.690  14.0 3.20 MW CAN
1984 05 18 0600 149.260 -34.700   0.0 2.84 MW CAN
1984 07 20 2118 149.330 -34.600   0.0 2.91 MW CAN
1985 02 21 0917 149.160 -34.800   0.0 2.91 MW CAN
1985 02 25 1443 149.170 -34.780   0.0 2.90 MW CAN
1985 03 09 1214 149.170 -34.780   8.0 3.26 MW CAN
1985 03 24 0316 149.190 -34.770  14.0 3.19 MW CAN
1985 04 05 0815 149.180 -34.770  14.0 3.34 MW CAN
1985 05 12 0055 149.240 -34.860  16.0 3.06 MW CAN
1985 05 26 0458 149.350 -34.940   9.0 3.19 MW CAN
1985 07 21 1517 149.230 -34.600   9.0 2.98 MW CAN
1985 08 25 0101 149.120 -34.800  18.0 3.05 MW CAN
1985 11 06 2138 149.220 -34.780   1.0 3.04 MW CAN
1986 01 07 1006 149.190 -34.790  15.0 3.26 MW CAN
1986 07 29 1442 149.162 -34.780   4.0 2.90 MW BMR
1987 06 26 2328 149.197 -34.755   4.0 3.26 MW BMR
1987 10 19 0629 149.340 -34.900   5.0 2.91 MW CAN
1989 08 03 0013 149.185 -34.743   5.0 2.84 MW BMR
1989 11 14 0830 149.176 -34.750   5.0 3.33 MW BMR
1995 11 05 1326 149.186 -34.761   5.3 2.73 MW MEL
1995 11 07 0712 149.197 -34.756   2.6 2.73 MW MEL
1997 05 29 1740 149.168 -34.754   0.1 2.73 MW MEL
1997 09 04 2108 149.178 -34.767  10.5 2.80 MW MEL
1997 09 04 2110 149.191 -34.752   2.0 2.80 MW MEL
2000 04 01 1059 149.300 -34.688   1.5 2.71 MW MEL
2001 12 25 1850 149.164 -34.731  10.0 2.74 MW MEL
