1898 12 20 0535 144.500 -36.600 5.0 3.4 MW RobUnd
1969 10 05 0544 144.730 -35.750 4.0 3.5 MW CAN
1970 06 20 1834 144.820 -35.980 0.0 3.5 MW CAN
1966 09 05 1757 144.522 -36.230 17.0 3.4 MW CAN
1975 03 07 1131 144.510 -36.840 10.0 3.2 MW BMR
1974 04 16 0623 144.760 -35.890 0.0 2.8 MW BMR
1976 09 08 2146 144.830 -35.778 15.0 3.4 MW MEL
1975 06 02 2311 144.510 -36.840 10.0 2.5 MW BMR
1985 05 23 1114 144.587 -36.937 6.8 3.0 MW MEL
1989 08 25 1509 144.588 -36.184 21.4 3.3 MW MEL
1976 09 25 0500 144.746 -36.070 10.0 2.7 MW MEL
1976 11 01 1603 144.516 -37.087 19.1 2.1 MW MEL
1977 01 09 1307 144.576 -36.535 5.1 1.9 MW MEL
1977 04 28 1631 144.815 -37.086 9.4 2.5 MW MEL
1977 08 17 1516 144.741 -37.113 10.3 2.2 MW MEL
1977 10 08 0523 144.723 -36.803 10.0 2.3 MW MEL
1977 11 08 1825 144.784 -36.576 18.2 2.9 MW MEL
1978 01 24 0938 144.485 -36.960 6.5 2.2 MW MEL
1978 04 06 0415 144.540 -36.747 0.0 2.1 MW MEL
1978 11 08 1553 144.841 -37.053 11.4 1.9 MW MEL
1978 12 11 0148 144.674 -36.819 7.4 2.0 MW MEL
1978 12 27 0002 144.626 -37.074 17.6 2.1 MW MEL
1979 03 02 2255 144.784 -35.990 2.6 2.5 MW MEL
1979 05 02 0531 144.875 -35.940 9.1 2.4 MW MEL
1979 05 19 0819 144.782 -37.001 8.7 1.9 MW MEL
1979 08 18 0811 144.611 -36.800 7.5 2.4 MW MEL
1979 09 25 2137 144.474 -37.010 2.1 2.0 MW MEL
1980 02 25 1209 144.744 -36.721 1.6 2.0 MW MEL
1980 05 30 1434 144.774 -36.703 2.4 2.4 MW MEL
1980 06 21 0621 144.790 -37.067 9.7 1.9 MW MEL
1980 09 02 1148 144.882 -35.815 10.5 2.2 MW MEL
1980 09 28 1541 144.715 -37.118 2.0 2.0 MW MEL
1981 01 09 1536 144.622 -37.029 0.0 2.4 MW MEL
1981 01 22 0904 144.799 -37.106 2.5 1.8 MW MEL
1981 07 11 1156 144.763 -36.522 1.8 2.8 MW MEL
1981 08 16 0059 144.729 -37.089 6.2 2.1 MW MEL
1982 01 01 2310 144.749 -36.550 6.5 2.5 MW MEL
1982 03 29 2258 144.629 -36.946 1.9 2.3 MW MEL
1982 06 14 0431 144.645 -37.222 16.4 2.9 MW MEL
1982 06 21 2328 144.890 -37.369 6.4 1.9 MW MEL
1982 12 01 1923 144.553 -36.187 7.7 2.1 MW MEL
1982 12 27 0119 144.736 -35.947 17.2 2.2 MW MEL
1983 01 06 0334 144.880 -35.934 1.5 2.7 MW MEL
1983 03 17 1647 144.760 -36.557 15.5 1.9 MW MEL
1983 10 25 1658 144.568 -36.975 6.2 2.2 MW MEL
1983 11 22 0127 144.768 -36.643 9.4 2.1 MW MEL
1983 12 16 0459 144.520 -36.749 5.0 2.2 MW MEL
1984 04 30 1644 144.889 -37.331 11.2 2.0 MW MEL
1984 05 04 1235 144.673 -36.209 2.0 1.9 MW MEL
1985 06 06 1057 144.654 -36.743 0.1 2.0 MW MEL
1985 07 31 0932 144.887 -35.891 8.3 2.2 MW MEL
1985 08 10 2034 144.801 -36.619 11.1 2.4 MW MEL
1985 08 23 0554 144.530 -36.803 2.6 2.1 MW MEL
1985 09 23 0727 144.515 -36.736 4.7 2.1 MW MEL
1986 01 21 1558 144.848 -35.799 7.9 2.2 MW MEL
1986 02 01 2115 144.825 -35.922 4.9 2.4 MW MEL
1986 05 08 0417 144.763 -36.463 5.3 2.4 MW MEL
1986 06 24 1002 144.597 -36.506 5.1 1.9 MW MEL
1986 10 07 1520 144.922 -35.798 3.7 2.4 MW MEL
1986 11 11 1355 144.918 -35.832 2.0 2.1 MW MEL
1986 12 31 1518 144.742 -36.311 0.0 2.3 MW MEL
1987 11 14 1147 144.589 -35.854 5.8 2.2 MW MEL
1988 01 13 1740 144.813 -37.010 3.6 1.9 MW MEL
1988 05 18 0548 144.892 -37.383 5.8 1.9 MW MEL
1988 05 19 0206 144.889 -37.382 11.5 2.1 MW MEL
1988 07 26 0926 144.772 -36.754 3.6 2.1 MW MEL
1988 08 14 0649 144.717 -36.229 0.7 2.5 MW MEL
1988 08 14 0652 144.755 -36.374 15.0 1.9 MW MEL
1988 08 22 1224 144.596 -35.852 5.5 2.1 MW MEL
1989 02 25 2018 144.894 -37.161 10.0 2.1 MW MEL
1989 08 08 1147 144.726 -37.069 0.0 2.1 MW MEL
1989 08 14 0311 144.682 -36.707 16.3 1.9 MW MEL
1990 03 07 0659 144.728 -36.703 10.8 2.6 MW MEL
1990 06 19 2126 144.597 -37.120 8.5 2.0 MW MEL
1990 08 12 1151 144.622 -36.924 8.5 1.9 MW MEL
1990 09 01 1208 144.577 -37.285 4.5 2.3 MW MEL
1990 12 24 1513 144.514 -36.172 1.5 2.0 MW MEL
1991 02 27 2000 144.552 -36.984 8.5 1.9 MW MEL
1991 04 21 1316 144.594 -35.861 1.7 2.0 MW MEL
1991 06 17 1640 144.749 -36.579 3.6 2.4 MW MEL
1991 07 18 0857 144.512 -36.937 9.0 2.0 MW MEL
1991 10 10 1416 144.700 -36.964 3.6 2.3 MW MEL
1991 10 11 1443 144.700 -36.960 5.6 2.4 MW MEL
1991 11 16 0725 144.541 -36.960 3.6 1.9 MW MEL
1991 12 02 1539 144.835 -35.834 0.0 2.1 MW MEL
1991 12 23 2310 144.877 -35.935 4.9 2.0 MW MEL
1991 12 24 1709 144.840 -35.774 4.0 2.4 MW MEL
1991 12 26 1607 144.851 -35.916 5.0 2.3 MW MEL
1992 04 19 1859 144.619 -36.200 10.0 1.9 MW MEL
1992 06 15 0315 144.854 -37.093 4.6 2.0 MW MEL
1992 07 07 0941 144.895 -37.312 8.9 2.0 MW MEL
1992 09 03 0627 144.490 -36.851 10.0 1.9 MW MEL
1992 11 25 0953 144.768 -36.673 2.4 1.9 MW MEL
1992 12 09 0342 144.838 -35.878 17.2 2.3 MW MEL
1993 03 04 0444 144.487 -36.528 10.0 2.1 MW MEL
1993 04 02 0536 144.704 -36.744 3.6 2.0 MW MEL
1994 06 18 1333 144.777 -36.149 10.0 1.8 MW MEL
1994 09 08 0709 144.568 -36.454 10.0 1.8 MW MEL
1994 11 04 1533 144.876 -37.370 10.7 2.1 MW MEL
1995 02 22 0254 144.696 -36.605 10.0 2.2 MW MEL
1995 12 06 0013 144.493 -36.862 0.0 2.4 MW MEL
1996 06 16 0815 144.584 -36.577 2.5 2.4 MW MEL
1996 06 17 1557 144.903 -37.364 8.5 1.9 MW MEL
1996 06 22 1527 144.609 -36.474 10.6 2.1 MW MEL
1996 06 26 1740 144.662 -37.192 10.0 1.8 MW MEL
1997 01 16 1559 144.532 -36.637 3.6 2.2 MW MEL
1999 04 17 1613 144.474 -36.671 1.2 2.5 MW MEL
1999 06 19 2202 144.685 -35.928 11.3 2.3 MW MEL
2000 02 05 2235 144.657 -36.985 10.0 2.1 MW MEL
2000 03 11 1501 144.713 -36.308 23.3 2.8 MW MEL
2001 02 11 0700 144.527 -37.081 10.0 2.1 MW MEL
2001 03 20 0758 144.713 -36.771 3.8 2.3 MW MEL
2001 03 29 1421 144.664 -37.149 8.7 2.0 MW MEL
2001 04 05 1050 144.667 -37.146 8.5 2.3 MW MEL
2001 06 03 1621 144.518 -36.978 11.0 2.6 MW AUST
2001 09 07 0926 144.523 -37.021 0.0 2.1 MW MEL
2001 09 18 2314 144.532 -37.013 0.0 1.9 MW MEL
2002 04 06 0829 144.502 -36.569 8.6 2.6 MW MEL
2002 05 05 0726 144.510 -37.011 6.4 2.3 MW MEL
2002 07 29 0013 144.475 -36.717 10.0 2.3 MW MEL
2002 12 18 2125 144.479 -36.958 10.0 2.2 MW MEL
2003 11 07 2149 144.597 -36.555 10.0 2.3 MW MEL
2005 01 10 2348 144.556 -36.128 10.0 2.3 MW MEL
2005 07 05 1238 144.718 -36.722 3.6 2.2 MW MEL
2007 04 26 1116 144.574 -36.866 6.1 2.2 MW GG
2008 06 21 0105 144.790 -35.965 3.7 2.1 MW MEL
2010 03 20 0011 144.735 -36.723 2.9 2.7 MW MEL
2010 05 18 1001 144.735 -36.169 7.3 2.1 MW MEL
