1910 12 04 1100 140.000 -10.000 0.0 6.8 MW ABE
1941 06 27 0755 137.340 -25.950 0.0 6.4 MW BMR
1960 01 02 0926 138.620 -11.910 0.0 5.4 MW BMR
1963 03 14 0157 137.500 -25.700 10.0 4.6 MW USCGS
1968 06 13 0644 131.183 -20.973 33.0 4.3 MW USCGS
1968 06 25 0853 137.474 -25.974 33.0 4.5 MW USCGS
1972 05 05 1044 142.550 -12.920 0.0 4.6 MW UQ
1972 08 28 0218 136.326 -24.992 13.4 5.3 MW EHB
1973 01 26 0441 138.350 -25.510 0.0 3.9 MW BMR
1976 11 19 1937 137.547 -25.838 8.1 3.6 MW ADE
1977 04 08 1657 137.460 -25.925 13.7 3.5 MW ADE
1978 11 25 1321 137.460 -25.880 0.0 4.3 MW BMR
1980 02 09 1433 138.828 -28.822 17.7 3.2 MW ADE
1980 11 18 0549 143.200 -18.200 nan 3.5 MW BRS
1981 09 04 1227 136.628 -25.178 15.1 3.2 MW ADE
1983 02 03 1745 137.612 -25.946 9.0 3.0 MW ADE
1983 05 18 0036 137.630 -25.741 10.0 3.9 MW MEL
1983 06 07 0616 125.581 -15.009 10.0 3.9 MW ISC
1983 09 14 2051 130.320 -11.290 10.0 3.1 MW AUST
1983 11 21 0304 138.099 -25.749 0.0 3.5 MW BMR
1983 11 28 1346 136.375 -24.989 20.0 3.7 MW BMR
1984 01 16 0225 133.400 -22.100 0.0 3.0 MW BMR
1984 02 08 2250 134.800 -11.400 15.0 3.9 MW AUST
1984 03 12 0524 133.200 -11.800 nan 3.2 MW AUST
1984 03 16 0345 123.344 -15.003 37.0 4.9 MW ISC
1984 04 18 1220 132.190 -21.260 0.0 3.1 MW BMR
1984 04 24 0911 135.600 -12.400 nan 3.2 MW AUST
1984 08 07 2051 127.320 -15.550 0.0 3.5 MW BMR
1984 10 14 0047 137.492 -26.787 10.4 3.2 MW ADE
1984 10 16 1357 131.630 -10.350 10.0 3.3 MW AUST
1985 02 13 2121 130.680 -20.170 0.0 3.7 MW BMR
1985 04 12 0318 130.140 -14.750 10.0 3.8 MW AUST
1985 08 06 1842 137.010 -25.120 0.0 3.2 MW AUST
1985 08 06 1843 137.200 -24.800 nan 3.2 MW BMR
1985 09 10 1157 130.240 -18.050 33.0 4.9 MW ISC
1985 11 24 0926 124.640 -15.910 33.0 4.2 MW MGO
1986 05 02 2224 137.543 -25.957 5.0 3.8 MW AUST
1986 11 07 2153 139.860 -24.796 17.5 3.2 MW ADE
1986 12 02 1713 132.549 -19.617 23.0 4.1 MW BMR
1987 01 01 1209 137.562 -27.777 0.0 3.0 MW ADE
1987 05 11 0311 135.820 -13.760 0.0 3.2 MW AUST
1987 05 13 0645 131.430 -16.530 5.0 3.1 MW BMR
1987 07 15 0606 136.060 -13.550 0.0 3.1 MW AUST
1987 09 26 0437 130.230 -19.500 5.0 3.1 MW BMR
1987 11 02 2111 137.170 -23.150 9.0 3.1 MW AUST
1988 01 22 1204 133.855 -19.896 5.0 6.6 MW EHB
1988 03 10 1415 130.650 -14.630 10.0 4.0 MW ISC
1988 11 02 1848 140.122 -15.114 10.0 3.9 MW BMR
1989 01 05 0857 123.320 -15.900 5.0 3.2 MW MGO
1989 05 05 0616 131.399 -17.995 10.0 3.5 MW ISC
1989 10 04 0110 140.111 -15.248 10.0 3.7 MW BMR
1989 10 11 0704 134.470 -11.350 5.0 3.7 MW AUST
1989 12 09 1609 141.090 -22.200 5.0 3.1 MW AGSO
1990 02 08 0823 137.342 -27.891 9.0 4.1 MW ADE
1990 02 14 0135 137.600 -25.760 5.0 3.5 MW AUST
1990 02 14 1350 137.633 -26.313 13.5 3.2 MW ADE
1990 03 03 0631 138.177 -25.859 8.4 3.1 MW ADE
1990 06 09 1342 143.269 -11.898 0.0 4.1 MW ISC
1990 07 28 1339 134.900 -12.400 5.0 3.7 MW AUST
1990 09 27 1241 137.510 -25.910 10.0 3.7 MW ISC
1991 02 09 0124 139.800 -15.470 0.0 3.3 MW AUST
1991 05 06 0709 131.000 -13.910 5.0 3.1 MW AUST
1991 05 21 0212 125.486 -15.455 5.0 3.1 MW MGO
1991 08 06 1411 143.247 -17.915 5.0 4.1 MW ISC
1992 08 21 2053 130.136 -16.818 5.0 3.7 MW AUST
1992 09 30 1118 134.530 -11.350 38.0 4.8 MW ISC
1993 12 18 1927 133.860 -11.830 19.0 3.9 MW ISC
1994 02 28 0758 127.270 -15.172 5.0 3.2 MW MGO
1994 04 07 2057 134.800 -11.980 33.0 3.1 MW AUST
1994 07 04 0910 141.530 -19.580 5.0 3.7 MW AGSO
1994 07 05 1907 141.589 -20.055 5.0 3.9 MW AGSO
1994 09 12 1203 136.427 -22.512 5.0 3.7 MW AGSO
1994 12 24 0818 139.311 -11.208 5.0 3.5 MW AGSO
1995 05 11 0006 140.960 -19.220 0.0 3.1 MW AGSO
1995 05 29 2033 136.600 -24.800 5.0 3.2 MW AGSO
1995 10 01 1139 134.483 -19.832 24.0 3.5 MW ISC
1995 11 11 2026 127.447 -20.939 5.0 3.1 MW MGO
1995 12 16 0156 127.454 -21.081 5.0 3.4 MW MGO
1995 12 25 1509 134.070 -18.917 0.0 3.2 MW ISC
1996 01 01 1135 127.461 -20.881 5.0 3.0 MW MGO
1996 03 10 1800 128.420 -20.540 5.0 3.1 MW MGO
1996 06 13 1552 142.488 -15.553 10.0 3.2 MW AGSO
1996 07 02 1627 129.430 -10.850 0.0 3.2 MW EIDC
1996 08 01 0618 131.610 -11.590 5.0 3.1 MW AUST
1996 12 08 2129 124.630 -15.197 33.0 3.5 MW ISC
1996 12 21 1231 135.300 -10.630 386.0 nan MW EIDC
1997 02 05 0015 139.241 -28.710 11.5 3.7 MW ADE
1997 03 14 2358 130.550 -10.850 12.0 3.2 MW AUST
1997 08 09 2136 128.016 -21.140 5.0 2.9 MW MGO
1997 11 14 0709 127.986 -20.198 0.0 2.6 MW EIDC
1998 01 30 1654 143.180 -13.250 10.0 3.5 MW AGSO
1998 03 29 1314 139.256 -12.406 0.0 3.5 MW AUST
1998 04 13 2303 136.130 -12.940 10.0 3.2 MW AUST
1998 05 29 1057 138.767 -24.807 10.0 2.4 MW AUST
1998 06 16 1513 134.470 -23.650 7.0 3.2 MW AGSO
1998 06 18 1321 131.030 -12.210 0.0 3.5 MW EIDC
1998 06 23 1512 132.010 -13.340 0.0 3.2 MW EIDC
1998 08 04 0145 132.530 -13.210 0.0 3.4 MW AUST
1999 01 05 2349 135.496 -22.040 3.0 2.9 MW AGSO
1999 01 14 2235 133.803 -19.710 0.0 2.5 MW AUST
1999 03 01 0128 137.590 -25.800 0.0 3.5 MW AGSO
1999 03 29 1512 128.375 -15.126 5.0 3.0 MW MGO
1999 05 24 1920 127.780 -15.470 5.0 2.9 MW MGO
2000 06 05 1424 133.962 -19.737 0.0 2.5 MW AUST
2000 06 12 2041 132.732 -19.911 0.0 3.0 MW AGSO
2000 08 22 1842 131.580 -21.558 0.0 2.6 MW AUST
2000 12 28 0528 130.763 -12.544 0.0 3.5 MW AGSO
2001 03 29 0008 132.810 -10.420 nan 3.0 MW AUST
2001 04 28 1558 137.620 -25.980 26.0 2.8 MW AGSO
2001 08 10 1014 131.230 -12.490 5.0 3.1 MW AUST
2001 10 07 1354 139.767 -24.934 0.0 3.1 MW AUST
2002 07 09 1747 136.680 -23.110 5.0 2.1 MW AUST
2002 10 18 0440 138.851 -18.752 10.0 3.0 MW ISC
2002 10 25 0646 123.114 -15.743 8.0 3.3 MW AUST
2002 11 05 0912 135.239 -22.479 10.0 3.2 MW AUST
2002 11 18 0429 134.050 -19.900 3.0 2.3 MW AUST
2003 03 23 0732 134.729 -19.743 10.0 2.8 MW AUST
2003 04 01 0634 134.738 -19.759 10.0 2.5 MW AUST
2003 05 31 2308 135.158 -23.415 10.0 2.6 MW AUST
2003 07 31 1949 137.598 -24.186 0.0 2.6 MW AUST
2005 09 25 1317 137.502 -25.915 0.0 2.7 MW AUST
2005 12 26 1050 128.898 -15.613 0.0 2.4 MW AUST
2006 06 22 1839 136.351 -12.663 0.0 2.9 MW AUST
2006 11 22 1322 134.035 -19.873 5.5 2.8 MW AUST
2007 05 25 1504 137.024 -21.253 0.0 2.6 MW AUST
2007 08 12 0401 134.028 -19.932 12.0 2.6 MW AUST
2007 09 10 0320 130.369 -15.344 9.0 3.0 MW AUST
2007 09 18 1704 139.626 -15.156 nan 3.0 MW AUST
2007 11 19 2001 143.735 -12.336 24.0 4.5 MW AUST
2007 12 26 1508 122.317 -15.547 15.0 2.6 MW AUST
2008 07 16 1600 137.636 -25.762 10.0 2.8 MW ADE
2009 01 18 1413 134.110 -19.908 12.8 4.0 MW AUST
2009 06 13 2143 135.940 -12.389 48.0 2.7 MW AUST
2009 10 09 1621 133.990 -19.737 0.0 2.7 MW AUST
2009 11 08 0541 138.819 -10.450 30.0 3.8 MW MEL
2010 07 18 2145 134.091 -19.846 0.0 2.4 MW AUST
2010 08 25 0442 130.775 -14.499 10.0 2.6 MW AUST
