1910 07 29 1026 143.000 -5.000 80.0 nan MW ISC
1910 07 29 1026 143.000 -5.000 80.0 nan MW ISC
1940 06 07 0717 151.250 -9.750 35.0 6.2 MW ISC
1940 06 07 0717 151.250 -9.750 35.0 6.2 MW ISC
1946 01 17 0939 147.500 -7.500 100.0 nan MW ISC
1946 01 17 0939 147.500 -7.500 100.0 nan MW ISC
1946 09 23 2330 145.000 -6.000 100.0 nan MW ISC
1946 09 23 2330 145.000 -6.000 100.0 nan MW ISC
1951 02 17 2107 146.000 -7.000 180.0 nan MW ISC
1951 02 17 2107 146.000 -7.000 180.0 nan MW ISC
1954 03 03 0602 142.700 -5.700 nan nan MW ISC
1954 03 03 0602 142.700 -5.700 nan nan MW ISC
1956 11 16 0848 139.060 -4.040 109.0 nan MW ISC
1956 11 16 0848 139.060 -4.040 109.0 nan MW ISC
1958 07 19 0630 138.430 -4.340 180.0 nan MW ISC
1958 07 19 0630 138.430 -4.340 180.0 nan MW ISC
1959 01 08 2236 138.110 -4.580 nan nan MW ISC
1959 01 08 2236 138.110 -4.580 nan nan MW ISC
1960 06 09 1510 150.000 -10.000 0.0 5.1 MW BMR
1960 11 23 0942 151.700 -10.300 34.0 5.4 MW BMR
1962 03 24 1259 145.150 -5.826 90.0 nan MW ISC
1962 03 24 1259 145.150 -5.826 90.0 nan MW ISC
1963 02 26 2014 146.216 -7.612 180.4 nan MW ISC
1963 02 26 2014 146.216 -7.612 180.4 nan MW ISC
1964 01 12 1428 137.220 -4.280 20.0 5.6 MW ISC
1964 01 12 1428 137.220 -4.280 20.0 5.6 MW ISC
1964 04 24 0556 144.267 -5.065 105.5 nan MW ISC
1964 04 24 0556 144.267 -5.065 105.5 nan MW ISC
1964 10 11 1021 145.762 -6.260 125.6 5.3 MW ISC
1964 10 11 1021 145.762 -6.260 125.6 5.3 MW ISC
1965 03 10 1856 139.280 -4.190 6.0 5.5 MW ISC
1965 03 10 1856 139.280 -4.190 6.0 5.5 MW ISC
1965 09 25 1549 148.846 -9.521 8.4 5.5 MW ISC
1965 09 25 1549 148.846 -9.521 8.4 5.5 MW ISC
1965 12 07 2219 146.344 -6.402 120.9 6.1 MW ISC
1965 12 07 2219 146.344 -6.402 120.9 6.1 MW ISC
1966 06 19 0752 149.457 -8.765 23.8 5.6 MW ISC
1966 07 19 1151 143.134 -4.763 114.7 5.5 MW ISC
1966 08 18 1542 138.439 -4.292 145.9 5.6 MW ISC
1966 08 18 1542 138.439 -4.292 145.9 5.6 MW ISC
1966 08 26 1201 147.520 -7.310 60.0 5.5 MW ISC
1966 08 26 1201 147.520 -7.310 60.0 5.5 MW ISC
1966 11 25 2057 147.360 -8.380 16.0 5.3 MW ISC
1966 11 25 2057 147.360 -8.380 16.0 5.3 MW ISC
1966 12 14 2107 144.068 -4.967 98.6 6.0 MW ISC
1966 12 27 0542 145.405 -5.854 49.5 5.4 MW ISC
1967 01 22 1421 147.830 -8.030 87.0 5.3 MW ISC
1967 01 23 1834 144.740 -7.200 46.0 5.5 MW ISC
1967 03 26 2239 148.575 -9.228 11.4 5.5 MW ISC
1967 03 26 2239 148.575 -9.228 11.4 5.5 MW ISC
1967 09 03 0123 147.124 -7.803 134.5 5.6 MW ISC
1967 09 03 0123 147.124 -7.803 134.5 5.6 MW ISC
1967 10 08 1659 148.877 -9.434 31.9 5.8 MW ISC
1967 10 08 1659 148.877 -9.434 31.9 5.8 MW ISC
1967 10 22 2255 145.290 -6.060 118.0 5.5 MW ISC
1967 10 22 2255 145.290 -6.060 118.0 5.5 MW ISC
1968 01 04 1027 148.844 -9.890 37.7 5.7 MW ISC
1968 01 04 1027 148.844 -9.890 37.7 5.7 MW ISC
1968 01 17 0903 150.220 -10.050 36.0 5.5 MW ISC
1968 09 05 1702 142.767 -6.166 9.3 5.8 MW ISC
1968 09 05 1702 142.767 -6.166 9.3 5.8 MW ISC
1968 09 26 1625 139.300 -4.500 5.0 5.3 MW ISC
1968 09 26 1625 139.300 -4.500 5.0 5.3 MW ISC
1968 11 14 0923 143.160 -4.970 56.0 nan MW ISC
1969 12 07 2232 143.429 -4.992 109.2 5.5 MW ISC
1969 12 07 2232 143.429 -4.992 109.2 5.5 MW ISC
1970 01 04 1720 149.890 -9.840 23.0 5.5 MW ISC
1970 01 04 1720 149.890 -9.840 23.0 5.5 MW ISC
1970 09 12 1836 137.497 -4.378 45.9 5.5 MW ISC
1970 09 12 1836 137.497 -4.378 45.9 5.5 MW ISC
1971 08 03 0441 144.700 -7.275 26.8 5.3 MW ISC
1971 08 03 0441 144.700 -7.275 26.8 5.3 MW ISC
1971 10 08 1415 144.304 -6.860 21.4 5.8 MW ISC
1971 10 08 1415 144.304 -6.860 21.4 5.8 MW ISC
1972 04 03 1143 140.976 -4.873 53.5 5.7 MW ISC
1972 04 03 1143 140.976 -4.873 53.5 5.7 MW ISC
1972 08 14 2229 144.519 -6.281 39.3 6.0 MW ISC
1972 08 14 2229 144.519 -6.281 39.3 6.0 MW ISC
1972 10 28 0227 146.830 -7.326 4.1 6.1 MW ISC
1972 10 28 0227 146.830 -7.326 4.1 6.1 MW ISC
1973 01 01 0346 150.697 -9.312 6.3 5.8 MW ISC
1973 01 01 0346 150.697 -9.312 6.3 5.8 MW ISC
1974 04 14 1116 144.048 -5.050 96.4 5.4 MW ISC
1974 04 14 1116 144.048 -5.050 96.4 5.4 MW ISC
1974 12 08 1137 150.438 -9.639 4.4 5.5 MW ISC
1974 12 08 1137 150.438 -9.639 4.4 5.5 MW ISC
1975 02 16 0458 146.085 -7.211 168.6 5.9 MW ISC
1975 02 16 0458 146.085 -7.211 168.6 5.9 MW ISC
1976 04 19 0702 148.246 -8.533 55.9 5.4 MW ISC
1976 04 19 0702 148.246 -8.533 55.9 5.4 MW ISC
1976 06 09 0010 143.479 -4.933 101.1 5.7 MW ISC
1976 06 09 0010 143.479 -4.933 101.1 5.7 MW ISC
1976 06 25 1918 140.109 -4.538 15.0 7.1 MW ISC
1976 06 25 1918 140.109 -4.538 15.0 7.1 MW ISC
1976 08 02 2215 138.757 -4.511 57.0 5.6 MW ISC
1976 08 02 2215 138.757 -4.511 57.0 5.6 MW ISC
1976 08 22 0150 138.190 -4.158 126.1 5.4 MW ISC
1976 08 22 0150 138.190 -4.158 126.1 5.4 MW ISC
1976 09 16 1126 148.161 -9.195 27.1 6.0 MW ISC
1976 09 16 1126 148.161 -9.195 27.1 6.0 MW ISC
1977 11 11 2154 143.703 -6.767 13.5 4.7 MW ISC
1977 11 11 2154 143.703 -6.767 13.5 4.7 MW ISC
1978 03 10 2216 148.050 -8.232 51.8 4.2 MW ISC
1978 03 10 2216 148.050 -8.232 51.8 4.2 MW ISC
1978 04 26 1010 142.134 -5.689 48.6 5.6 MW ISC
1978 04 26 1010 142.134 -5.689 48.6 5.6 MW ISC
1978 05 31 1505 143.548 -7.018 10.6 4.0 MW ISC
1978 05 31 1505 143.548 -7.018 10.6 4.0 MW ISC
1978 09 09 1737 143.540 -6.885 0.0 5.5 MW ISC
1978 09 09 1737 143.540 -6.885 0.0 5.5 MW ISC
1979 04 01 1058 147.970 -8.534 110.5 4.3 MW ISC
1979 04 01 1058 147.970 -8.534 110.5 4.3 MW ISC
1979 04 04 1551 138.849 -4.300 33.0 5.3 MW ISC
1979 04 04 1551 138.849 -4.300 33.0 5.3 MW ISC
1979 07 19 0558 144.222 -5.160 96.7 4.6 MW ISC
1979 07 19 0558 144.222 -5.160 96.7 4.6 MW ISC
1979 11 14 0942 147.755 -9.531 44.9 6.0 MW ISC
1979 11 14 0942 147.755 -9.531 44.9 6.0 MW ISC
1981 03 12 1042 146.124 -7.183 175.0 4.6 MW ISC
1981 03 12 1042 146.124 -7.183 175.0 4.6 MW ISC
1981 03 26 0752 147.664 -8.185 117.0 4.5 MW ISC
1981 03 26 0752 147.664 -8.185 117.0 4.5 MW ISC
1981 03 26 1731 146.320 -6.582 114.4 5.0 MW ISC
1981 03 26 1731 146.320 -6.582 114.4 5.0 MW ISC
1982 04 30 1040 150.743 -10.254 3.0 5.3 MW AUST
1982 05 28 1942 143.386 -5.144 50.1 4.3 MW ISC
1982 08 14 1427 143.964 -5.055 105.0 6.0 MW ISC
1982 08 14 1427 143.964 -5.055 105.0 6.0 MW ISC
1982 12 02 1936 138.954 -4.526 44.2 5.8 MW ISC
1982 12 02 1936 138.954 -4.526 44.2 5.8 MW ISC
1983 05 04 0758 149.693 -9.455 40.4 5.3 MW ISC
1983 05 04 0758 149.693 -9.455 40.4 5.3 MW ISC
1983 06 05 1153 144.728 -6.956 5.0 5.5 MW ISC
1983 06 05 1153 144.728 -6.956 5.0 5.5 MW ISC
1983 12 18 1300 138.482 -4.088 17.3 5.3 MW ISC
1983 12 18 1300 138.482 -4.088 17.3 5.3 MW ISC
1984 02 26 1238 147.350 -8.050 93.1 5.2 MW ISC
1984 02 26 1238 147.350 -8.050 93.1 5.2 MW ISC
1984 10 12 0329 147.693 -8.369 119.1 4.7 MW ISC
1984 10 12 0329 147.693 -8.369 119.1 4.7 MW ISC
1984 11 09 1319 140.485 -4.050 42.7 5.4 MW ISC
1984 11 09 1319 140.485 -4.050 42.7 5.4 MW ISC
1985 03 28 1449 146.910 -7.687 134.1 3.8 MW ISC
1985 03 28 1449 146.910 -7.687 134.1 3.8 MW ISC
1985 05 23 1405 143.275 -5.269 15.8 5.5 MW ISC
1985 05 23 1405 143.275 -5.269 15.8 5.5 MW ISC
1985 06 04 1224 140.693 -4.589 36.5 5.4 MW ISC
1985 06 04 1224 140.693 -4.589 36.5 5.4 MW ISC
1985 07 02 2211 138.386 -4.168 118.1 5.4 MW ISC
1985 07 02 2211 138.386 -4.168 118.1 5.4 MW ISC
1985 10 29 1410 151.053 -9.544 15.0 6.6 MW ISC
1985 10 29 1410 151.053 -9.544 15.0 6.6 MW ISC
1987 02 11 0114 147.036 -7.000 24.6 5.5 MW ISC
1987 02 11 0114 147.036 -7.000 24.6 5.5 MW ISC
1989 03 22 1730 139.665 -4.265 33.0 5.5 MW ISC
1989 03 22 1730 139.665 -4.265 33.0 5.5 MW ISC
1989 04 25 0513 143.553 -5.067 101.0 5.7 MW ISC
1989 04 25 0513 143.553 -5.067 101.0 5.7 MW ISC
1989 08 01 0018 139.022 -4.511 3.0 6.0 MW ISC
1989 08 01 0018 139.022 -4.511 3.0 6.0 MW ISC
1989 08 01 0018 139.022 -4.511 3.0 6.0 MW ISC
1989 08 01 0018 139.022 -4.511 3.0 6.0 MW ISC
1989 12 07 1338 146.383 -6.436 111.0 6.0 MW ISC
1989 12 07 1338 146.383 -6.436 111.0 6.0 MW ISC
1990 02 26 1813 149.793 -9.560 14.1 5.3 MW ISC
1990 02 26 1813 149.793 -9.560 14.1 5.3 MW ISC
1990 12 11 2141 142.439 -5.795 19.8 5.5 MW ISC
1990 12 11 2141 142.439 -5.795 19.8 5.5 MW ISC
1991 02 06 1144 144.819 -7.071 22.3 5.5 MW ISC
1991 02 06 1144 144.819 -7.071 22.3 5.5 MW ISC
1991 09 13 1256 149.934 -9.874 28.2 5.4 MW ISC
1991 09 13 1256 149.934 -9.874 28.2 5.4 MW ISC
1992 02 14 1632 146.940 -7.700 26.7 5.4 MW ISC
1992 02 14 1632 146.940 -7.700 26.7 5.4 MW ISC
1992 05 25 0251 139.729 -4.790 19.0 5.8 MW ISC
1992 05 25 0251 139.729 -4.790 19.0 5.8 MW ISC
1992 10 21 1211 144.174 -6.870 7.0 6.0 MW ISC
1992 10 21 1211 144.174 -6.870 7.0 6.0 MW ISC
1992 12 30 1245 143.662 -4.826 33.0 5.5 MW ISC
1992 12 30 1245 143.662 -4.826 33.0 5.5 MW ISC
1993 02 26 2147 144.744 -5.454 18.4 5.4 MW ISC
1993 02 26 2147 144.744 -5.454 18.4 5.4 MW ISC
1993 08 19 1335 146.443 -7.902 26.0 5.5 MW ISC
1993 08 19 1335 146.443 -7.902 26.0 5.5 MW ISC
1994 08 23 0450 143.393 -6.612 27.1 5.4 MW ISC
1994 09 03 0147 143.112 -6.485 13.5 5.5 MW ISC
1994 09 03 0147 143.112 -6.485 13.5 5.5 MW ISC
1995 01 28 1952 137.723 -4.094 33.0 5.3 MW ISC
1997 07 20 1049 145.459 -6.131 124.9 5.4 MW ISC
1997 07 20 1049 145.459 -6.131 124.9 5.4 MW ISC
1997 08 09 1809 139.168 -4.424 33.0 nan MW ISC
1997 08 09 1809 139.168 -4.424 33.0 nan MW ISC
1999 01 29 0632 151.570 -10.120 0.0 4.6 MW EIDC
1999 01 29 0924 151.800 -10.090 0.0 4.6 MW EIDC
1999 02 04 0235 149.279 -8.612 98.3 5.8 MW ISC
1999 02 04 0235 149.279 -8.612 98.3 5.8 MW ISC
1999 02 04 0235 149.279 -8.612 98.3 5.8 MW ISC
1999 02 04 0235 149.279 -8.612 98.3 5.8 MW ISC
1999 02 08 1622 147.734 -7.908 70.2 5.8 MW ISC
1999 02 08 1622 147.734 -7.908 70.2 5.8 MW ISC
1999 02 08 1622 147.734 -7.908 70.2 5.8 MW ISC
1999 02 08 1622 147.734 -7.908 70.2 5.8 MW ISC
1999 03 11 0829 150.190 -9.160 33.0 4.2 MW ISC
1999 03 11 0829 150.190 -9.160 33.0 4.2 MW ISC
1999 04 16 1049 151.530 -9.950 15.0 4.0 MW ISC
1999 04 16 1049 151.530 -9.950 15.0 4.0 MW ISC
1999 06 29 0550 147.976 -9.444 13.0 4.5 MW ISC
1999 06 29 0550 147.976 -9.444 13.0 4.5 MW ISC
1999 06 29 0550 147.976 -9.444 13.0 4.5 MW ISC
1999 06 29 0550 147.976 -9.444 13.0 4.5 MW ISC
1999 07 18 0720 151.860 -10.170 0.0 4.2 MW EIDC
2004 01 09 2325 150.065 -10.109 51.0 5.2 MW USGS
2004 06 01 2110 143.549 -6.968 331.3 5.4 MW ISC
2004 06 01 2110 143.549 -6.968 331.3 5.4 MW ISC
2005 02 02 1411 144.610 -6.630 12.0 5.4 MW ISC
2005 02 02 1411 144.610 -6.630 12.0 5.4 MW ISC
2005 02 18 0732 150.734 -10.138 45.6 5.2 MW EHB
2005 10 25 1940 146.170 -7.210 182.7 5.8 MW ISC
2005 10 25 1940 146.170 -7.210 182.7 5.8 MW ISC
2005 10 25 1940 146.170 -7.210 182.7 5.8 MW ISC
2005 10 25 1940 146.170 -7.210 182.7 5.8 MW ISC
2006 09 18 0141 146.091 -6.214 126.8 5.3 MW ISC
2006 09 18 0141 146.091 -6.214 126.8 5.3 MW ISC
2008 05 21 0245 150.907 -10.034 35.0 5.4 MW USGS
2008 08 24 0203 150.469 -10.364 5.0 5.0 MW USGS
2008 08 25 1814 150.135 -10.175 49.0 4.2 MW USGS
2008 11 19 0054 143.390 -4.950 110.9 5.4 MW ISC
2008 11 19 0054 143.390 -4.950 110.9 5.4 MW ISC
2008 12 09 0306 145.720 -6.090 128.3 5.0 MW ISC
2008 12 09 0306 145.720 -6.090 128.3 5.0 MW ISC
2009 01 03 2309 141.980 -5.200 358.0 5.8 MW ISC
2009 01 03 2309 141.980 -5.200 358.0 5.8 MW ISC
