1896 05 30 0000 146.300 -38.400 10.0 2.8 MW RobUnd
1900 05 27 0225 145.900 -38.200 10.0 4.0 MW GG
1969 06 20 1115 146.300 -38.470 19.0 5.1 MW BMR
1901 11 19 1540 146.400 -38.000 10.0 3.7 MW GG
1902 07 11 0000 146.400 -38.000 10.0 3.1 MW RobUnd
1902 10 22 2100 146.400 -38.000 10.0 3.7 MW GG
1904 05 27 1325 146.070 -38.440 0.0 3.7 MW MELOBS
1904 09 22 1145 145.730 -38.450 0.0 3.7 MW MELOBS
1903 04 26 0025 146.400 -38.000 10.0 3.1 MW RobUnd
1910 03 20 2115 145.900 -38.200 10.0 3.8 MW MELOBS
1903 07 22 1930 146.200 -38.200 10.0 3.1 MW RobUnd
1914 08 17 2335 146.000 -38.300 15.0 3.9 MW GG
1903 08 04 0932 146.070 -38.620 0.0 3.1 MW MELOBS
1915 05 24 0800 146.700 -38.200 10.0 3.5 MW MELOBS
1904 04 17 1600 146.070 -38.440 0.0 2.5 MW MELOBS
1960 05 03 0200 146.500 -38.500 10.0 3.6 MW MELobs
1905 01 27 1600 146.500 -38.100 10.0 3.4 MW GG
1960 10 20 2022 146.450 -38.560 8.0 3.9 MW CAN
1905 11 15 0030 146.200 -38.500 0.0 3.1 MW MELOBS
1961 04 11 0035 146.470 -38.280 46.0 3.9 MW CAN
1962 01 10 0540 146.500 -38.500 0.0 3.7 MW CAN
1906 08 10 0240 146.170 -38.420 0.0 3.2 MW MELOBS
1962 03 27 1754 146.550 -37.920 6.0 3.7 MW CAN
1906 09 11 2015 145.770 -38.500 0.0 3.2 MW MELOBS
1907 02 24 1900 146.400 -38.000 10.0 3.2 MW RobUnd
1962 05 27 1134 146.390 -38.580 0.0 3.5 MW CAN
1962 11 20 1215 146.070 -38.620 10.0 3.5 MW RobUnd
1963 06 14 1923 146.425 -38.657 1.6 4.5 MW CAN
1914 09 05 1100 146.100 -38.700 10.0 3.2 MW MELOBS
1908 07 15 1900 146.100 -38.600 10.0 2.5 MW MELOBS
1964 11 17 2116 146.352 -38.416 16.1 3.9 MW CAN
1915 02 27 1215 146.800 -38.200 10.0 3.1 MW MELOBS
1965 05 01 1817 146.412 -38.519 5.7 3.5 MW CAN
1967 10 21 2104 146.100 -38.470 0.0 3.5 MW CAN
1957 10 19 1049 146.100 -38.700 10.0 3.2 MW RobUnd
1971 01 09 1150 146.480 -38.140 7.0 3.6 MW CAN
1978 08 25 2023 146.305 -38.416 3.6 3.7 MW MEL
1980 05 21 0448 146.516 -37.945 14.9 3.9 MW MEL
1987 05 30 1444 146.554 -37.947 17.0 3.8 MW MEL
1962 12 15 2141 146.550 -38.550 10.0 3.3 MW RobUnd
1964 10 12 2245 146.276 -38.059 36.8 3.4 MW CAN
1962 06 22 0612 146.070 -38.620 10.0 2.5 MW RobUnd
1965 01 09 0915 146.962 -38.161 0.0 3.1 MW CAN
1964 09 26 1027 146.450 -38.450 10.0 2.8 MW RobUnd
1965 09 08 0617 146.410 -38.215 16.0 3.1 MW CAN
1966 09 29 1805 146.104 -38.267 0.0 3.4 MW CAN
1970 11 01 0926 146.190 -38.270 28.0 3.4 MW CAN
1975 07 22 1130 146.180 -38.400 10.0 3.0 MW BMR
1976 03 08 1922 146.594 -38.076 11.3 3.0 MW MEL
1978 08 17 0255 146.454 -38.552 14.2 3.2 MW MEL
1978 12 24 0244 146.332 -38.451 17.2 3.1 MW MEL
1979 05 06 0217 146.320 -38.644 17.2 3.0 MW MEL
1975 05 02 0648 146.040 -38.320 10.0 2.8 MW BMR
1975 05 18 0429 145.930 -38.460 10.0 2.5 MW BMR
1980 09 18 0551 145.678 -38.360 10.4 3.2 MW MEL
1982 03 23 0728 145.750 -38.387 4.0 3.0 MW MEL
1975 11 13 0142 146.380 -38.260 10.0 2.5 MW BMR
1975 11 17 1816 146.280 -38.320 10.0 2.5 MW BMR
1983 08 31 1025 146.349 -38.517 17.0 3.2 MW MEL
1975 11 19 0007 146.180 -38.340 10.0 2.6 MW BMR
1984 07 10 2212 146.182 -38.449 17.2 3.0 MW MEL
1976 03 01 1850 146.323 -38.555 2.0 2.7 MW MEL
1985 05 29 1749 146.010 -38.334 13.3 3.3 MW MEL
1976 03 08 1240 146.433 -38.498 2.0 2.5 MW MEL
1986 08 24 0819 146.578 -37.982 15.6 3.2 MW MEL
1987 05 28 2318 146.250 -38.054 14.4 3.1 MW MEL
1976 09 19 1215 146.303 -37.986 14.9 2.7 MW MEL
1976 11 15 1327 146.365 -38.050 9.6 2.4 MW MEL
1989 04 30 2352 146.308 -38.404 8.5 3.0 MW MEL
1976 12 30 1401 146.481 -38.220 12.2 2.0 MW MEL
1977 01 02 0040 146.391 -38.504 8.7 2.7 MW MEL
1992 07 11 1003 146.783 -38.481 14.3 3.0 MW MEL
1993 07 24 1333 146.485 -38.353 15.0 3.2 MW MEL
1977 02 14 0930 146.134 -38.559 15.3 2.2 MW MEL
1977 02 21 1018 146.452 -38.127 7.8 2.9 MW MEL
1993 09 25 0240 146.530 -38.311 10.2 3.3 MW MEL
1977 03 06 0015 146.204 -38.593 5.4 1.9 MW MEL
1977 04 27 0713 146.115 -38.612 6.0 1.9 MW MEL
1995 01 11 0711 145.992 -38.165 8.7 3.1 MW MEL
1995 02 01 1021 146.259 -38.462 10.1 3.1 MW MEL
1977 06 02 1818 146.237 -38.394 0.2 1.9 MW MEL
1995 05 03 1748 146.283 -38.472 15.0 3.4 MW MEL
1977 07 09 1406 145.795 -38.305 16.2 2.1 MW MEL
1997 05 04 2233 145.959 -38.135 14.0 3.2 MW MEL
1977 08 08 1311 146.419 -38.509 13.6 1.9 MW MEL
1998 04 04 0955 146.124 -38.709 16.2 3.4 MW MEL
1977 08 10 2153 146.198 -37.956 12.2 1.8 MW MEL
1977 08 28 1350 146.228 -38.513 1.0 2.5 MW MEL
1999 07 13 0820 145.837 -38.407 5.4 3.0 MW MEL
1977 09 01 1853 145.648 -38.442 5.1 2.3 MW MEL
1977 09 26 1459 145.697 -38.522 5.7 2.4 MW MEL
1977 09 30 2108 146.202 -38.307 7.0 1.9 MW MEL
1977 10 04 1625 146.325 -38.439 12.9 2.8 MW MEL
1977 10 20 1312 146.312 -38.065 11.7 1.9 MW MEL
1977 10 25 1922 146.212 -38.296 7.9 2.4 MW MEL
1977 10 31 1709 146.273 -38.389 2.0 2.7 MW MEL
1977 11 13 1045 146.232 -38.323 8.5 2.0 MW MEL
1977 11 15 0048 146.211 -38.366 7.7 2.3 MW MEL
1977 11 20 1500 146.335 -38.314 11.0 2.4 MW MEL
1977 12 03 0511 146.242 -38.307 17.9 2.3 MW MEL
1977 12 13 1030 146.496 -38.386 8.4 2.7 MW MEL
1978 02 12 1801 145.880 -38.244 24.1 1.9 MW MEL
1978 02 13 1240 146.281 -38.338 10.8 2.0 MW MEL
1978 02 13 1506 146.200 -38.319 15.9 2.0 MW MEL
1978 02 16 1322 146.072 -38.136 5.0 1.9 MW MEL
1978 02 21 0637 146.767 -38.324 11.4 2.5 MW MEL
1978 02 26 0702 146.098 -38.065 10.0 2.2 MW MEL
1978 03 02 0744 146.703 -38.470 17.2 2.2 MW MEL
1978 03 05 2253 146.363 -38.092 18.1 2.7 MW MEL
1978 03 07 0619 146.577 -37.950 0.9 2.3 MW MEL
1978 03 09 0450 146.127 -38.679 13.2 2.0 MW MEL
1978 03 12 1050 146.271 -38.410 0.1 2.3 MW MEL
1978 05 09 0826 145.738 -38.471 0.6 2.8 MW MEL
1978 06 10 0705 145.966 -38.492 17.2 2.9 MW MEL
1978 06 11 2235 145.777 -38.379 14.6 2.6 MW MEL
1978 06 17 2153 146.206 -38.275 10.7 1.9 MW MEL
1978 06 27 0724 146.503 -38.569 15.6 1.9 MW MEL
1978 06 30 2308 146.304 -38.369 16.0 2.7 MW MEL
1978 07 18 2128 146.506 -38.363 8.5 2.4 MW MEL
1978 08 01 1122 146.650 -38.460 19.4 2.3 MW MEL
1978 08 22 1707 146.239 -38.340 0.0 2.1 MW MEL
1978 09 09 0956 146.255 -38.281 17.6 2.2 MW MEL
1978 10 03 2216 145.952 -38.423 7.9 1.9 MW MEL
1978 10 20 0027 146.207 -38.352 12.6 1.9 MW MEL
1978 11 13 2207 146.255 -38.157 7.5 1.9 MW MEL
1978 11 16 0558 146.471 -38.192 1.8 2.3 MW MEL
1978 12 17 0546 146.877 -38.326 18.1 2.0 MW MEL
1979 01 04 1013 146.209 -38.368 2.2 2.3 MW MEL
1979 01 24 0907 146.343 -38.429 3.6 2.9 MW MEL
1979 01 30 2138 146.004 -38.301 3.1 2.3 MW MEL
1979 02 01 2129 146.367 -38.415 13.2 2.1 MW MEL
1979 02 06 0722 145.988 -38.358 11.2 2.3 MW MEL
1979 02 14 1933 146.325 -38.306 3.9 2.1 MW MEL
1979 03 09 0937 146.249 -38.331 0.0 2.5 MW MEL
1979 03 10 1600 146.798 -38.348 15.8 2.2 MW MEL
1979 03 14 0656 146.416 -38.116 7.2 1.9 MW MEL
1979 03 30 1500 146.339 -38.449 7.1 2.0 MW MEL
1979 04 07 1134 146.276 -38.292 0.5 2.3 MW MEL
1979 04 13 0851 146.142 -38.536 2.5 2.0 MW MEL
1979 04 17 0229 146.006 -38.694 0.0 2.3 MW MEL
1979 05 03 1230 146.251 -38.345 1.9 1.9 MW MEL
1979 05 07 0950 146.072 -38.537 5.5 1.9 MW MEL
1979 05 21 1227 146.333 -38.410 2.7 2.0 MW MEL
1979 05 24 1216 146.268 -38.318 3.6 2.2 MW MEL
1979 05 25 0615 146.573 -38.411 7.5 1.9 MW MEL
1979 05 31 0111 146.435 -38.193 2.1 2.3 MW MEL
1979 06 12 0653 146.389 -38.112 0.0 1.9 MW MEL
1979 07 11 0450 146.011 -38.227 1.9 2.5 MW MEL
1979 07 20 1255 146.249 -38.572 6.5 2.5 MW MEL
1979 07 22 1730 146.034 -38.541 2.5 2.4 MW MEL
1979 07 27 1508 145.862 -38.553 14.7 1.9 MW MEL
1979 07 28 1833 146.066 -38.550 10.5 2.4 MW MEL
1979 07 31 1811 146.511 -37.965 17.2 1.9 MW MEL
1979 08 17 2052 145.661 -38.416 6.1 2.0 MW MEL
1979 08 28 1149 146.696 -38.304 2.7 1.9 MW MEL
1979 09 09 0852 146.417 -38.616 11.6 2.9 MW MEL
1979 09 15 0037 146.360 -38.559 11.1 1.9 MW MEL
1979 10 15 2224 146.174 -38.436 13.7 2.1 MW MEL
1979 10 18 1228 146.199 -38.517 3.8 2.1 MW MEL
1979 11 09 1549 146.212 -38.519 6.5 2.6 MW MEL
1979 12 03 1116 146.610 -38.546 7.1 2.1 MW MEL
1979 12 07 1048 146.456 -38.280 12.8 1.9 MW MEL
1979 12 08 1101 146.574 -38.569 0.0 2.3 MW MEL
1979 12 16 0433 146.233 -38.422 13.3 2.2 MW MEL
1979 12 16 1806 146.467 -38.055 9.3 1.9 MW MEL
1979 12 20 0433 146.245 -38.406 7.8 2.2 MW MEL
1979 12 26 1743 146.204 -38.558 13.8 2.5 MW MEL
1979 12 30 1658 146.288 -38.442 8.1 2.4 MW MEL
1980 02 01 2008 146.391 -38.406 12.6 2.1 MW MEL
1980 02 14 1445 146.476 -38.293 2.1 2.2 MW MEL
1980 03 09 1626 146.457 -38.049 14.2 2.1 MW MEL
1980 04 05 0512 146.414 -38.612 6.6 1.9 MW MEL
1980 04 26 1513 146.395 -38.294 15.0 1.9 MW MEL
1980 05 01 1205 146.254 -38.374 0.0 2.2 MW MEL
1980 05 02 0600 146.536 -38.383 1.3 2.0 MW MEL
1980 05 12 1204 146.287 -38.009 15.5 1.9 MW MEL
1980 05 16 0540 146.332 -38.419 0.3 2.8 MW MEL
1980 05 26 1114 146.293 -38.439 6.8 2.4 MW MEL
1980 05 31 2139 146.226 -38.388 0.5 2.3 MW MEL
1980 06 23 0131 146.425 -38.113 6.9 2.0 MW MEL
1980 09 12 0942 146.539 -38.524 9.9 1.9 MW MEL
1980 09 14 1047 146.287 -38.459 18.9 2.1 MW MEL
1980 12 11 1031 146.231 -38.379 0.0 2.9 MW MEL
1980 12 27 1029 146.184 -38.291 17.2 2.4 MW MEL
1981 01 07 0849 146.248 -38.366 17.1 2.7 MW MEL
1981 01 14 0437 146.378 -38.104 0.4 2.1 MW MEL
1981 01 22 0554 146.581 -38.343 0.0 1.9 MW MEL
1981 01 23 1436 145.893 -38.567 0.0 2.9 MW MEL
1981 01 24 0224 146.294 -38.028 11.7 2.2 MW MEL
1981 01 29 0029 146.374 -38.619 2.6 1.9 MW MEL
1981 02 01 0304 146.394 -38.125 11.5 2.0 MW MEL
1981 02 10 0133 146.288 -38.133 13.3 2.3 MW MEL
1981 02 12 0813 146.248 -38.477 13.2 2.0 MW MEL
1981 02 13 0515 145.748 -38.306 1.0 2.0 MW MEL
1981 02 18 1541 146.363 -38.611 1.2 2.5 MW MEL
1981 04 04 1500 146.515 -38.407 16.3 2.0 MW MEL
1981 04 14 0035 146.020 -38.211 0.0 1.9 MW MEL
1981 04 23 0256 146.237 -38.503 13.7 2.1 MW MEL
1981 04 24 1709 146.369 -38.545 11.9 2.1 MW MEL
1981 05 19 0702 146.595 -38.407 0.5 2.0 MW MEL
1981 05 25 1402 146.346 -38.659 0.0 2.1 MW MEL
1981 07 02 0711 146.221 -38.066 0.0 2.0 MW MEL
1981 07 16 0706 146.441 -38.080 5.2 1.9 MW MEL
1981 07 22 1823 146.302 -38.425 9.5 2.1 MW MEL
1981 08 06 1619 146.466 -38.044 12.6 2.0 MW MEL
1981 08 10 0836 146.256 -38.670 0.9 2.4 MW MEL
1981 08 15 0346 146.194 -38.306 2.6 2.1 MW MEL
1981 08 16 1207 145.901 -38.382 17.1 2.2 MW MEL
1981 08 26 0709 146.384 -38.104 12.7 1.9 MW MEL
1981 09 14 0918 146.409 -37.994 14.9 2.1 MW MEL
1981 09 16 2313 146.188 -38.403 0.3 2.8 MW MEL
1981 10 11 0549 146.223 -38.063 15.7 1.9 MW MEL
1981 11 08 0618 146.339 -38.120 17.2 2.1 MW MEL
1981 12 18 1929 146.452 -38.540 0.9 1.9 MW MEL
1981 12 29 1204 145.789 -38.360 15.6 2.5 MW MEL
1982 01 30 2221 146.455 -38.183 11.2 1.9 MW MEL
1982 03 17 1411 146.233 -38.412 13.3 2.5 MW MEL
1982 03 26 0648 146.402 -38.069 13.7 2.1 MW MEL
1982 04 25 0921 146.551 -38.538 12.0 2.2 MW MEL
1982 05 21 0310 145.793 -38.498 12.7 1.9 MW MEL
1982 06 07 0853 146.492 -37.951 14.7 2.2 MW MEL
1982 07 03 0933 146.036 -38.321 0.4 1.9 MW MEL
1982 08 17 1313 146.205 -38.079 8.8 1.9 MW MEL
1982 09 20 2104 146.201 -38.546 16.7 2.3 MW MEL
1982 10 15 1847 146.486 -38.010 15.6 2.0 MW MEL
1982 10 29 2137 145.761 -38.366 2.6 2.0 MW MEL
1982 12 06 1516 145.984 -38.506 12.8 1.9 MW MEL
1982 12 23 1745 145.885 -38.143 14.1 2.4 MW MEL
1982 12 25 1155 146.128 -38.586 17.2 2.3 MW MEL
1982 12 25 1931 146.416 -38.349 8.6 1.9 MW MEL
1983 01 18 1424 145.963 -38.458 14.7 1.9 MW MEL
1983 02 08 2156 146.284 -38.367 1.7 2.4 MW MEL
1983 02 09 0131 146.386 -38.097 3.0 1.9 MW MEL
1983 03 13 0132 146.273 -38.693 14.2 1.9 MW MEL
1983 06 07 0809 145.910 -38.446 6.5 1.9 MW MEL
1983 06 19 0220 145.733 -38.488 0.0 2.1 MW MEL
1983 07 09 0458 146.363 -38.601 11.9 1.9 MW MEL
1983 07 10 2116 146.213 -38.340 7.8 2.4 MW MEL
1983 07 10 2116 146.239 -38.332 7.4 2.4 MW MEL
1983 07 18 0230 146.404 -38.394 9.3 2.2 MW MEL
1983 08 07 0357 146.033 -38.280 6.7 2.8 MW MEL
1983 08 18 1943 146.193 -38.416 0.5 2.8 MW MEL
1983 08 26 1945 146.520 -38.325 15.3 2.3 MW MEL
1983 11 02 2308 145.839 -38.338 6.8 2.1 MW MEL
1983 11 22 0415 146.421 -38.102 12.4 1.9 MW MEL
1983 11 23 1029 146.029 -38.695 20.9 1.9 MW MEL
1983 11 25 1557 146.248 -38.043 12.1 2.0 MW MEL
1983 12 28 1522 146.249 -38.527 17.3 1.9 MW MEL
1984 01 16 1050 146.601 -38.522 9.0 2.2 MW MEL
1984 02 15 0232 145.701 -38.547 16.3 2.2 MW MEL
1984 03 05 0906 146.475 -38.208 15.9 2.2 MW MEL
1984 03 25 1456 146.599 -38.456 18.7 1.9 MW MEL
1984 04 25 2355 146.143 -38.113 15.9 2.5 MW MEL
1984 05 01 1832 146.409 -38.002 17.4 1.9 MW MEL
1984 05 04 0904 146.551 -38.610 16.0 2.1 MW MEL
1984 05 06 0817 146.550 -38.588 15.8 2.2 MW MEL
1984 05 22 0955 146.422 -38.003 15.1 2.2 MW MEL
1984 06 05 0656 146.502 -37.943 17.2 2.2 MW MEL
1984 06 12 2202 146.207 -38.450 0.1 1.9 MW MEL
1984 07 24 2111 146.187 -38.074 4.7 2.2 MW MEL
1984 08 25 0643 146.946 -38.390 19.5 2.0 MW MEL
1984 10 02 0246 146.416 -38.582 10.1 2.0 MW MEL
1984 10 21 1452 146.069 -38.619 11.4 2.3 MW MEL
1984 10 31 0416 146.249 -38.486 14.1 2.8 MW MEL
1984 11 19 2124 146.383 -38.420 17.2 2.4 MW MEL
1985 01 27 1858 146.321 -38.484 9.0 2.0 MW MEL
1985 02 27 1018 146.273 -38.129 3.6 1.9 MW MEL
1985 03 05 1230 146.287 -38.171 0.0 1.9 MW MEL
1985 03 28 2040 146.255 -38.185 13.0 2.3 MW MEL
1985 05 08 0219 146.253 -38.551 14.2 2.5 MW MEL
1985 05 20 0110 146.169 -38.414 17.0 2.2 MW MEL
1985 07 09 0823 146.307 -38.122 14.4 2.5 MW MEL
1985 07 17 2133 146.326 -38.367 11.2 2.2 MW MEL
1985 07 22 0004 145.703 -38.474 17.2 2.3 MW MEL
1985 07 22 0643 146.390 -38.466 7.6 2.2 MW MEL
1985 07 27 0223 146.473 -38.143 12.6 1.9 MW MEL
1985 07 28 1004 146.268 -38.073 2.8 1.9 MW MEL
1985 08 14 0448 146.113 -38.376 0.0 1.9 MW MEL
1985 08 20 0110 146.169 -38.414 16.7 2.2 MW MEL
1985 09 02 0607 146.320 -38.400 2.2 2.0 MW MEL
1985 09 04 0825 146.328 -38.395 2.3 2.1 MW MEL
1985 09 06 0641 146.319 -38.394 2.5 2.2 MW MEL
1985 09 30 0103 146.347 -38.417 15.0 2.0 MW MEL
1985 10 06 0136 146.368 -38.387 11.2 2.8 MW MEL
1985 10 16 0328 146.598 -38.455 9.6 2.4 MW MEL
1985 10 26 1553 146.447 -37.995 12.5 1.9 MW MEL
1985 11 27 0524 146.877 -38.225 16.2 2.1 MW MEL
1985 12 06 1110 146.574 -38.360 17.2 1.9 MW MEL
1985 12 12 0919 146.509 -37.951 14.8 2.1 MW MEL
1985 12 24 0315 146.112 -38.504 12.6 2.1 MW MEL
1985 12 27 1049 146.156 -38.233 0.0 2.4 MW MEL
1986 01 03 1737 146.391 -38.364 9.9 2.0 MW MEL
1986 01 09 1658 146.198 -38.573 18.3 2.1 MW MEL
1986 01 15 2330 146.103 -38.598 8.8 1.9 MW MEL
1986 03 12 2203 146.485 -38.543 0.8 2.5 MW MEL
1986 03 15 0316 146.373 -38.220 17.4 1.9 MW MEL
1986 03 22 0806 146.229 -38.534 16.3 2.3 MW MEL
1986 03 29 1204 146.702 -38.513 21.0 2.3 MW MEL
1986 06 28 1402 146.573 -38.489 13.0 2.0 MW MEL
1986 07 12 0505 146.196 -38.520 7.1 1.9 MW MEL
1986 08 11 0117 146.255 -38.330 20.9 2.1 MW MEL
1986 09 14 2359 146.564 -37.972 13.4 2.2 MW MEL
1986 09 20 1605 146.555 -37.971 13.7 2.9 MW MEL
1986 10 12 2012 146.543 -37.961 15.0 2.1 MW MEL
1986 10 15 1619 146.398 -38.364 10.2 2.1 MW MEL
1986 11 10 2040 146.162 -37.997 14.5 1.9 MW MEL
1986 11 12 0414 146.239 -38.490 8.6 2.5 MW MEL
1986 11 25 1256 145.765 -38.447 11.9 2.0 MW MEL
1986 11 27 1018 146.501 -37.949 18.9 2.9 MW MEL
1986 12 05 1158 145.857 -38.419 0.5 2.7 MW MEL
1986 12 16 1326 146.162 -38.598 22.7 2.4 MW MEL
1987 02 10 1133 146.198 -38.366 18.6 1.9 MW MEL
1987 02 12 0354 146.484 -38.120 14.4 1.9 MW MEL
1987 05 07 2011 146.351 -38.519 17.8 2.6 MW MEL
1987 05 18 0016 146.503 -38.339 13.2 2.5 MW MEL
1987 05 27 0203 146.052 -38.499 5.3 2.0 MW MEL
1987 06 09 1930 146.442 -38.324 17.3 1.9 MW MEL
1987 06 11 0831 146.621 -38.273 3.7 1.8 MW MEL
1987 06 26 1734 146.083 -38.321 8.7 2.2 MW MEL
1987 06 26 2319 146.191 -38.537 17.2 2.3 MW MEL
1987 08 24 1354 146.244 -38.403 14.0 1.9 MW MEL
1987 10 05 1417 146.325 -38.290 16.0 2.3 MW MEL
1987 10 29 1523 146.531 -37.937 9.4 2.5 MW MEL
1987 11 09 1007 146.169 -38.604 20.5 2.5 MW MEL
1987 11 30 1403 146.144 -38.585 13.5 2.3 MW MEL
1987 12 10 0345 146.423 -38.119 1.6 2.3 MW MEL
1987 12 20 1106 146.201 -38.377 13.6 1.9 MW MEL
1987 12 22 0532 146.382 -38.119 0.0 2.1 MW MEL
1987 12 25 1834 146.541 -38.527 7.8 2.4 MW MEL
1988 01 09 0806 146.655 -38.387 11.9 2.9 MW MEL
1988 01 13 0514 146.496 -38.146 11.2 1.9 MW MEL
1988 01 15 2041 146.479 -38.427 12.2 2.1 MW MEL
1988 02 06 0835 146.150 -38.486 8.5 2.0 MW MEL
1988 02 16 1419 146.340 -38.366 10.7 2.3 MW MEL
1988 03 29 1350 146.210 -38.357 17.2 2.4 MW MEL
1988 04 02 1653 146.568 -37.959 14.7 1.9 MW MEL
1988 04 16 2346 146.539 -37.968 15.1 2.5 MW MEL
1988 05 04 2003 146.258 -38.060 11.2 2.1 MW MEL
1988 05 14 1355 146.507 -38.558 15.8 2.9 MW MEL
1988 05 18 1840 146.841 -38.453 16.0 1.9 MW MEL
1988 05 22 0231 146.424 -38.135 10.4 1.9 MW MEL
1988 05 22 1134 146.257 -38.415 3.6 1.8 MW MEL
1988 07 08 1918 146.001 -38.523 13.5 2.3 MW MEL
1988 07 28 0948 146.231 -38.293 9.1 2.1 MW MEL
1988 08 12 0551 146.410 -38.109 0.7 1.9 MW MEL
1988 09 08 0051 146.234 -38.131 11.8 2.1 MW MEL
1988 09 09 1551 146.068 -38.356 13.2 2.4 MW MEL
1988 10 08 1309 146.038 -38.618 6.9 2.5 MW MEL
1988 10 14 1200 146.427 -38.000 16.8 2.1 MW MEL
1988 11 15 0139 146.087 -38.620 8.5 2.3 MW MEL
1988 12 19 1605 146.688 -38.413 12.3 2.0 MW MEL
1988 12 28 2250 146.740 -38.513 4.0 2.6 MW MEL
1989 01 05 1342 146.150 -38.625 15.0 2.2 MW MEL
1989 01 09 0903 146.612 -38.488 0.8 2.5 MW MEL
1989 01 09 1307 146.393 -37.991 14.3 1.9 MW MEL
1989 01 26 0325 146.129 -38.094 2.3 1.9 MW MEL
1989 03 09 1627 146.159 -37.984 3.8 1.8 MW MEL
1989 03 20 0930 146.783 -38.481 15.8 2.3 MW MEL
1989 03 29 1147 146.783 -38.421 15.8 2.2 MW MEL
1989 04 12 1119 145.827 -38.375 12.6 1.9 MW MEL
1989 04 19 0105 146.407 -38.523 9.2 2.3 MW MEL
1989 06 14 0943 146.247 -38.451 12.8 2.0 MW MEL
1989 06 24 1501 146.795 -38.492 3.0 1.9 MW MEL
1989 07 06 1127 146.253 -38.662 12.0 2.0 MW MEL
1989 07 10 1521 146.439 -38.014 9.6 1.9 MW MEL
1989 08 12 0211 146.409 -38.109 0.7 2.0 MW MEL
1989 09 01 1550 146.240 -38.520 15.8 2.5 MW MEL
1989 09 19 0149 146.354 -38.225 9.9 2.2 MW MEL
1989 09 29 1618 145.659 -38.539 0.0 2.1 MW MEL
1989 10 06 1510 146.197 -38.468 16.6 2.2 MW MEL
1989 10 12 1744 145.972 -38.506 15.6 2.0 MW MEL
1989 10 23 0240 146.213 -38.492 10.0 2.2 MW MEL
1989 10 28 2252 146.385 -38.503 14.4 2.0 MW MEL
1989 11 08 1331 145.630 -38.422 3.6 2.0 MW MEL
1989 11 12 1133 145.837 -38.422 11.2 2.2 MW MEL
1990 01 02 1226 146.503 -38.449 17.2 2.2 MW MEL
1990 03 06 1402 146.324 -38.409 8.6 2.6 MW MEL
1990 03 11 1455 146.279 -38.053 7.4 2.2 MW MEL
1990 03 15 1341 146.708 -38.400 4.1 1.9 MW MEL
1990 04 06 0753 146.469 -38.112 9.9 1.9 MW MEL
1990 04 06 2159 146.243 -38.035 13.5 2.0 MW MEL
1990 04 08 0710 146.014 -38.159 12.6 2.4 MW MEL
1990 05 16 0336 146.183 -38.446 3.6 2.0 MW MEL
1990 05 31 1208 146.254 -38.539 6.3 2.0 MW MEL
1990 06 17 2320 146.587 -38.415 16.7 2.6 MW MEL
1990 06 19 0746 146.413 -38.326 12.7 2.8 MW MEL
1990 07 04 0526 146.141 -38.533 7.7 2.2 MW MEL
1990 07 14 0743 146.210 -38.447 8.6 2.1 MW MEL
1990 08 02 2110 146.002 -38.200 17.2 2.4 MW MEL
1990 08 26 1438 146.339 -38.365 3.6 2.5 MW MEL
1990 08 29 0252 146.356 -38.376 8.6 2.5 MW MEL
1990 09 12 1513 146.516 -38.064 12.2 2.0 MW MEL
1990 09 27 1943 146.047 -38.605 14.7 2.3 MW MEL
1990 09 28 0223 146.561 -38.392 8.5 1.8 MW MEL
1990 11 01 0559 146.682 -38.407 12.8 2.0 MW MEL
1990 11 12 1115 145.619 -38.550 15.6 2.0 MW MEL
1990 11 16 0133 146.546 -38.377 8.5 1.9 MW MEL
1990 11 19 1202 146.285 -38.597 10.8 2.2 MW MEL
1990 11 20 1338 146.303 -38.331 11.6 2.0 MW MEL
1990 12 10 0343 146.751 -38.418 5.0 1.9 MW MEL
1990 12 17 1447 146.403 -38.520 0.0 2.0 MW MEL
1990 12 27 0257 146.414 -38.323 7.7 2.0 MW MEL
1991 01 05 1240 146.511 -38.379 6.5 2.0 MW MEL
1991 02 04 2158 146.442 -38.188 14.5 2.2 MW MEL
1991 02 27 2228 146.221 -38.579 13.8 1.9 MW MEL
1991 04 06 0208 146.090 -38.419 17.2 2.0 MW MEL
1991 05 04 0451 146.331 -38.452 17.7 2.3 MW MEL
1991 05 10 0223 146.331 -38.517 10.0 1.9 MW MEL
1991 05 19 0329 146.487 -38.529 16.8 2.1 MW MEL
1991 05 31 0100 146.280 -38.403 2.1 2.4 MW MEL
1991 05 31 0431 146.077 -38.550 14.9 2.3 MW MEL
1991 06 02 0652 146.181 -38.543 0.0 2.4 MW MEL
1991 06 23 0436 146.372 -38.365 8.5 2.2 MW MEL
1991 07 04 1744 146.407 -38.018 12.7 2.1 MW MEL
1991 07 04 1753 146.408 -38.028 11.6 2.1 MW MEL
1991 07 22 0810 146.159 -38.392 5.0 2.0 MW MEL
1991 08 01 0715 145.987 -38.461 10.0 2.1 MW MEL
1991 08 28 1113 146.257 -38.507 16.0 2.6 MW MEL
1991 09 24 0929 146.543 -38.466 8.6 2.1 MW MEL
1991 09 26 2304 146.266 -38.343 18.2 1.9 MW MEL
1991 09 27 2106 145.923 -38.421 14.7 1.9 MW MEL
1991 10 02 2215 146.606 -38.440 10.1 1.9 MW MEL
1991 10 06 0257 146.532 -37.976 9.8 2.3 MW MEL
1991 10 13 2010 145.685 -38.335 0.0 1.9 MW MEL
1991 11 17 1401 146.257 -38.244 8.5 1.9 MW MEL
1991 12 14 1530 145.879 -38.500 17.9 1.9 MW MEL
1992 01 21 1905 146.342 -38.391 5.2 2.3 MW MEL
1992 01 22 0050 146.229 -38.567 4.3 2.0 MW MEL
1992 01 22 1700 146.910 -38.395 12.8 1.9 MW MEL
1992 03 18 1213 146.087 -38.596 14.7 2.5 MW MEL
1992 04 15 1409 146.112 -38.705 15.8 2.2 MW MEL
1992 04 17 1813 145.735 -38.335 10.8 2.0 MW MEL
1992 04 23 0013 146.733 -38.295 9.5 2.1 MW MEL
1992 04 29 0839 146.301 -38.034 0.8 1.9 MW MEL
1992 05 11 2333 146.417 -38.395 12.6 2.6 MW MEL
1992 05 26 1021 146.408 -38.511 10.0 2.6 MW MEL
1992 06 02 1807 146.200 -38.404 8.9 2.1 MW MEL
1992 06 21 0524 146.048 -38.676 10.0 2.5 MW MEL
1992 06 21 1218 146.182 -38.616 21.1 2.1 MW MEL
1992 07 06 0321 146.629 -38.402 12.0 2.5 MW MEL
1992 07 06 1118 146.388 -38.475 16.9 2.1 MW MEL
1992 07 24 0150 145.871 -38.394 9.3 2.1 MW MEL
1992 08 17 0109 146.097 -38.663 18.3 2.5 MW MEL
1992 08 24 0620 145.804 -38.455 8.6 2.5 MW MEL
1992 09 03 1328 146.537 -37.936 3.6 1.9 MW MEL
1992 11 15 1814 146.020 -38.431 10.0 2.0 MW MEL
1992 12 02 0517 146.429 -38.085 14.2 2.1 MW MEL
1993 01 05 0618 146.095 -38.683 10.0 2.3 MW MEL
1993 01 20 2335 146.098 -38.508 10.0 2.1 MW MEL
1993 01 22 1631 146.223 -38.053 10.0 2.0 MW MEL
1993 01 31 0010 146.950 -38.218 3.8 2.2 MW MEL
1993 02 02 0216 145.944 -38.244 11.1 2.2 MW MEL
1993 02 18 0453 146.226 -38.540 10.0 2.0 MW MEL
1993 03 14 2347 146.471 -37.994 10.0 1.9 MW MEL
1993 03 22 0625 146.719 -38.339 18.2 2.2 MW MEL
1993 03 23 1056 146.243 -38.321 12.1 2.1 MW MEL
1993 05 06 0358 146.382 -38.407 17.2 2.2 MW MEL
1993 05 14 0810 146.028 -38.514 21.1 2.6 MW MEL
1993 05 15 0447 146.559 -38.480 21.3 2.3 MW MEL
1993 05 29 1428 146.429 -38.016 10.9 2.3 MW MEL
1993 06 04 1433 146.178 -37.982 3.6 2.0 MW MEL
1993 06 11 1016 146.462 -38.368 15.5 2.2 MW MEL
1993 07 06 0329 146.217 -38.280 9.3 2.3 MW MEL
1993 07 29 1134 146.276 -38.128 14.6 2.2 MW MEL
1993 08 21 0110 146.347 -38.533 4.6 2.9 MW MEL
1993 08 26 0635 146.458 -38.509 8.5 2.2 MW MEL
1993 09 05 0543 146.272 -38.374 1.0 2.6 MW MEL
1993 10 02 0503 146.376 -38.552 17.2 2.7 MW MEL
1993 10 07 1345 146.442 -38.059 9.1 1.9 MW MEL
1993 10 18 0103 146.258 -38.493 21.5 2.1 MW MEL
1993 10 24 0400 146.366 -38.553 19.1 2.5 MW MEL
1993 10 31 1004 146.268 -38.150 11.5 2.4 MW MEL
1993 11 16 1810 146.237 -38.073 4.7 1.9 MW MEL
1993 12 20 0049 146.277 -38.155 3.6 2.1 MW MEL
1993 12 27 1901 146.043 -38.702 10.0 2.2 MW MEL
1994 01 07 0934 146.437 -37.982 18.5 1.7 MW MEL
1994 02 05 2024 146.365 -38.216 7.1 2.0 MW MEL
1994 02 16 2117 146.489 -38.001 12.1 1.7 MW MEL
1994 02 23 2303 146.644 -38.430 7.2 1.9 MW MEL
1994 02 26 0906 146.263 -38.506 17.6 2.1 MW MEL
1994 04 06 0904 145.827 -38.290 15.1 2.2 MW MEL
1994 04 25 0248 145.638 -38.485 10.0 1.9 MW MEL
1994 04 25 2115 146.281 -38.590 8.6 1.8 MW MEL
1994 06 28 0908 146.238 -38.332 17.2 2.5 MW MEL
1994 07 14 1907 146.355 -38.408 9.7 1.8 MW MEL
1994 07 15 1410 146.292 -38.428 5.9 2.1 MW MEL
1994 07 16 0746 146.539 -38.587 10.0 1.9 MW MEL
1994 08 19 1315 146.134 -38.445 17.4 2.2 MW MEL
1994 08 19 1644 146.108 -38.572 8.5 2.5 MW MEL
1994 09 03 0011 146.134 -38.579 6.6 2.2 MW MEL
1994 09 21 0043 146.274 -38.432 10.1 2.1 MW MEL
1994 10 04 1727 146.149 -38.589 10.4 2.0 MW MEL
1994 10 16 1731 146.287 -38.472 20.0 2.7 MW MEL
1994 10 24 0124 146.532 -37.983 11.3 1.8 MW MEL
1994 11 01 2142 146.203 -38.081 8.9 2.0 MW MEL
1994 11 11 0358 146.095 -38.078 3.9 2.0 MW MEL
1994 12 07 0536 146.721 -38.455 18.1 2.3 MW MEL
1994 12 10 0535 146.135 -38.505 3.9 1.9 MW MEL
1994 12 14 1609 146.365 -38.417 8.5 2.0 MW MEL
1994 12 26 0344 146.548 -38.008 17.0 2.4 MW MEL
1995 02 24 0813 146.257 -38.263 10.4 1.9 MW MEL
1995 02 27 0325 146.090 -38.061 14.6 1.8 MW MEL
1995 04 11 0447 146.297 -38.475 10.0 2.1 MW MEL
1995 07 06 1833 146.555 -38.348 12.7 2.4 MW MEL
1995 07 28 1644 146.107 -38.301 14.9 2.0 MW MEL
1995 08 11 0146 146.242 -38.318 8.6 2.2 MW MEL
1995 08 31 1158 146.339 -38.371 10.0 2.1 MW MEL
1995 09 16 0738 146.281 -38.484 12.5 2.7 MW MEL
1995 10 27 1023 146.368 -38.197 12.6 2.0 MW MEL
1995 10 31 1222 146.324 -38.465 7.8 2.0 MW MEL
1995 12 04 0649 145.824 -38.384 8.1 2.1 MW MEL
1995 12 11 1919 146.370 -38.236 20.0 2.0 MW MEL
1995 12 12 0710 146.250 -38.481 4.1 1.9 MW MEL
1995 12 15 1725 145.915 -38.400 14.2 2.3 MW MEL
1995 12 30 1225 146.469 -38.559 19.8 2.2 MW MEL
1996 01 02 1817 146.659 -38.448 11.7 1.9 MW MEL
1996 01 17 1116 146.692 -38.512 22.8 2.5 MW MEL
1996 02 16 2046 146.217 -38.577 17.8 1.7 MW MEL
1996 02 20 0210 146.295 -38.261 19.2 2.3 MW MEL
1996 03 26 2357 146.089 -38.563 22.9 2.3 MW MEL
1996 04 03 1605 146.091 -38.544 7.0 1.9 MW MEL
1996 04 24 1824 146.355 -38.149 12.4 1.9 MW MEL
1996 06 05 0709 146.595 -38.302 3.7 1.8 MW MEL
1996 06 20 0249 146.136 -38.571 17.2 1.9 MW MEL
1996 08 10 0243 145.665 -38.390 20.8 2.5 MW MEL
1996 09 10 2312 146.280 -38.023 11.4 1.8 MW MEL
1996 10 01 0001 146.753 -38.457 8.8 2.3 MW MEL
1996 10 30 1222 146.366 -38.308 18.8 2.6 MW MEL
1996 11 17 0606 145.670 -38.508 15.8 2.5 MW MEL
1997 01 09 1447 146.187 -38.064 1.8 2.8 MW MEL
1997 01 22 1918 146.555 -37.988 15.0 2.2 MW MEL
1997 02 03 2154 146.435 -38.111 9.6 2.1 MW MEL
1997 02 13 0714 146.406 -38.205 11.8 2.1 MW MEL
1997 02 17 2233 146.252 -38.490 17.1 2.4 MW MEL
1997 03 08 0835 146.075 -38.401 17.2 2.3 MW MEL
1997 04 03 1647 146.257 -38.468 14.6 2.2 MW MEL
1997 05 07 1953 145.878 -38.428 8.7 2.3 MW MEL
1997 05 21 1811 146.081 -38.584 10.7 2.1 MW MEL
1997 08 09 1342 145.789 -38.385 6.1 2.3 MW MEL
1997 10 13 2344 146.010 -38.134 0.0 2.0 MW MEL
1997 11 10 1609 146.322 -38.139 11.6 2.3 MW MEL
1997 11 21 1425 146.950 -38.419 19.6 2.5 MW MEL
1998 01 12 1837 146.068 -38.511 10.0 1.8 MW MEL
1998 01 18 0746 146.510 -38.045 5.9 2.3 MW MEL
1998 01 23 0328 146.088 -38.297 10.0 1.8 MW MEL
1998 02 03 1512 146.095 -38.367 10.2 2.1 MW MEL
1998 04 07 2119 146.132 -38.478 16.3 2.9 MW MEL
1998 04 11 1840 146.236 -38.391 0.8 2.3 MW MEL
1998 04 18 1023 146.854 -38.486 18.1 2.8 MW MEL
1998 05 05 0217 146.586 -38.440 13.6 2.5 MW MEL
1998 05 20 0451 146.472 -38.173 8.0 1.9 MW MEL
1998 06 02 2124 146.064 -38.430 12.1 2.1 MW MEL
1998 06 06 1711 146.402 -38.484 10.0 2.0 MW MEL
1998 06 14 1911 146.407 -38.291 11.2 2.2 MW MEL
1998 06 17 0932 146.201 -38.080 9.5 1.8 MW MEL
1998 06 27 0029 146.168 -38.308 10.5 2.2 MW MEL
1998 07 14 1314 146.221 -38.053 7.5 2.6 MW MEL
1998 08 01 1744 146.605 -38.263 10.0 1.9 MW MEL
1998 08 18 1714 146.063 -38.411 2.3 1.8 MW MEL
1998 08 24 2338 146.491 -38.071 7.9 2.1 MW MEL
1998 11 17 1908 146.296 -38.071 21.7 2.8 MW MEL
1998 11 19 0317 146.280 -38.410 14.9 2.9 MW MEL
1998 11 21 2011 146.446 -37.979 14.7 2.1 MW MEL
1998 12 30 1642 146.578 -38.017 3.6 1.9 MW MEL
1999 02 22 1752 146.563 -38.222 3.8 2.3 MW MEL
1999 03 07 1621 146.245 -38.474 2.8 2.0 MW MEL
1999 03 08 1624 146.080 -38.655 13.3 2.4 MW MEL
1999 03 20 0503 146.855 -38.408 6.9 2.3 MW MEL
1999 04 15 2107 146.221 -38.027 10.0 1.9 MW MEL
1999 05 08 1103 146.396 -38.093 11.1 1.8 MW MEL
1999 06 01 2355 146.272 -38.369 3.7 2.4 MW MEL
1999 06 24 1836 146.695 -38.575 9.6 2.3 MW MEL
1999 08 17 1123 146.088 -38.551 10.3 2.5 MW MEL
1999 10 15 1122 145.610 -38.550 10.0 2.1 MW MEL
1999 10 21 0651 146.479 -37.988 5.9 2.7 MW MEL
1999 11 22 0026 146.259 -38.482 18.4 2.3 MW MEL
1999 12 12 0458 146.562 -38.016 8.3 2.4 MW MEL
1999 12 26 0148 146.149 -38.325 1.6 2.8 MW MEL
2000 03 08 1732 146.083 -38.457 17.0 2.1 MW MEL
2000 04 16 1018 146.330 -38.421 13.0 2.1 MW MEL
2000 04 23 1954 146.322 -38.450 17.2 2.5 MW MEL
2000 06 11 1840 146.302 -38.425 16.6 2.9 MW MEL
2000 06 17 1643 146.208 -38.513 15.5 2.7 MW MEL
2000 07 20 1236 146.428 -38.479 18.2 2.5 MW MEL
2000 07 22 2222 146.657 -38.513 9.6 2.4 MW MEL
2000 08 16 0738 145.909 -38.495 10.0 1.9 MW MEL
2000 08 19 0746 146.229 -38.522 19.3 2.2 MW MEL
2000 09 14 1858 146.337 -38.573 18.3 2.3 MW MEL
2000 10 19 1420 146.507 -38.509 7.8 2.1 MW MEL
2001 01 05 1604 146.006 -38.238 7.2 2.9 MW MEL
2001 01 23 2213 146.240 -38.395 4.5 2.1 MW MEL
2001 01 24 0254 146.054 -38.562 10.5 2.3 MW MEL
2001 01 30 2023 146.068 -38.531 13.0 1.8 MW MEL
2001 02 21 1644 146.054 -38.569 8.6 1.9 MW MEL
2001 03 12 1329 146.290 -38.250 10.0 2.1 MW MEL
2001 03 16 0622 145.666 -38.426 16.2 2.8 MW MEL
2001 03 27 1951 146.449 -38.513 19.7 1.9 MW MEL
2001 05 26 1648 146.443 -38.021 10.0 1.7 MW MEL
2001 06 10 0133 146.287 -38.445 5.7 2.0 MW MEL
2001 06 16 0816 146.055 -38.686 13.2 2.1 MW MEL
2001 06 19 0340 146.026 -38.673 8.5 2.2 MW MEL
2001 09 06 0534 145.900 -38.600 10.0 2.3 MW MEL
2002 03 06 0757 146.202 -38.680 10.0 2.3 MW MEL
2002 03 22 2327 146.216 -38.599 9.0 2.7 MW MEL
2002 04 14 2144 146.273 -38.343 12.6 2.5 MW MEL
2002 04 22 0353 146.204 -38.604 10.0 2.0 MW MEL
2002 04 24 0347 146.195 -38.599 10.0 2.0 MW MEL
2002 05 11 2059 146.217 -38.613 15.3 2.2 MW MEL
2002 05 15 0427 145.919 -38.532 10.0 2.0 MW MEL
2002 05 15 1820 145.873 -38.510 10.0 2.0 MW MEL
2002 05 16 1412 146.121 -38.304 8.5 2.2 MW MEL
2002 07 25 0915 146.187 -38.413 12.2 2.5 MW MEL
2002 07 27 2014 146.371 -38.021 10.0 2.1 MW MEL
2002 12 03 0912 146.226 -38.062 10.0 2.1 MW MEL
2002 12 27 1043 146.086 -38.623 14.8 2.5 MW MEL
2003 01 06 0142 146.482 -38.134 10.0 2.0 MW MEL
2003 01 16 2242 146.217 -38.200 10.0 2.6 MW MEL
2003 01 29 1615 146.064 -38.590 12.4 1.9 MW MEL
2003 01 30 1239 146.109 -38.618 9.0 2.3 MW MEL
2003 02 14 1755 146.070 -38.619 13.7 1.9 MW MEL
2003 02 21 0828 146.376 -38.445 10.0 2.1 MW MEL
2003 03 01 2054 146.328 -38.345 10.0 1.9 MW MEL
2003 03 17 0137 146.132 -38.049 10.0 2.4 MW MEL
2003 03 23 0128 146.854 -38.493 10.0 2.1 MW MEL
2003 03 24 0248 146.379 -38.067 13.9 2.0 MW MEL
2003 03 28 1507 146.303 -38.603 10.0 2.0 MW MEL
2003 05 06 1015 146.237 -38.527 10.0 2.5 MW MEL
2003 08 17 2102 146.730 -38.522 11.0 2.3 MW MEL
2003 09 09 0930 146.360 -38.517 12.3 2.9 MW MEL
2003 10 15 0752 146.184 -38.529 13.1 2.0 MW MEL
2003 11 06 0249 145.889 -38.543 10.0 1.9 MW MEL
2003 12 21 1623 146.194 -38.174 10.0 2.1 MW MEL
2004 01 15 0706 146.566 -37.944 10.0 1.9 MW MEL
2004 01 18 0123 146.208 -38.373 6.8 2.5 MW MEL
2004 01 20 1657 146.101 -38.631 8.8 2.8 MW AUST
2004 02 01 0501 146.489 -38.546 3.7 2.1 MW MEL
2004 02 16 1327 146.551 -38.440 10.0 1.9 MW MEL
2004 02 23 1517 146.237 -38.500 13.9 2.0 MW MEL
2004 03 27 0622 146.742 -38.186 10.0 2.1 MW MEL
2004 04 30 1636 146.255 -38.692 9.0 2.2 MW MEL
2004 05 12 0323 146.405 -38.118 10.0 2.0 MW MEL
2004 07 07 2250 146.231 -38.519 18.2 2.6 MW MEL
2004 10 20 0627 146.154 -38.603 10.0 2.6 MW MEL
2004 11 08 1112 146.285 -38.047 10.0 1.9 MW MEL
2005 01 15 1217 145.898 -38.567 10.0 2.2 MW MEL
2005 01 28 0124 146.342 -38.195 8.0 2.9 MW MEL
2005 01 28 1252 146.355 -38.299 6.9 2.1 MW MEL
2005 02 20 0203 146.096 -38.165 5.5 2.3 MW MEL
2005 04 12 1234 146.087 -38.548 9.5 2.0 MW MEL
2005 04 18 2118 146.289 -38.320 10.0 2.7 MW MEL
2005 04 23 1015 146.548 -38.369 18.9 1.9 MW MEL
2005 05 24 1146 146.301 -38.499 17.2 2.1 MW MEL
2005 06 04 2127 146.340 -38.445 10.0 1.9 MW MEL
2005 06 06 0217 146.507 -38.068 10.0 2.2 MW MEL
2005 07 07 0115 145.888 -38.486 10.0 2.0 MW MEL
2005 08 06 1702 146.646 -38.533 10.0 2.5 MW MEL
2005 08 10 0438 146.445 -38.503 10.0 2.5 MW MEL
2005 08 15 1550 146.380 -38.452 17.2 2.1 MW MEL
2005 08 17 0141 146.366 -37.965 5.0 1.9 MW MEL
2005 09 18 1625 146.093 -38.313 10.0 1.9 MW MEL
2005 09 23 1202 146.138 -38.478 10.0 2.6 MW MEL
2005 10 15 0150 146.073 -38.638 10.0 2.2 MW MEL
2005 11 12 2053 146.754 -38.317 9.0 2.2 MW MEL
2005 11 13 0831 146.090 -38.397 10.0 1.9 MW MEL
2005 11 18 1747 146.622 -38.177 10.0 2.4 MW MEL
2005 12 03 1453 146.365 -38.560 11.0 2.2 MW MEL
2005 12 22 0810 145.862 -38.550 10.0 2.1 MW MEL
2006 03 03 1858 146.589 -38.468 0.0 2.0 MW MEL
2006 03 24 1008 145.640 -38.459 10.0 2.1 MW MEL
2006 07 01 1627 145.706 -38.389 10.0 1.9 MW MEL
2006 08 28 1159 146.133 -38.545 20.4 2.2 MW MEL
2006 08 29 1729 145.629 -38.478 10.0 2.2 MW MEL
2006 10 11 2026 146.453 -38.003 10.7 2.2 MW MEL
2006 10 15 1921 145.945 -38.593 10.0 2.5 MW MEL
2006 10 16 1923 146.005 -38.701 10.0 2.1 MW MEL
2007 01 06 1510 146.016 -38.562 10.0 2.2 MW MEL
2007 02 24 0642 146.276 -38.508 20.1 2.0 MW MEL
2007 02 27 2106 145.875 -38.562 10.0 2.7 MW MEL
2007 03 03 0257 146.057 -38.552 10.0 1.9 MW MEL
2007 03 16 1731 146.141 -38.611 10.0 2.2 MW MEL
2007 04 23 1751 146.486 -38.441 11.1 2.3 MW MEL
2007 06 06 0104 146.345 -38.552 19.5 2.9 MW AUST
2007 06 28 1645 146.249 -38.549 10.0 2.4 MW MEL
2007 08 01 0224 145.965 -38.144 14.1 2.3 MW MEL
2007 08 23 0158 146.521 -38.067 10.0 1.9 MW MEL
2007 10 12 0135 146.555 -37.918 1.2 2.9 MW MEL
2007 10 13 1401 146.225 -38.315 10.0 2.3 MW MEL
2007 10 16 1203 146.335 -38.518 10.0 2.0 MW MEL
2007 11 06 2219 146.256 -38.486 10.0 2.2 MW MEL
2007 11 15 0114 146.582 -38.026 10.0 2.1 MW MEL
2007 11 16 2303 146.364 -38.270 10.0 2.1 MW MEL
2007 11 27 0255 146.059 -38.588 11.1 2.3 MW MEL
2007 12 11 0519 146.620 -38.294 10.0 2.0 MW MEL
2008 02 07 1756 146.188 -38.641 10.0 1.9 MW MEL
2008 03 19 2209 146.758 -38.378 15.9 1.9 MW MEL
2008 03 30 0246 146.151 -38.496 14.3 2.0 MW MEL
2008 04 16 0606 146.706 -38.373 10.0 2.0 MW MEL
2008 05 16 0303 146.733 -38.373 10.0 2.3 MW MEL
2008 05 16 0842 146.389 -38.607 10.0 2.1 MW MEL
2008 05 17 1825 146.139 -38.578 13.9 1.9 MW MEL
2008 07 06 2216 146.093 -38.605 10.0 2.0 MW MEL
2008 08 01 0445 146.221 -38.376 10.0 2.2 MW MEL
2008 08 16 0002 146.230 -38.331 10.0 1.9 MW MEL
2008 08 28 1149 145.824 -38.584 10.0 1.9 MW MEL
2008 11 05 2226 146.480 -38.110 10.0 2.3 MW MEL
2008 12 06 0625 145.614 -38.487 10.0 1.9 MW MEL
2008 12 16 0458 146.257 -38.382 10.0 2.2 MW MEL
2009 01 12 1834 146.673 -38.419 10.0 2.6 MW MEL
2009 02 27 0723 146.011 -38.561 10.0 2.2 MW MEL
2009 05 04 2231 146.169 -38.405 10.0 2.1 MW MEL
2009 06 01 0336 146.122 -38.095 0.0 2.4 MW MEL
2009 06 24 1245 146.542 -38.470 15.4 2.2 MW MEL
2009 08 08 0803 146.465 -38.504 10.0 2.0 MW MEL
2009 08 13 0042 145.918 -38.481 10.0 2.2 MW MEL
2009 09 02 0501 146.456 -38.334 7.1 2.2 MW MEL
2009 10 10 0921 146.195 -38.511 10.0 2.6 MW MEL
2009 10 16 0249 146.606 -38.251 10.0 2.0 MW MEL
2009 10 24 1644 146.480 -37.963 10.0 2.3 MW MEL
2009 11 10 0242 145.818 -38.595 8.5 2.2 MW MEL
2009 11 26 1752 146.218 -38.027 10.0 2.0 MW MEL
2009 11 30 1710 146.220 -38.629 12.8 2.5 MW MEL
2009 12 05 1112 146.188 -38.377 10.0 2.0 MW MEL
2009 12 27 1557 146.046 -38.582 13.4 2.3 MW MEL
2010 01 05 1302 146.351 -38.198 10.0 1.9 MW MEL
2010 01 26 1516 146.419 -38.144 10.0 2.2 MW MEL
2010 01 31 1040 146.239 -38.464 10.0 2.4 MW MEL
2010 02 02 2201 146.219 -38.239 10.0 1.9 MW MEL
2010 03 28 0737 145.919 -38.182 16.8 2.0 MW MEL
2010 07 27 1539 145.829 -38.397 0.0 2.5 MW AUST
