1872 03 30 0000 151.500 -25.500 10.0 2.6 MW Qld Met
1877 02 26 2145 152.800 -27.500 10.0 4.0 MW BRS
1872 08 12 1200 152.000 -26.750 10.0 3.1 MW BRS
1875 11 11 1050 148.500 -22.000 0.0 3.9 MW BRS
1883 08 28 1655 151.700 -25.500 10.0 5.3 MW BRS
1872 08 31 1200 152.100 -26.750 10.0 3.2 MW UQ
1875 11 24 1100 152.000 -28.100 10.0 3.6 MW BRS
1913 12 18 1353 147.000 -20.000 35.0 4.9 MW BRS
1875 09 16 2000 152.500 -27.500 0.0 3.1 MW BMR
1918 06 06 1814 152.500 -23.500 10.0 6.0 MW BRS
1878 03 03 0245 153.200 -24.700 10.0 3.9 MW BRS
1935 04 12 0132 151.670 -25.500 10.0 4.1 MW BRS
1952 06 24 0144 152.800 -25.500 30.0 4.6 MW BRS
1891 01 05 0334 151.100 -25.400 10.0 3.6 MW BRS
1958 12 01 1035 146.500 -16.800 10.0 4.2 MW BRS
1896 02 27 1100 146.500 -16.800 25.0 3.8 MW BRS
1910 11 24 2252 151.200 -25.700 10.0 3.8 MW BRS
1960 11 17 0500 152.830 -27.330 15.0 4.6 MW BRS
1913 05 01 1620 152.500 -27.000 10.0 3.9 MW BRS
1964 03 03 0613 151.700 -25.400 0.0 4.3 MW DES
1888 08 16 0100 152.700 -27.000 10.0 2.0 MW BRS
1897 06 15 1900 151.100 -24.900 10.0 3.2 MW Qld Met
1894 01 29 0000 151.600 -25.200 10.0 2.6 MW BRS
1947 06 11 1003 152.700 -25.480 25.0 3.9 MW BRS
1951 12 30 2034 150.800 -25.700 10.0 3.7 MW BRS
1900 05 09 0000 146.800 -19.300 10.0 2.6 MW BRS
1916 04 14 0645 152.100 -24.600 10.0 3.3 MW BRS
1901 06 27 0000 146.200 -18.600 10.0 2.6 MW BRS
1960 10 19 1137 149.500 -21.200 5.0 3.5 MW BRS
1942 04 10 0300 145.700 -16.200 10.0 3.2 MW BRS
1912 12 06 1700 151.200 -23.900 10.0 2.1 MW Qld Met
1961 08 19 0226 144.700 -15.800 10.0 3.6 MW BRS
1950 04 05 1950 149.600 -21.200 14.0 3.0 MW BRS
1964 03 25 0614 151.400 -25.300 8.0 3.6 MW BRS
1966 09 27 1314 146.500 -17.100 10.0 3.5 MW BRS
1953 12 03 1542 151.400 -24.500 25.0 3.4 MW BRS
1966 09 27 1341 146.500 -17.100 10.0 3.5 MW UQ
1967 02 09 1130 144.700 -15.800 10.0 3.8 MW BRS
1936 06 03 0500 153.200 -24.700 10.0 2.1 MW BRS
1954 09 21 2029 152.000 -25.300 15.0 3.0 MW BRS
1937 01 20 1900 153.000 -26.600 10.0 2.8 MW BRS
1967 07 18 0748 151.300 -25.600 25.0 3.6 MW BRS
1955 02 01 1109 151.800 -26.150 15.0 3.0 MW BRS
1955 09 10 0612 151.600 -25.500 10.0 3.2 MW BRS
1978 03 10 0201 152.499 -27.143 0.0 3.5 MW BRS
1940 02 12 0537 151.670 -25.500 10.0 2.8 MW BRS
1978 05 13 0700 152.626 -27.353 0.0 3.7 MW BRS
1955 12 01 0533 151.700 -25.100 10.0 3.1 MW BRS
1956 01 29 0348 151.500 -25.800 10.0 3.0 MW Jones
1942 07 30 0130 153.100 -26.900 10.0 2.6 MW BRS
1979 10 03 1938 152.679 -27.347 0.0 3.6 MW BRS
1942 08 02 0600 153.050 -27.500 10.0 2.8 MW BRS
1956 03 24 1558 152.700 -26.700 10.0 3.3 MW BRS
1957 11 26 0505 145.600 -18.600 0.0 3.0 MW BRS
1979 10 08 0518 153.063 -27.487 0.0 3.6 MW BRS
1958 11 11 0612 145.600 -18.600 0.0 3.0 MW BRS
1950 06 16 1100 145.600 -17.300 10.0 2.1 MW BRS
1950 06 19 0900 145.500 -17.512 12.0 2.8 MW BMR
1960 09 29 1611 145.400 -17.800 0.0 3.0 MW BRS
1951 01 01 1943 146.000 -16.750 10.0 2.7 MW UQ
1961 02 27 1628 144.000 -16.500 10.0 3.3 MW BRS
1953 02 06 1749 150.700 -24.700 10.0 2.9 MW BRS
1961 06 24 0930 145.600 -17.800 10.0 3.0 MW BRS
1954 05 04 0705 146.000 -17.700 10.0 2.7 MW Jones
1962 07 24 2211 151.200 -25.500 10.0 3.1 MW BRS
1963 02 12 1602 146.600 -20.250 10.0 3.2 MW BRS
1963 03 28 0429 146.200 -17.600 7.0 3.2 MW BRS
1955 04 10 2236 152.200 -26.700 10.0 2.5 MW BRS
1957 04 01 1549 151.000 -25.500 10.0 2.8 MW BRS
1957 04 29 1647 151.700 -25.200 10.0 2.8 MW BRS
1971 09 17 2213 144.000 -16.600 10.0 3.2 MW BRS
1972 03 10 2250 144.000 -16.900 15.0 3.1 MW BRS
1957 05 31 1615 145.600 -18.500 0.0 2.9 MW BRS
1974 02 05 0104 152.000 -28.200 10.0 3.3 MW BRS
1957 10 10 2203 146.500 -17.100 10.0 2.5 MW BRS
1957 11 09 2123 147.300 -20.500 10.0 1.9 MW BRS
1975 11 12 1029 151.900 -25.600 10.0 3.0 MW BRS
1976 10 01 0046 150.700 -24.600 10.0 3.3 MW BRS
1958 05 31 1615 146.700 -18.500 10.0 2.3 MW BRS
1977 11 04 0841 153.680 -24.725 9.0 3.0 MW GSQ
1958 07 30 0211 147.300 -20.500 10.0 1.9 MW BRS
1978 01 06 1339 152.862 -27.208 10.0 3.0 MW BRS
1958 11 30 1020 147.150 -20.500 10.0 1.6 MW BRS
1978 03 24 0427 150.769 -26.037 8.0 3.1 MW GSQ
1978 04 26 1153 152.390 -27.220 22.0 3.2 MW BRS
1959 01 01 1943 146.000 -16.750 10.0 2.7 MW BRS
1959 01 02 1943 146.500 -17.000 10.0 2.9 MW BRS
1978 11 10 1355 151.341 -24.140 1.0 3.1 MW GSQ
1959 11 25 0431 147.700 -19.700 10.0 2.8 MW BRS
1960 09 26 1611 145.600 -17.800 10.0 2.3 MW BRS
1978 12 10 1658 150.448 -24.450 0.0 3.0 MW BRS
1978 12 12 0142 151.000 -25.000 10.0 3.2 MW BRS
1979 01 12 1421 153.272 -26.128 8.0 3.1 MW GSQ
1979 02 28 1502 152.376 -24.002 8.0 3.0 MW GSQ
1979 05 16 1506 153.955 -25.348 8.0 3.4 MW GSQ
1979 05 24 1711 153.040 -24.560 8.0 3.2 MW GSQ
1980 01 01 0238 153.399 -25.680 0.0 3.0 MW GSQ
1962 12 28 1250 148.000 -19.300 10.0 2.8 MW BRS
1963 02 11 0713 151.200 -25.000 10.0 2.5 MW BRS
1980 03 25 0026 152.895 -23.794 9.0 3.4 MW GSQ
1963 02 13 0707 151.200 -25.500 10.0 2.6 MW BRS
1980 09 20 2336 152.851 -27.646 0.0 3.4 MW BRS
1963 05 14 0759 150.700 -24.700 10.0 2.9 MW BRS
1981 03 24 1834 152.263 -27.655 19.7 3.3 MW GSQ
1963 05 21 0743 151.000 -25.500 10.0 2.7 MW BRS
1963 05 23 0522 151.700 -25.700 10.0 2.7 MW BRS
1981 12 22 1534 146.335 -17.572 8.7 3.2 MW GSQ
1963 06 18 0655 151.500 -25.000 10.0 2.9 MW BRS
1983 01 30 2118 151.356 -25.914 0.0 3.4 MW GSQ
1963 07 09 1240 152.000 -26.200 10.0 2.0 MW BRS
1984 01 14 0414 151.853 -26.508 0.3 3.0 MW GSQ
1963 09 29 1659 152.700 -27.700 0.0 2.9 MW BRS
1985 01 27 0403 152.292 -24.507 8.3 3.2 MW GSQ
1965 03 28 0739 145.800 -18.800 10.0 2.7 MW BRS
1985 07 28 0313 151.711 -24.336 9.0 3.2 MW GSQ
1985 12 02 0619 151.725 -25.392 10.0 3.3 MW GSQ
1986 01 08 0955 152.526 -27.076 8.7 3.3 MW GSQ
1967 03 18 2039 148.400 -19.000 10.0 2.8 MW BRS
1986 04 10 0902 153.401 -23.956 4.3 3.0 MW GSQ
1986 07 24 1722 153.087 -24.037 10.0 3.0 MW GSQ
1968 07 04 2316 145.800 -18.800 10.0 2.5 MW BRS
1987 04 01 0726 151.271 -25.934 0.0 3.0 MW GSQ
1969 01 11 2105 148.000 -20.900 10.0 2.8 MW BRS
1969 08 02 1714 145.700 -18.500 10.0 2.8 MW UQ
1987 11 04 1933 150.611 -24.708 9.5 3.1 MW GSQ
1987 12 27 0716 153.673 -24.111 10.0 3.3 MW GSQ
1974 05 06 1655 146.000 -17.400 10.0 2.8 MW BRS
1988 02 26 1346 149.071 -19.490 4.0 3.3 MW GSQ
1974 08 21 0505 146.600 -20.250 10.0 2.5 MW BRS
1988 05 21 0223 151.741 -23.870 0.0 3.3 MW QDM
1988 10 29 2052 151.291 -24.913 10.0 3.3 MW GSQ
1977 01 10 1849 150.967 -25.367 10.0 2.0 MW BRS
1989 03 26 1418 151.205 -21.390 19.0 3.4 MW GSQ
1977 04 08 0256 152.655 -27.414 13.0 1.8 MW QDM
1989 07 12 0830 150.292 -24.805 0.0 3.1 MW GSQ
1989 10 27 1642 144.261 -17.135 12.8 3.4 MW GSQ
1977 04 21 1020 152.833 -27.716 0.0 1.6 MW QDM
1977 04 27 1751 152.621 -27.316 7.0 1.5 MW QDM
1977 04 29 2241 152.824 -27.277 10.0 1.8 MW UQ
1989 11 19 1200 148.763 -19.358 10.3 3.1 MW GSQ
1989 11 19 1237 148.991 -19.790 3.9 3.1 MW GSQ
1977 05 10 1541 151.659 -25.473 3.3 2.5 MW GSQ
1977 05 13 1600 150.908 -25.902 4.4 2.4 MW GSQ
1977 05 15 1907 152.633 -27.436 10.0 1.6 MW QDM
1977 07 04 0903 152.624 -26.431 10.0 2.6 MW BRS
1977 07 21 1644 150.917 -26.336 21.3 2.7 MW GSQ
1977 09 03 1649 152.734 -27.587 8.0 1.8 MW QDM
1977 09 05 2231 151.219 -26.969 3.5 1.9 MW GSQ
1977 09 14 2132 152.653 -27.420 10.0 1.8 MW QDM
1977 09 22 0620 151.514 -25.687 9.8 2.6 MW GSQ
1977 09 30 0503 152.023 -26.284 8.0 2.2 MW BRS
1977 10 03 0503 152.629 -27.294 8.0 1.9 MW QDM
1977 11 13 1439 151.442 -24.824 9.0 2.7 MW GSQ
1977 11 13 1514 152.511 -27.137 6.0 1.8 MW QDM
1977 11 14 1809 152.915 -27.308 0.0 1.6 MW QDM
1977 11 28 1258 152.155 -26.913 7.0 1.7 MW QDM
1977 12 05 1507 153.060 -27.483 10.0 1.5 MW QDM
1977 12 10 0144 152.554 -27.214 5.0 2.1 MW BRS
1977 12 19 0028 150.959 -25.546 10.0 2.5 MW UQ
1978 01 07 1643 151.922 -26.355 2.0 1.7 MW QDM
1978 01 09 1413 152.700 -27.200 10.0 2.4 MW BRS
1978 01 09 1727 148.000 -19.400 10.0 2.3 MW BRS
1978 01 10 1617 152.843 -27.682 14.0 1.9 MW QDM
1978 01 18 1822 153.668 -26.422 2.0 2.1 MW GSQ
1978 01 25 0632 153.872 -25.973 10.0 2.6 MW GSQ
1978 02 13 1151 152.649 -27.406 11.0 1.8 MW QDM
1978 02 24 1721 152.728 -27.735 1.0 1.4 MW QDM
1978 03 06 1454 151.081 -25.669 10.0 2.6 MW GSQ
1978 03 06 1715 152.645 -27.430 5.0 1.5 MW QDM
1978 03 23 0840 150.558 -25.906 8.0 2.4 MW GSQ
1978 03 23 1626 152.960 -27.804 7.0 1.5 MW QDM
1978 03 29 1025 152.588 -27.237 8.0 2.3 MW BRS
1978 03 31 0048 153.140 -26.359 1.0 2.0 MW GSQ
1978 04 18 0802 152.529 -27.148 10.0 1.6 MW QDM
1978 04 19 1349 152.645 -27.420 12.6 2.2 MW BRS
1978 04 29 1250 151.270 -26.078 1.0 2.5 MW GSQ
1978 04 30 1223 151.383 -27.553 1.0 2.2 MW BRS
1978 05 24 1809 152.366 -27.131 7.0 2.6 MW BRS
1978 06 04 1255 151.540 -25.450 9.7 2.5 MW GSQ
1978 06 07 2044 152.567 -27.215 12.0 2.1 MW BRS
1978 06 09 1311 152.857 -27.654 2.2 2.0 MW BRS
1978 06 13 0549 152.708 -26.007 1.0 2.7 MW BRS
1978 07 05 1657 152.146 -27.314 3.5 2.3 MW BRS
1978 07 08 0000 153.333 -27.000 10.0 2.3 MW BRS
1978 08 17 0435 152.681 -26.751 2.0 1.6 MW QDM
1978 09 18 0459 151.905 -26.942 2.5 2.1 MW GSQ
1978 09 22 0710 153.056 -26.464 0.0 2.3 MW GSQ
1978 09 26 1441 152.255 -26.676 7.6 2.3 MW GSQ
1978 10 22 0655 152.240 -28.303 17.0 2.1 MW UQ
1978 10 27 1251 152.898 -27.428 9.0 2.4 MW QDM
1978 10 27 1449 152.853 -27.688 0.0 1.7 MW QDM
1979 01 03 0631 152.777 -27.151 10.0 2.3 MW UQ
1979 04 10 0924 153.161 -26.146 9.7 2.8 MW GSQ
1979 06 08 0516 152.664 -27.262 1.0 1.5 MW QDM
1979 06 13 1822 147.200 -18.100 10.0 2.4 MW BRS
1979 06 19 1036 151.140 -24.484 9.0 2.9 MW GSQ
1979 07 01 1423 152.524 -26.328 7.0 1.6 MW QDM
1979 07 04 1334 152.079 -24.370 8.0 2.5 MW GSQ
1979 08 18 0804 151.767 -26.289 5.6 2.0 MW GSQ
1979 10 12 2245 153.491 -26.980 9.0 2.0 MW GSQ
1979 10 16 1143 152.389 -25.119 9.0 2.7 MW GSQ
1979 10 17 0537 152.823 -27.175 1.0 1.8 MW QDM
1979 10 20 1301 152.621 -27.205 0.0 2.1 MW QDM
1979 10 31 1634 147.200 -18.100 10.0 2.5 MW BRS
1979 11 08 1642 151.762 -28.243 0.0 2.5 MW GSQ
1979 11 19 1640 152.500 -27.100 10.0 1.8 MW UQ
1979 12 04 1931 152.877 -27.178 10.0 1.8 MW QDM
1980 03 06 1717 151.863 -26.083 1.6 2.2 MW GSQ
1980 05 02 0109 152.874 -26.363 0.0 2.0 MW BRS
1980 05 27 1214 152.576 -27.102 10.0 1.4 MW QDM
1980 06 01 0238 153.515 -25.454 10.0 2.6 MW BRS
1980 06 07 1230 152.156 -26.540 5.0 2.0 MW GSQ
1980 06 09 0407 153.184 -27.025 0.5 1.9 MW GSQ
1980 07 04 2012 153.300 -27.100 10.0 1.3 MW UQ
1980 08 02 0443 153.242 -27.017 0.0 1.8 MW GSQ
1980 08 12 0202 151.222 -26.995 0.0 1.9 MW GSQ
1980 09 19 0443 152.648 -27.375 10.0 2.0 MW UQ
1980 10 07 0507 151.782 -25.499 0.0 2.5 MW GSQ
1980 10 18 1327 151.430 -27.512 0.0 2.1 MW GSQ
1980 11 11 2142 151.542 -25.472 0.0 2.2 MW GSQ
1980 11 25 0003 152.112 -26.442 10.1 2.2 MW GSQ
1980 12 14 1732 152.019 -25.554 3.4 2.0 MW GSQ
1981 01 03 1849 151.500 -25.987 7.0 2.7 MW GSQ
1981 01 12 1212 152.650 -27.400 10.0 1.7 MW UQ
1981 01 19 0915 152.500 -27.100 10.0 1.6 MW UQ
1981 01 24 0958 152.650 -27.400 10.0 1.8 MW UQ
1981 01 30 1149 151.987 -26.253 3.2 2.1 MW BRS
1981 02 15 1939 147.706 -19.323 4.0 2.1 MW GSQ
1981 02 17 1156 152.317 -26.663 8.0 1.6 MW QDM
1981 02 27 0619 150.016 -21.869 4.0 2.2 MW GSQ
1981 03 01 2129 152.291 -26.630 10.0 2.0 MW UQ
1981 03 06 1831 148.882 -19.714 5.4 2.1 MW GSQ
1981 03 11 0716 147.484 -19.018 9.1 2.1 MW GSQ
1981 03 14 0740 152.500 -27.100 10.0 1.5 MW UQ
1981 03 21 0813 146.476 -20.212 10.5 2.8 MW GSQ
1981 03 23 1143 154.100 -25.200 0.0 2.5 MW BRS
1981 03 25 1009 152.653 -24.954 10.0 2.7 MW BRS
1981 04 12 0805 151.696 -25.772 10.0 2.5 MW BRS
1981 04 16 1351 152.897 -26.413 7.0 1.7 MW QDM
1981 04 20 1513 152.738 -27.631 8.0 1.9 MW BRS
1981 05 02 1501 153.599 -26.140 10.0 2.3 MW BRS
1981 05 10 1205 150.337 -20.179 4.1 2.1 MW GSQ
1981 05 20 1755 151.327 -25.560 10.0 2.3 MW BRS
1981 05 24 0400 151.985 -26.288 10.4 2.3 MW GSQ
1981 05 25 0020 152.500 -27.200 10.0 1.7 MW UQ
1981 06 08 0633 152.860 -27.654 15.5 2.2 MW BRS
1981 06 16 1937 149.516 -18.837 35.0 2.3 MW GSQ
1981 06 18 1650 148.505 -20.208 6.0 1.7 MW QDM
1981 06 30 1841 151.027 -25.578 5.0 2.6 MW BRS
1981 07 03 0331 151.718 -27.560 0.1 1.9 MW BRS
1981 07 04 1343 147.570 -20.258 17.0 1.6 MW QDM
1981 07 10 1544 147.827 -20.822 14.0 1.6 MW QDM
1981 07 18 0058 147.583 -20.253 4.0 1.4 MW QDM
1981 07 20 2153 147.898 -20.781 14.0 1.4 MW QDM
1981 07 24 1505 152.300 -27.100 10.0 1.6 MW UQ
1981 08 02 0530 151.937 -26.060 6.0 2.5 MW BRS
1981 08 13 0634 147.697 -20.460 4.7 2.1 MW GSQ
1981 08 31 0601 148.084 -20.881 19.0 1.9 MW GSQ
1981 09 04 0747 151.446 -25.967 2.0 2.2 MW UQ
1981 09 10 1158 147.612 -20.534 16.0 1.6 MW QDM
1981 09 10 1158 147.622 -20.538 15.0 1.6 MW QDM
1981 09 11 1324 149.373 -19.621 14.9 1.9 MW BRS
1981 09 13 1558 149.235 -19.184 8.8 2.4 MW GSQ
1981 09 14 1301 152.717 -24.201 14.0 2.9 MW BRS
1981 09 19 1056 152.550 -27.100 10.0 1.4 MW UQ
1981 09 22 0521 152.550 -27.100 10.0 1.4 MW UQ
1981 10 02 1132 152.500 -27.200 10.0 1.6 MW UQ
1981 10 03 1818 147.685 -20.504 8.0 1.5 MW QDM
1981 10 03 1818 147.666 -20.487 16.0 1.5 MW QDM
1981 10 06 0629 151.828 -26.020 17.0 2.0 MW BRS
1981 10 08 0339 147.233 -20.488 4.0 1.6 MW QDM
1981 10 09 0008 147.686 -20.526 4.0 1.3 MW QDM
1981 10 11 1002 147.238 -20.488 4.0 2.2 MW GSQ
1981 10 15 0705 152.619 -27.391 8.0 1.8 MW QDM
1981 10 21 2021 148.828 -19.577 5.1 2.5 MW GSQ
1981 10 26 2335 147.235 -20.490 4.0 1.3 MW QDM
1981 11 05 1112 147.235 -20.491 4.0 1.3 MW QDM
1981 11 11 0638 147.797 -20.611 4.0 2.0 MW GSQ
1981 11 13 1919 149.107 -21.442 6.0 2.5 MW GSQ
1981 12 10 0711 147.259 -20.467 0.0 2.3 MW GSQ
1981 12 25 0142 151.745 -25.285 10.0 2.7 MW BRS
1982 01 15 1031 151.690 -25.276 1.0 2.4 MW BRS
1982 01 27 1624 147.828 -19.235 10.0 1.8 MW QDM
1982 02 03 0910 151.444 -26.112 0.0 1.8 MW GSQ
1982 02 21 1757 147.684 -21.329 19.0 1.8 MW QDM
1982 03 31 0424 151.920 -25.990 6.0 2.2 MW BRS
1982 04 01 1548 151.817 -26.114 5.0 2.3 MW BRS
1982 04 22 0653 152.607 -27.411 10.0 2.6 MW BRS
1982 05 08 0100 152.400 -27.000 10.0 1.3 MW UQ
1982 06 10 0846 147.424 -20.418 4.0 1.9 MW GSQ
1982 06 15 1321 149.962 -20.037 10.7 2.1 MW GSQ
1982 07 14 1613 152.045 -27.816 15.8 2.3 MW BRS
1982 07 27 1459 147.967 -19.464 10.0 2.2 MW QDM
1982 08 15 0304 146.584 -18.949 5.0 1.6 MW QDM
1982 09 01 0812 151.047 -25.666 1.0 2.6 MW BRS
1982 09 11 0138 152.250 -26.750 10.0 1.8 MW UQ
1982 09 13 2124 152.515 -27.156 10.0 2.0 MW BRS
1982 10 02 0124 152.551 -27.070 8.0 1.5 MW QDM
1982 11 13 0822 151.446 -26.022 1.0 2.7 MW BRS
1982 11 16 1534 148.743 -19.969 4.2 2.3 MW GSQ
1982 11 24 1740 150.847 -25.516 0.0 2.7 MW BRS
1982 12 16 1424 151.683 -25.451 10.0 2.8 MW BRS
1982 12 31 0919 147.235 -20.488 4.0 1.7 MW QDM
1983 01 17 1724 152.300 -27.100 10.0 1.2 MW UQ
1983 01 22 0328 152.924 -27.445 6.0 1.6 MW QDM
1983 01 25 1449 154.088 -24.849 10.0 2.4 MW BRS
1983 03 02 1258 153.528 -26.349 1.0 2.7 MW BRS
1983 03 05 1425 149.288 -19.107 16.0 1.9 MW GSQ
1983 04 06 0206 152.639 -28.162 10.0 2.7 MW BRS
1983 04 06 1137 152.300 -26.800 10.0 1.6 MW UQ
1983 04 15 0747 151.250 -25.053 14.0 2.4 MW BRS
1983 04 20 0640 152.029 -28.289 10.0 2.3 MW BRS
1983 06 27 2320 151.827 -26.112 5.0 2.5 MW BRS
1983 07 09 1808 146.557 -18.507 14.1 2.3 MW GSQ
1983 07 14 1642 152.671 -24.990 15.0 2.2 MW BRS
1983 07 24 0816 151.234 -25.704 2.0 2.8 MW BRS
1983 07 28 1902 148.859 -20.225 0.0 1.9 MW GSQ
1983 07 31 0250 152.473 -26.287 9.0 2.1 MW GSQ
1983 08 18 1405 151.896 -25.337 10.0 2.3 MW BRS
1983 08 27 2008 147.234 -20.491 5.0 1.7 MW QDM
1983 08 28 1656 152.229 -26.880 2.0 1.6 MW QDM
1983 10 05 1313 153.292 -26.967 10.9 2.3 MW GSQ
1983 10 26 1344 147.234 -20.488 4.0 1.3 MW QDM
1983 11 06 1727 148.411 -19.649 7.0 2.2 MW GSQ
1983 12 23 0211 151.444 -26.112 0.0 1.9 MW GSQ
1983 12 25 0837 147.599 -20.474 4.0 1.9 MW GSQ
1983 12 31 1039 149.054 -20.732 5.0 2.4 MW GSQ
1984 01 18 0914 150.439 -25.880 0.0 2.8 MW GSQ
1984 01 20 1737 152.400 -27.000 10.0 1.3 MW UQ
1984 02 18 1955 152.063 -27.208 4.7 1.9 MW BRS
1984 03 04 0711 151.812 -26.931 9.9 2.6 MW BRS
1984 04 02 0603 147.240 -20.484 5.0 1.3 MW QDM
1984 04 10 1812 152.400 -27.000 10.0 1.3 MW UQ
1984 06 12 1055 147.005 -18.794 9.0 2.4 MW GSQ
1984 06 29 1022 152.242 -26.840 10.0 2.3 MW BRS
1984 07 08 1954 151.588 -25.435 26.6 2.2 MW GSQ
1984 07 13 1338 147.733 -19.623 5.0 1.8 MW QDM
1984 07 22 1438 151.285 -25.431 0.0 1.9 MW GSQ
1984 09 10 2229 151.380 -26.165 0.0 1.9 MW BRS
1984 09 11 0509 152.116 -26.157 5.0 1.8 MW QDM
1984 09 12 0325 152.083 -26.626 10.6 2.1 MW BRS
1984 09 24 0541 150.994 -25.110 1.0 2.5 MW GSQ
1984 09 24 1130 150.786 -25.150 17.0 2.5 MW GSQ
1984 09 29 1755 152.646 -22.925 0.0 2.8 MW GSQ
1984 10 04 1042 151.017 -24.968 12.0 1.7 MW QDM
1984 10 10 0247 151.480 -24.939 21.6 1.9 MW GSQ
1984 10 21 1601 150.319 -24.303 10.0 2.1 MW GSQ
1984 11 19 1506 152.938 -23.936 19.0 2.1 MW GSQ
1984 11 25 1846 151.375 -25.002 10.0 2.0 MW GSQ
1984 12 01 0239 152.810 -27.268 9.0 1.6 MW QDM
1984 12 15 1440 151.225 -25.133 10.3 2.2 MW GSQ
1984 12 18 0052 150.932 -26.507 12.9 2.0 MW GSQ
1984 12 24 1944 151.020 -25.357 10.0 2.4 MW GSQ
1985 01 16 1047 151.673 -26.315 0.0 1.6 MW QDM
1985 01 17 1659 152.958 -27.811 4.0 1.4 MW QDM
1985 01 20 1205 150.942 -25.030 9.0 1.9 MW GSQ
1985 01 20 1214 151.895 -24.988 2.8 2.3 MW GSQ
1985 01 22 0717 152.498 -27.062 7.0 1.4 MW QDM
1985 02 04 1154 150.720 -24.718 10.1 2.8 MW GSQ
1985 02 19 1513 152.424 -26.313 4.0 1.7 MW QDM
1985 02 27 2003 152.165 -25.672 5.1 1.9 MW GSQ
1985 03 08 1220 151.584 -26.284 0.0 2.1 MW BRS
1985 03 18 2148 147.644 -20.758 11.0 1.2 MW QDM
1985 03 26 1027 147.304 -18.724 0.0 2.4 MW QDM
1985 03 30 1614 151.317 -26.202 14.0 1.8 MW QDM
1985 04 21 2058 152.100 -26.649 7.6 1.9 MW BRS
1985 04 24 0438 152.099 -26.195 0.0 1.9 MW BRS
1985 05 02 1356 150.499 -24.704 9.0 1.9 MW GSQ
1985 05 06 2058 151.388 -25.210 10.0 2.4 MW GSQ
1985 05 12 0640 151.598 -25.585 3.0 1.9 MW GSQ
1985 05 17 0759 147.070 -19.235 14.0 2.2 MW GSQ
1985 05 18 0202 151.970 -26.319 9.8 2.3 MW GSQ
1985 06 06 1104 150.868 -24.746 5.0 2.0 MW GSQ
1985 06 07 2213 149.033 -20.157 4.2 2.7 MW GSQ
1985 06 15 1755 151.971 -26.368 6.0 2.4 MW GSQ
1985 07 16 0807 151.401 -25.074 10.0 2.6 MW GSQ
1985 07 28 1321 146.950 -17.945 9.0 2.5 MW GSQ
1985 07 29 0029 151.247 -26.955 4.4 2.1 MW GSQ
1985 08 05 0706 153.809 -25.854 5.6 2.8 MW GSQ
1985 08 11 1404 151.383 -25.137 10.0 2.2 MW GSQ
1985 09 17 1037 151.617 -25.245 9.0 2.3 MW GSQ
1985 09 18 1021 147.656 -19.522 10.0 2.0 MW GSQ
1985 09 18 1801 148.940 -20.691 0.0 1.9 MW GSQ
1985 09 24 1048 151.374 -24.981 9.0 2.3 MW GSQ
1985 09 27 1017 150.999 -25.208 6.0 2.5 MW GSQ
1985 10 08 1557 152.306 -27.909 9.0 1.8 MW QDM
1985 10 19 0950 150.565 -24.092 0.1 2.2 MW GSQ
1985 10 20 0847 151.363 -24.815 5.6 1.9 MW GSQ
1985 10 24 1646 150.508 -25.851 5.4 2.3 MW GSQ
1985 10 29 0140 147.628 -20.491 6.0 1.3 MW QDM
1985 11 08 1954 151.147 -24.811 2.4 2.1 MW GSQ
1985 11 10 1143 148.510 -20.021 13.4 2.1 MW GSQ
1985 12 10 1937 151.923 -23.802 9.0 1.8 MW QDM
1985 12 26 1809 147.657 -20.497 9.0 1.9 MW GSQ
1986 02 01 2118 152.512 -27.111 6.0 1.3 MW QDM
1986 02 05 1258 151.620 -26.147 11.0 2.7 MW GSQ
1986 02 14 1803 146.977 -20.550 5.0 1.6 MW QDM
1986 03 03 1436 152.361 -26.842 8.8 2.1 MW BRS
1986 04 15 2119 152.516 -27.141 6.0 1.6 MW QDM
1986 04 20 1808 153.756 -26.535 3.5 2.5 MW BRS
1986 05 03 1608 152.835 -27.278 9.0 1.6 MW QDM
1986 05 09 1538 152.497 -27.154 8.0 1.5 MW QDM
1986 05 19 0046 152.816 -27.276 10.5 2.9 MW GSQ
1986 06 21 1026 152.090 -26.735 9.9 2.1 MW BRS
1986 06 22 0250 149.804 -23.302 9.0 2.5 MW GSQ
1986 06 29 2055 151.246 -25.768 0.4 2.2 MW GSQ
1986 08 09 0257 152.159 -27.695 11.0 1.6 MW QDM
1986 08 18 1133 151.444 -26.112 0.0 2.0 MW BRS
1986 08 22 1454 148.216 -19.670 7.1 2.3 MW GSQ
1986 08 26 1951 152.802 -27.252 8.4 2.0 MW BRS
1986 08 27 0620 152.186 -26.736 10.0 2.0 MW BRS
1986 09 07 1938 152.139 -26.767 7.4 2.1 MW BRS
1986 09 23 1838 154.093 -25.786 8.0 2.5 MW BRS
1986 09 28 2001 152.211 -26.682 10.0 2.6 MW GSQ
1986 10 28 0408 152.311 -28.106 6.6 2.0 MW GSQ
1986 11 11 1616 150.906 -24.367 1.8 2.0 MW GSQ
1986 11 11 1710 153.463 -23.765 9.0 2.7 MW GSQ
1986 11 16 2103 152.555 -27.070 9.0 1.4 MW QDM
1986 11 18 0816 151.339 -24.427 8.0 1.8 MW QDM
1986 12 12 0007 152.451 -27.258 0.0 1.4 MW QDM
1986 12 23 0904 151.551 -27.459 6.0 1.9 MW GSQ
1986 12 27 0051 152.495 -25.067 0.0 2.2 MW GSQ
1987 01 01 2148 152.525 -27.031 9.0 1.4 MW QDM
1987 01 22 0123 151.628 -26.031 1.3 2.8 MW GSQ
1987 03 05 0341 151.944 -25.983 6.6 1.9 MW BRS
1987 03 26 1139 153.990 -24.814 10.0 2.4 MW GSQ
1987 04 01 0729 151.444 -26.112 10.0 1.6 MW QDM
1987 05 03 0629 151.444 -26.112 0.0 1.9 MW GSQ
1987 05 28 0932 151.876 -26.110 6.8 2.3 MW GSQ
1987 06 06 1423 152.721 -26.589 8.0 1.7 MW QDM
1987 06 11 0513 148.024 -21.507 0.0 2.3 MW GSQ
1987 06 12 2103 152.031 -26.033 8.4 2.0 MW GSQ
1987 07 18 1547 148.809 -19.884 12.2 2.0 MW GSQ
1987 07 27 1157 152.349 -27.158 8.0 1.5 MW QDM
1987 07 30 1430 148.023 -20.255 7.0 1.5 MW QDM
1987 08 19 1821 147.264 -20.493 4.0 1.8 MW QDM
1987 08 30 1623 151.381 -25.118 10.0 2.0 MW GSQ
1987 09 01 2006 152.491 -26.553 8.6 2.5 MW GSQ
1987 09 05 1721 148.801 -19.650 7.1 2.3 MW GSQ
1987 10 18 1242 152.485 -26.420 10.0 1.7 MW QDM
1987 10 21 0146 150.897 -25.631 4.3 2.5 MW GSQ
1987 10 28 0311 151.296 -25.721 0.0 2.5 MW GSQ
1987 11 03 2041 152.508 -27.084 7.0 1.4 MW QDM
1987 11 15 1745 152.357 -26.856 10.0 1.5 MW QDM
1987 11 17 1452 151.800 -25.526 0.6 2.4 MW GSQ
1987 11 27 2355 151.794 -27.763 1.2 2.5 MW BRS
1987 12 04 2101 149.021 -20.696 10.0 2.2 MW GSQ
1987 12 13 0302 151.424 -26.047 9.1 2.1 MW BRS
1987 12 24 0917 145.796 -18.510 19.0 2.5 MW GSQ
1988 01 02 2219 151.047 -24.766 5.0 2.4 MW GSQ
1988 02 13 2052 151.444 -26.112 0.0 1.9 MW BRS
1988 02 14 1619 151.617 -25.423 0.0 2.4 MW GSQ
1988 03 05 0949 151.081 -26.000 5.0 2.2 MW QDM
1988 03 05 0949 151.245 -25.908 0.0 2.1 MW QDM
1988 03 15 1109 149.663 -20.741 8.0 2.4 MW QDM
1988 03 29 2012 152.392 -26.436 6.0 1.9 MW QDM
1988 04 11 1152 150.674 -24.075 0.0 2.4 MW GSQ
1988 04 11 1530 153.967 -25.083 7.0 2.9 MW QDM
1988 04 30 0024 151.444 -26.112 0.0 1.9 MW BRS
1988 05 01 1121 151.751 -27.877 10.0 2.6 MW BRS
1988 05 23 1450 152.574 -27.086 9.0 1.5 MW QDM
1988 05 28 0118 151.384 -25.163 9.4 2.3 MW GSQ
1988 07 05 1333 151.648 -27.679 0.0 1.9 MW QDM
1988 07 27 0252 147.259 -20.562 4.0 1.7 MW QDM
1988 07 30 2147 147.250 -20.561 4.0 1.7 MW QDM
1988 08 20 0628 151.444 -26.112 0.0 2.8 MW BRS
1988 08 21 0850 151.200 -24.950 10.0 1.9 MW QDM
1988 08 22 2147 151.500 -25.250 10.0 2.2 MW QDM
1988 09 12 1534 151.444 -26.112 0.0 2.2 MW BRS
1988 10 11 1040 146.969 -20.575 5.0 1.4 MW QDM
1988 10 15 0556 146.969 -20.575 4.5 2.2 MW GSQ
1988 11 02 1940 152.493 -27.626 11.0 1.7 MW QDM
1988 11 23 0939 147.088 -20.646 7.0 1.6 MW QDM
1988 12 06 0724 152.393 -26.432 5.0 2.9 MW BMR
1989 01 09 1959 151.444 -26.112 0.0 2.0 MW GSQ
1989 01 11 1207 150.387 -24.087 9.1 2.3 MW GSQ
1989 01 20 2055 151.390 -25.264 9.0 2.0 MW GSQ
1989 02 02 2057 151.036 -26.575 9.0 1.9 MW GSQ
1989 02 10 1509 151.947 -23.784 9.5 2.8 MW GSQ
1989 02 16 1902 151.993 -25.508 8.7 2.0 MW GSQ
1989 03 06 1714 151.306 -25.891 6.8 2.2 MW GSQ
1989 03 07 0948 150.735 -24.635 0.0 2.5 MW GSQ
1989 03 11 0417 151.218 -24.972 9.8 2.4 MW GSQ
1989 04 04 1223 151.372 -24.979 10.0 2.4 MW GSQ
1989 04 20 1050 147.159 -20.435 7.6 2.0 MW GSQ
1989 04 29 1648 153.733 -26.213 8.6 2.3 MW BRS
1989 07 12 0958 152.323 -27.614 8.0 1.2 MW QDM
1989 07 19 2257 152.542 -27.207 8.0 1.6 MW QDM
1989 07 23 1750 147.056 -20.637 5.0 1.6 MW QDM
1989 09 13 1745 147.761 -20.101 5.0 2.3 MW GSQ
1989 10 07 1942 152.217 -27.282 10.0 1.4 MW QDM
1989 11 08 2009 152.511 -27.163 6.0 1.6 MW QDM
1989 12 04 2342 152.327 -26.909 8.0 1.5 MW QDM
1989 12 26 0138 151.133 -25.277 9.4 2.8 MW GSQ
1990 01 01 2220 151.288 -25.016 9.0 2.3 MW GSQ
1990 01 05 1945 151.502 -25.006 10.2 2.1 MW GSQ
1990 01 10 0327 152.180 -27.508 10.0 1.6 MW QDM
1990 01 22 1341 146.300 -17.250 8.0 1.5 MW QDM
1990 01 29 0146 152.305 -26.384 1.1 2.1 MW BRS
1990 03 05 0109 152.843 -27.534 19.1 1.9 MW BRS
1990 03 11 2216 151.622 -24.207 7.0 2.5 MW GSQ
1990 03 12 0117 150.923 -20.142 5.0 2.9 MW GSQ
1990 04 04 0240 152.542 -27.124 16.0 1.6 MW QDM
1990 04 16 0644 145.816 -18.045 2.0 1.9 MW GSQ
1990 04 28 1450 151.402 -25.452 5.1 2.3 MW GSQ
1990 05 01 2213 146.300 -17.250 8.0 1.6 MW QDM
1990 05 07 2026 152.815 -27.557 18.0 1.4 MW QDM
1990 05 22 1333 151.386 -25.198 8.4 2.4 MW GSQ
1990 05 23 0541 151.492 -25.382 10.0 1.5 MW QDM
1990 06 03 0628 152.521 -27.313 5.0 1.3 MW QDM
1990 06 04 2322 152.525 -27.319 6.0 1.4 MW QDM
1990 06 23 0813 150.861 -25.805 14.8 2.7 MW GSQ
1990 06 28 0248 151.474 -26.132 10.0 2.5 MW GSQ
1990 07 05 1133 152.122 -26.228 8.4 1.9 MW GSQ
1990 07 07 1629 150.857 -24.237 5.0 2.2 MW GSQ
1990 07 22 1138 152.817 -27.313 0.0 1.3 MW QDM
1990 07 26 0758 146.000 -17.450 8.0 1.6 MW QDM
1990 08 19 0158 146.000 -17.450 8.0 1.6 MW QDM
1990 08 26 0216 152.849 -27.301 1.0 1.7 MW QDM
1990 09 15 0341 146.000 -17.450 8.0 1.4 MW QDM
1990 09 15 1016 145.537 -18.570 3.6 2.1 MW GSQ
1990 09 27 0524 151.036 -25.285 8.0 1.9 MW GSQ
1990 11 03 2001 147.091 -18.479 10.7 2.9 MW GSQ
1990 12 08 1341 150.724 -26.381 8.0 2.8 MW GSQ
1990 12 11 1610 150.619 -23.610 6.1 2.7 MW GSQ
1990 12 12 2241 151.394 -25.317 8.0 1.9 MW GSQ
1990 12 13 0250 151.535 -25.310 9.9 2.2 MW GSQ
1990 12 27 0847 147.746 -20.541 8.0 2.5 MW GSQ
1991 01 23 1528 147.100 -20.600 0.0 2.1 MW CQU
1991 02 07 1140 150.526 -26.030 8.0 2.2 MW GSQ
1991 02 10 1013 147.100 -20.600 0.0 2.5 MW GSQ
1991 02 13 2144 144.000 -17.000 8.0 2.2 MW QDM
1991 02 26 1033 150.700 -23.500 0.0 2.1 MW QDM
1991 03 08 1300 146.200 -17.300 8.0 1.6 MW QDM
1991 03 09 0650 144.000 -17.000 0.0 1.8 MW QDM
1991 03 15 0429 152.378 -23.816 8.0 2.8 MW GSQ
1991 04 13 0328 150.264 -20.429 8.0 2.9 MW GSQ
1991 04 16 2040 151.793 -25.455 9.5 2.1 MW GSQ
1991 05 03 0003 147.233 -20.488 0.0 1.7 MW QDM
1991 05 22 0707 151.316 -24.780 0.0 2.0 MW BRS
1991 05 24 0410 152.647 -26.882 0.2 2.0 MW BRS
1991 06 02 0607 152.376 -27.482 9.0 1.8 MW QDM
1991 06 03 1455 150.622 -25.357 5.8 2.6 MW GSQ
1991 06 21 2237 152.878 -27.503 7.0 1.5 MW QDM
1991 06 22 2134 147.980 -20.687 19.0 2.5 MW GSQ
1991 06 24 1212 151.390 -25.260 8.0 2.0 MW GSQ
1991 07 04 1646 150.632 -23.596 9.0 1.7 MW QDM
1991 07 11 0702 151.440 -26.112 0.0 2.0 MW BRS
1991 07 13 1935 151.307 -25.622 3.5 2.7 MW GSQ
1991 07 15 1807 151.409 -25.558 8.0 1.6 MW QDM
1991 07 19 1430 146.300 -17.250 8.0 1.6 MW QDM
1991 07 23 1152 146.200 -17.300 8.0 1.6 MW QDM
1991 07 26 0459 151.460 -25.207 10.0 2.6 MW GSQ
1991 09 07 0636 152.203 -26.705 11.0 2.5 MW BRS
1991 09 13 1337 152.878 -25.104 5.0 2.4 MW GSQ
1991 10 01 0333 150.543 -25.702 10.0 2.9 MW BRS
1991 10 03 0413 146.285 -17.277 8.0 2.2 MW GSQ
1991 10 20 1044 151.664 -26.195 4.0 1.7 MW QDM
1991 10 24 0257 152.587 -27.370 0.0 1.4 MW QDM
1991 10 28 2316 146.370 -17.191 8.0 1.9 MW GSQ
1991 10 29 2329 146.279 -17.367 13.0 2.2 MW GSQ
1991 11 12 0408 152.263 -22.605 8.0 2.6 MW GSQ
1991 11 16 1330 151.342 -24.513 8.0 1.7 MW QDM
1991 11 21 0104 151.316 -24.780 0.0 1.9 MW GSQ
1991 11 30 2134 146.200 -17.300 8.0 1.6 MW QDM
1991 12 10 1252 152.550 -27.115 0.0 1.3 MW QDM
1991 12 14 1333 146.200 -17.300 8.0 1.5 MW QDM
1991 12 14 1346 151.833 -22.378 8.0 2.9 MW GSQ
1991 12 21 1411 151.442 -26.483 2.6 2.1 MW GSQ
1991 12 29 2021 152.651 -27.090 17.0 1.8 MW QDM
1991 12 30 1436 145.480 -17.630 8.0 1.1 MW QDM
1992 01 06 1040 146.200 -17.300 8.0 1.6 MW UQ
1992 01 08 1846 152.661 -26.508 2.0 1.7 MW QDM
1992 01 09 0713 150.491 -23.435 8.0 1.9 MW BRS
1992 01 11 0308 151.133 -25.406 2.3 2.1 MW GSQ
1992 01 11 2131 151.717 -26.047 7.0 2.8 MW BRS
1992 01 17 2256 146.156 -17.326 8.0 2.5 MW GSQ
1992 01 29 0322 151.316 -24.780 0.0 2.9 MW GSQ
1992 01 30 1405 146.200 -17.300 8.0 1.6 MW QDM
1992 02 02 1228 151.444 -26.112 0.0 1.9 MW BRS
1992 02 23 1042 152.488 -27.053 8.0 1.6 MW QDM
1992 03 03 0335 152.400 -26.290 9.5 2.7 MW GSQ
1992 03 03 0840 152.558 -26.891 8.0 1.5 MW QDM
1992 03 11 0035 151.092 -25.941 3.0 2.8 MW GSQ
1992 03 21 2237 150.895 -26.609 0.5 2.4 MW GSQ
1992 03 22 1750 151.110 -26.595 12.0 1.8 MW QDM
1992 03 24 1850 146.200 -17.300 8.0 1.4 MW UQ
1992 03 31 0116 150.429 -25.382 8.0 2.5 MW GSQ
1992 03 31 0121 151.444 -26.112 0.0 2.2 MW BRS
1992 04 04 1446 151.371 -24.963 8.0 2.2 MW GSQ
1992 04 24 1252 150.798 -24.654 8.7 2.3 MW GSQ
1992 05 21 0145 147.930 -21.087 2.9 2.7 MW GSQ
1992 05 24 1104 152.527 -27.085 13.0 1.4 MW QDM
1992 05 28 0250 151.203 -25.037 10.0 1.7 MW UQ
1992 06 04 0323 152.756 -25.039 0.0 2.5 MW GSQ
1992 06 08 0454 145.434 -18.129 8.0 2.0 MW GSQ
1992 06 25 1048 144.000 -17.000 0.0 1.9 MW UQ
1992 06 25 2210 144.000 -17.000 0.0 1.9 MW UQ
1992 07 08 2312 152.448 -25.038 0.0 2.3 MW GSQ
1992 07 09 0147 151.855 -26.304 5.0 1.7 MW QDM
1992 07 09 0854 151.444 -26.112 0.0 2.1 MW BRS
1992 07 14 0717 151.444 -26.112 0.0 2.6 MW BRS
1992 07 15 1549 151.103 -24.437 5.4 2.4 MW BRS
1992 07 17 1210 151.942 -26.481 10.0 2.3 MW BRS
1992 07 21 0634 152.708 -27.086 0.0 1.4 MW QDM
1992 07 22 1444 152.669 -26.794 10.0 1.4 MW QDM
1992 07 26 1739 146.239 -17.425 6.3 2.4 MW GSQ
1992 07 30 1508 152.469 -27.737 16.0 1.4 MW QDM
1992 07 31 2148 144.000 -17.000 0.0 1.8 MW UQ
1992 08 03 0044 151.444 -26.112 0.0 1.9 MW BRS
1992 08 04 0953 151.716 -21.429 8.0 2.8 MW GSQ
1992 08 08 0820 151.444 -26.112 0.0 2.5 MW BRS
1992 08 10 0328 151.075 -26.671 8.0 1.4 MW QDM
1992 08 25 1005 153.701 -24.354 8.0 2.5 MW GSQ
1992 08 30 1916 151.366 -25.490 8.0 1.6 MW QDM
1992 09 01 0843 146.300 -17.250 8.0 1.7 MW UQ
1992 09 10 1055 146.174 -17.324 8.0 2.0 MW GSQ
1992 09 21 0833 151.868 -25.855 8.0 2.2 MW BRS
1992 09 22 2323 146.219 -17.262 8.0 2.3 MW GSQ
1992 09 24 1908 151.938 -25.570 8.0 1.7 MW QDM
1992 09 25 0501 152.021 -25.565 8.0 2.2 MW GSQ
1992 09 25 1558 151.700 -25.478 7.7 2.4 MW GSQ
1992 09 27 0702 151.287 -25.744 0.1 2.2 MW GSQ
1992 09 27 1351 144.000 -17.000 0.0 1.8 MW UQ
1992 09 28 0728 147.121 -20.625 0.0 2.0 MW BRS
1992 09 29 0135 144.000 -17.000 0.0 1.9 MW UQ
1992 10 01 0133 151.316 -24.780 0.0 2.3 MW BRS
1992 10 03 0740 151.808 -25.793 0.0 1.9 MW BRS
1992 10 04 0301 151.810 -26.714 7.6 2.1 MW BRS
1992 10 12 1255 150.244 -24.525 8.0 2.4 MW BRS
1992 10 30 0457 151.688 -25.703 10.0 2.2 MW GSQ
1992 11 14 1637 152.133 -24.195 0.5 2.4 MW GSQ
1992 11 17 0524 151.316 -24.780 0.0 2.4 MW BRS
1992 11 18 1638 146.200 -17.300 8.0 1.7 MW UQ
1992 11 25 2127 151.563 -25.707 1.2 2.9 MW GSQ
1992 12 10 0138 152.691 -27.080 0.0 1.3 MW UQ
1992 12 14 0810 151.300 -25.765 8.0 2.3 MW GSQ
1992 12 22 0559 144.000 -17.000 0.0 1.7 MW UQ
1992 12 31 0844 151.444 -26.112 0.0 2.1 MW BRS
1993 01 01 2003 152.904 -23.331 8.0 2.4 MW BRS
1993 01 03 0851 152.426 -26.932 5.2 2.2 MW BRS
1993 01 08 1527 151.020 -26.516 0.0 2.2 MW BRS
1993 01 14 1927 152.404 -26.572 10.0 1.8 MW UQ
1993 01 14 1927 152.430 -26.604 4.0 1.8 MW UQ
1993 01 19 0724 150.902 -24.765 6.0 2.1 MW BRS
1993 01 22 0442 150.624 -24.525 0.0 2.2 MW BRS
1993 02 09 1615 150.903 -24.711 8.0 2.1 MW BRS
1993 02 17 0949 151.444 -26.112 0.0 1.9 MW BRS
1993 02 23 2112 149.773 -19.755 8.0 2.9 MW BRS
1993 03 10 0759 152.327 -27.825 5.7 1.9 MW BRS
1993 03 13 1227 151.404 -25.082 0.0 1.9 MW BRS
1993 03 17 1626 151.444 -26.112 0.0 1.9 MW BRS
1993 03 20 1637 151.369 -24.918 8.0 2.4 MW BRS
1993 04 02 0245 151.372 -24.971 8.0 1.9 MW BRS
1993 05 03 1857 145.484 -17.633 8.0 1.8 MW UQ
1993 05 17 1002 151.930 -26.349 6.8 2.1 MW BRS
1993 05 18 1905 144.000 -17.000 0.0 1.9 MW UQ
1993 05 22 0934 146.200 -17.300 8.0 1.8 MW UQ
1993 05 31 0455 152.550 -27.115 0.0 2.0 MW BRS
1993 06 03 1146 151.329 -26.283 11.9 2.4 MW BRS
1993 06 10 1103 146.300 -17.250 8.0 1.7 MW UQ
1993 07 13 1520 154.017 -24.987 8.0 2.6 MW BRS
1993 07 17 1730 146.200 -17.300 8.0 1.7 MW UQ
1993 07 21 0641 151.449 -26.179 1.5 2.3 MW BRS
1993 07 24 1417 151.316 -24.078 0.0 2.1 MW BRS
1993 07 27 0418 146.200 -17.300 8.0 1.9 MW UQ
1993 08 04 0555 151.444 -26.112 0.0 2.0 MW BRS
1993 08 07 1402 152.794 -24.284 8.0 2.3 MW BRS
1993 08 12 1625 144.000 -17.000 8.0 2.2 MW UQ
1993 08 20 2207 143.762 -16.859 8.0 2.8 MW BRS
1993 08 21 0606 144.000 -17.000 8.0 2.0 MW UQ
1993 08 22 0956 152.500 -26.548 8.0 2.5 MW BRS
1993 08 26 1732 144.000 -17.000 8.0 1.8 MW UQ
1993 09 06 1603 152.549 -23.241 8.0 2.7 MW BRS
1993 09 13 1207 144.000 -17.000 8.0 1.8 MW UQ
1993 10 03 0228 151.828 -26.057 6.9 2.3 MW BRS
1993 10 06 0142 150.588 -25.784 5.0 2.4 MW BRS
1993 10 15 2151 151.475 -25.193 6.8 2.7 MW BRS
1993 11 13 1936 151.316 -24.078 0.0 2.4 MW BRS
1993 11 13 2143 152.508 -26.924 8.0 1.3 MW UQ
1993 11 15 2014 153.441 -26.275 8.0 2.3 MW BRS
1993 12 07 0927 151.316 -24.078 0.0 1.9 MW BRS
1993 12 08 0832 151.316 -24.078 0.0 2.2 MW BRS
1993 12 11 2032 151.152 -25.767 8.0 2.1 MW BRS
1993 12 13 1849 151.444 -26.112 0.0 1.9 MW BRS
1993 12 16 1605 151.071 -25.710 9.1 2.1 MW BRS
1993 12 27 0313 151.444 -26.112 0.0 1.9 MW BRS
1994 01 30 1511 150.728 -24.768 8.0 2.1 MW BRS
1994 02 01 1631 151.246 -25.946 0.0 2.7 MW BRS
1994 02 08 1123 150.176 -25.328 0.1 2.9 MW BRS
1994 02 14 1446 152.752 -27.339 19.0 1.5 MW UQ
1994 02 14 2230 151.444 -26.112 0.0 2.1 MW BRS
1994 02 19 2100 151.389 -25.247 10.0 2.3 MW BRS
1994 02 26 0257 151.444 -26.112 0.0 1.9 MW BRS
1994 03 05 0245 152.095 -27.455 10.0 1.3 MW UQ
1994 03 05 0725 150.530 -24.540 0.0 2.0 MW CQU
1994 03 06 0753 151.444 -26.112 0.0 1.9 MW BRS
1994 03 09 1330 150.334 -25.303 8.0 2.1 MW BRS
1994 03 29 1124 150.807 -24.715 0.0 2.0 MW BRS
1994 04 05 0538 151.444 -26.112 0.0 1.9 MW BRS
1994 04 28 0729 152.452 -23.869 8.0 2.4 MW BRS
1994 05 05 1535 151.444 -26.112 0.0 2.8 MW BRS
1994 05 09 2109 151.750 -22.690 0.0 2.5 MW CQU
1994 05 14 1608 150.878 -26.257 0.0 2.7 MW BRS
1994 05 21 2000 152.325 -27.802 5.0 1.5 MW UQ
1994 06 05 1620 150.658 -26.450 8.0 1.8 MW UQ
1994 06 25 0955 152.539 -27.093 0.0 1.4 MW UQ
1994 07 13 1945 151.300 -25.600 10.0 2.2 MW UQ
1994 07 31 1903 152.510 -27.101 4.0 1.2 MW UQ
1994 08 10 1145 149.392 -26.656 8.0 2.2 MW BRS
1994 08 12 2040 150.179 -24.192 8.0 2.4 MW BRS
1994 09 01 2313 151.372 -24.968 8.0 2.4 MW BRS
1994 09 06 1430 151.367 -24.967 8.0 2.7 MW BRS
1994 09 30 1154 151.378 -25.072 8.0 1.6 MW UQ
1994 10 20 1213 151.161 -23.018 10.0 2.5 MW CQU
1994 10 31 2337 151.024 -25.627 8.0 2.3 MW BRS
1994 11 13 0130 152.575 -26.536 0.0 2.3 MW BRS
1994 11 18 0344 151.364 -24.841 8.0 2.1 MW BRS
1994 11 22 1038 151.444 -26.112 0.0 2.0 MW BRS
1994 11 25 1742 153.343 -26.359 2.0 1.7 MW UQ
1994 12 26 1244 151.104 -25.527 5.0 2.8 MW BRS
1995 01 03 0036 151.204 -25.719 10.0 1.6 MW UQ
1995 02 01 1833 151.016 -26.590 10.0 1.7 MW UQ
1995 02 09 2100 151.753 -23.972 10.0 2.0 MW BRS
1995 02 18 0225 150.856 -25.678 1.0 1.9 MW BRS
1995 02 26 1341 151.269 -24.915 10.0 2.0 MW BRS
1995 03 08 2317 151.305 -27.471 10.0 2.4 MW BRS
1995 03 11 0544 151.314 -26.298 10.0 1.5 MW UQ
1995 03 13 0817 151.156 -26.505 10.0 1.4 MW UQ
1995 03 13 1855 151.183 -25.923 10.0 1.6 MW UQ
1995 03 25 1042 151.190 -25.163 10.0 2.0 MW BRS
1995 03 25 1802 152.114 -27.307 10.0 1.6 MW UQ
1995 03 28 1627 151.329 -24.984 10.0 2.3 MW BRS
1995 04 04 0709 151.331 -26.545 10.0 1.6 MW UQ
1995 04 04 1842 151.209 -25.942 10.0 1.4 MW UQ
1995 04 19 1525 146.840 -20.259 10.0 2.4 MW BRS
1995 04 25 2228 147.121 -20.625 0.0 2.0 MW BRS
1995 05 03 0716 151.549 -25.275 10.0 2.1 MW BRS
1995 05 09 0410 147.121 -20.625 0.0 2.3 MW BRS
1995 06 26 1108 153.009 -22.695 7.0 2.2 MW BRS
1995 07 04 1828 151.344 -25.796 10.0 2.1 MW BRS
1995 07 30 1035 150.749 -25.663 9.7 2.3 MW BRS
1995 08 09 1150 150.573 -25.213 10.0 2.4 MW BRS
1995 08 12 2103 151.399 -26.027 10.0 1.8 MW UQ
1995 08 15 0302 147.121 -20.625 0.0 2.2 MW BRS
1995 08 27 0306 147.121 -20.625 0.0 2.3 MW BRS
1995 09 06 1915 151.346 -24.943 10.0 2.3 MW BRS
1995 09 07 0334 150.869 -23.959 10.0 1.8 MW UQ
1995 09 16 0442 147.121 -20.625 0.0 1.9 MW BRS
1995 09 17 2207 151.200 -24.100 0.0 2.1 MW BRS
1995 09 26 0821 151.444 -26.112 0.0 1.9 MW BRS
1995 10 02 1709 151.405 -24.910 10.0 1.7 MW UQ
1995 10 03 1116 151.127 -24.769 7.6 2.3 MW BRS
1995 10 09 2039 151.388 -23.796 7.0 1.9 MW UQ
1995 10 16 1538 150.483 -24.746 10.0 2.2 MW BRS
1995 10 19 1323 151.544 -25.486 10.0 1.5 MW UQ
1995 10 26 0455 151.642 -26.318 10.0 2.0 MW BRS
1995 10 30 1718 147.426 -19.487 10.0 2.8 MW BRS
1995 11 28 1807 151.794 -26.201 10.0 1.9 MW BRS
1995 12 14 0520 150.898 -25.369 5.0 1.9 MW BRS
1995 12 26 0711 151.444 -26.112 0.0 2.9 MW BRS
1996 01 06 0144 150.905 -25.900 9.0 2.5 MW BRS
1996 01 15 0533 152.686 -27.438 13.3 2.2 MW BRS
1996 02 06 0400 151.444 -26.112 0.0 2.4 MW BRS
1996 02 09 1303 148.126 -20.022 0.0 2.3 MW BRS
1996 02 12 1846 151.444 -26.112 0.0 1.9 MW BRS
1996 02 18 2227 151.444 -26.112 0.0 2.0 MW BRS
1996 02 24 0720 151.444 -26.112 0.0 2.0 MW BRS
1996 02 25 0119 151.444 -26.112 0.0 2.1 MW BRS
1996 03 27 1400 152.555 -27.095 7.8 2.0 MW BRS
1996 04 24 1504 151.444 -26.112 0.0 2.0 MW BRS
1996 04 25 0036 151.444 -26.112 0.0 2.1 MW BRS
1996 05 04 1731 152.014 -26.299 10.0 1.9 MW BRS
1996 05 24 1715 151.444 -26.112 0.0 2.0 MW BRS
1996 06 09 2057 151.444 -26.112 0.0 2.1 MW BRS
1996 06 24 1341 152.461 -27.096 11.0 1.5 MW UQ
1996 07 13 0059 151.415 -25.915 0.0 2.3 MW BRS
1996 07 28 1545 152.232 -27.560 10.0 1.4 MW UQ
1996 08 15 1422 152.147 -27.533 14.0 1.4 MW UQ
1996 08 15 1719 151.816 -24.985 10.0 2.6 MW BRS
1996 08 15 1720 149.952 -26.909 1.0 2.5 MW BRS
1996 09 29 1537 152.001 -25.784 10.0 2.5 MW BRS
1996 10 08 1832 152.335 -25.709 10.0 2.1 MW BRS
1996 11 13 0307 151.720 -24.909 10.0 2.6 MW BRS
1996 11 13 1808 151.444 -26.112 0.0 2.1 MW BRS
1996 12 12 2121 151.444 -26.112 0.0 2.1 MW BRS
1996 12 26 0320 151.648 -25.112 18.3 2.9 MW BRS
1997 01 06 0752 152.550 -27.115 0.0 1.9 MW BRS
1997 01 12 1259 152.334 -27.785 5.6 2.0 MW BRS
1997 01 19 0126 151.444 -26.112 0.0 2.3 MW BRS
1997 02 11 1949 152.884 -27.055 9.7 2.1 MW BRS
1997 02 14 0526 151.444 -26.112 0.0 1.9 MW BRS
1997 03 29 0604 147.954 -19.647 11.9 2.4 MW BRS
1997 04 12 0425 152.646 -27.305 10.9 2.1 MW BRS
1997 04 15 0933 151.444 -26.112 0.0 2.3 MW BRS
1997 04 29 1210 151.444 -26.112 0.0 2.3 MW BRS
1997 07 11 2002 152.381 -26.887 10.0 1.4 MW UQ
1997 08 15 0947 150.559 -25.059 10.0 2.6 MW BRS
1997 08 15 1550 151.723 -27.198 0.3 2.7 MW BRS
1997 08 17 1550 151.723 -27.198 0.0 2.7 MW UQ
1997 08 30 1412 151.775 -25.505 3.9 2.6 MW BRS
1997 09 06 1249 151.543 -25.091 10.0 2.4 MW BRS
1997 09 21 2049 151.444 -26.112 0.0 2.0 MW BRS
1997 10 11 2106 151.444 -26.112 0.0 2.1 MW BRS
1997 10 15 2306 151.049 -25.363 10.0 2.6 MW BRS
1997 10 22 1927 151.444 -26.112 0.0 2.3 MW BRS
1997 10 30 2120 151.809 -26.149 0.9 2.0 MW BRS
1997 11 18 1349 151.141 -24.832 0.0 2.1 MW BRS
1997 11 24 1555 145.696 -16.767 5.0 2.9 MW BRS
1997 12 18 1827 151.404 -24.940 10.0 2.0 MW BRS
1997 12 25 1122 150.970 -24.928 10.0 2.3 MW BRS
1997 12 25 2330 151.444 -26.112 0.0 1.9 MW BRS
1998 07 09 1832 154.689 -24.068 0.0 2.7 MW RC
1998 07 24 1015 147.121 -20.625 10.0 1.8 MW SRC
1998 08 20 1337 151.432 -25.911 10.0 2.3 MW SRC
1998 09 11 1317 148.298 -19.983 1.0 2.9 MW RC
1998 10 15 1219 146.989 -20.499 27.2 1.9 MW RC
1998 10 28 0710 153.341 -23.499 10.0 2.9 MW RC
1998 10 31 0351 150.424 -25.369 10.0 2.6 MW RC
1999 02 27 0540 151.200 -23.744 10.0 2.9 MW SRC
1999 04 01 0032 151.615 -25.019 10.0 2.3 MW RC
1999 05 24 1427 152.265 -23.475 10.0 2.7 MW RC
1999 06 11 1426 152.470 -27.020 8.0 1.7 MW SEQW
1999 06 23 1710 151.685 -26.451 10.0 2.9 MW RC
1999 10 14 0256 152.800 -27.300 5.0 1.6 MW SEQW
1999 10 18 1130 152.300 -26.900 5.0 1.3 MW SEQW
1999 10 20 1057 147.732 -19.366 10.0 2.7 MW RC
1999 10 20 1708 152.440 -26.950 13.0 1.9 MW SEQW
1999 11 08 0807 152.818 -24.629 2.0 2.6 MW RC
1999 11 12 2234 152.917 -24.452 10.0 2.7 MW RC
1999 11 26 0102 151.115 -24.759 10.0 2.5 MW RC
1999 11 30 1315 152.830 -27.220 6.0 2.1 MW SEQW
2000 01 31 1358 148.086 -19.036 10.0 2.5 MW RC
2000 01 31 1500 145.684 -17.190 10.0 2.7 MW RC
2000 02 27 0939 151.790 -25.850 5.0 2.6 MW SEQW
2000 02 27 1220 152.530 -27.030 10.0 1.6 MW SEQW
2000 03 12 1002 151.835 -25.158 2.0 2.4 MW RC
2000 03 19 1659 152.700 -27.410 5.0 1.8 MW SEQW
2000 04 19 1657 152.690 -27.420 11.0 2.2 MW SEQW
2000 07 03 0534 152.320 -26.320 10.0 2.0 MW SEQW
2000 07 05 0534 152.450 -26.370 0.0 2.5 MW SEQW
2000 07 15 1350 152.680 -27.380 14.0 2.1 MW SEQW
2000 07 23 1234 150.820 -26.240 10.0 2.5 MW SEQW
2000 08 29 1500 151.944 -25.619 0.0 2.9 MW AGSO
2000 09 03 1022 152.790 -27.240 8.0 2.1 MW SEQW
2000 09 10 2148 151.520 -26.160 10.0 2.2 MW SEQW
2000 12 14 1203 152.580 -27.240 14.0 2.1 MW SEQW
2000 12 23 0105 153.190 -27.240 10.0 2.4 MW SEQW
2001 01 10 0918 152.200 -25.150 10.0 2.5 MW SEQW
2001 01 10 0948 152.200 -25.150 10.0 2.5 MW SEQW
2001 05 11 1232 150.208 -26.511 30.7 2.7 MW AUST
2001 05 31 1106 152.450 -27.200 10.0 1.7 MW SEQW
2001 06 03 0156 152.610 -27.100 11.0 2.0 MW SEQW
2001 06 03 0156 152.060 -27.120 6.0 1.9 MW SEQW
2001 07 14 1517 150.059 -25.059 10.0 2.8 MW RC
2001 09 10 1010 152.200 -27.540 5.0 1.9 MW SEQW
2001 09 10 1011 152.200 -27.540 5.0 1.9 MW SEQW
2001 09 11 0048 152.500 -26.350 0.0 2.1 MW SEQW
2001 11 12 1623 152.950 -27.480 8.0 1.6 MW SEQW
2001 12 25 0548 152.370 -26.840 9.0 2.3 MW SEQW
2002 04 10 0941 151.214 -26.669 0.0 2.4 MW MEL
2002 04 19 1748 152.350 -27.960 5.0 2.3 MW SEQW
2002 04 27 1214 152.200 -27.560 6.0 1.9 MW SEQW
2002 05 26 1947 152.300 -26.920 8.0 1.8 MW SEQW
2002 08 01 1230 153.100 -26.510 1.0 2.3 MW SEQW
2002 08 26 1554 152.200 -26.700 1.0 2.4 MW SEQW
2002 11 17 2344 152.290 -26.820 0.0 2.1 MW SEQW
2003 01 11 1732 151.252 -26.393 5.0 1.9 MW RC
2003 01 24 0916 151.163 -26.360 10.0 1.9 MW RC
2003 02 09 2359 150.587 -25.671 10.0 1.9 MW RC
2003 03 07 0001 151.256 -25.863 5.0 1.6 MW SRC
2003 03 31 1344 151.279 -27.579 4.3 2.8 MW RC
2003 04 13 0014 152.630 -27.300 11.0 2.3 MW SEQW
2003 04 13 0509 152.250 -27.440 0.0 1.7 MW SEQW
2003 04 29 0942 152.340 -26.610 6.0 1.5 MW SEQW
2003 04 29 1607 151.700 -25.850 10.0 2.9 MW SEQW
2003 06 28 0808 151.800 -25.200 5.0 1.9 MW UCQ
2003 06 28 0818 151.800 -25.200 5.0 1.9 MW UCQ
2003 07 08 1252 152.867 -24.764 10.0 2.4 MW RC
2003 08 15 1607 151.700 -25.850 10.0 2.9 MW SEQW
2003 08 19 0758 151.500 -25.147 10.0 2.8 MW RC
2003 08 25 1607 151.751 -25.941 12.2 2.5 MW RC
2003 09 17 1127 144.000 -16.900 0.0 2.6 MW SRC
2003 11 05 0900 144.000 -16.900 0.0 2.5 MW SRC
2003 11 10 1205 151.366 -25.235 10.0 2.5 MW RC
2003 11 13 0728 144.000 -16.900 0.0 2.5 MW SRC
2003 11 19 1725 144.000 -16.900 0.0 2.5 MW SRC
2003 11 24 1925 152.660 -27.110 5.0 1.7 MW SEQW
2003 12 04 2001 150.602 -25.761 10.0 2.9 MW MEL
2003 12 08 2128 152.250 -26.350 5.0 2.1 MW SEQW
2003 12 13 1442 147.829 -19.329 1.5 2.5 MW RC
2003 12 24 0049 146.998 -18.928 2.0 2.9 MW RC
2004 01 22 0356 149.283 -22.654 10.0 2.8 MW MEL
2004 01 23 1143 151.412 -26.113 10.0 2.3 MW MEL
2004 02 17 0937 151.098 -26.007 10.0 2.3 MW RC
2004 02 20 1051 151.774 -25.471 10.2 2.7 MW MEL
2004 03 11 1051 152.530 -27.120 5.0 1.5 MW SEQW
2004 04 12 2034 144.000 -16.900 0.0 2.1 MW SRC
2004 04 23 2005 144.000 -16.900 0.0 2.5 MW SRC
2004 05 11 0123 151.720 -25.250 13.0 1.5 MW UCQ
2004 05 18 0710 151.800 -25.200 10.0 1.8 MW SRC
2004 05 24 2123 144.000 -16.900 0.0 2.3 MW SRC
2004 06 03 1734 152.510 -27.011 10.3 2.1 MW RC
2004 06 13 2106 144.536 -16.888 10.0 2.1 MW RC
2004 06 20 1813 151.946 -25.967 5.9 1.8 MW RC
2004 06 24 1650 152.512 -27.971 10.0 2.7 MW RC
2004 07 15 1548 145.581 -17.077 8.7 1.9 MW RC
2004 08 01 0657 145.254 -17.003 14.1 2.1 MW RC
2004 08 11 1002 152.806 -24.539 2.0 2.5 MW RC
2004 08 21 1347 151.407 -26.077 8.4 2.6 MW RC
2004 08 31 1201 150.721 -24.842 1.0 2.1 MW RC
2004 09 22 2057 151.552 -25.213 5.0 2.2 MW RC
2004 10 01 1215 147.250 -20.433 10.0 1.2 MW SRC
2004 10 16 1842 152.361 -22.988 10.0 2.6 MW RC
2004 10 22 1121 151.396 -24.996 10.0 2.3 MW RC
2004 10 22 1941 145.827 -16.540 10.0 2.5 MW RC
2004 11 23 0151 145.678 -16.740 0.0 2.3 MW RC
2004 12 29 1315 144.109 -16.971 10.0 2.5 MW RC
2005 01 30 0957 152.628 -24.286 2.0 2.6 MW RC
2005 01 31 0034 153.014 -24.714 10.0 2.3 MW RC
2005 02 01 0827 151.827 -27.882 5.8 2.8 MW RC
2005 02 03 0950 151.824 -25.388 10.0 2.7 MW RC
2005 02 07 1931 146.032 -16.817 11.8 2.4 MW RC
2005 02 12 0832 151.750 -25.050 10.0 1.7 MW UCQ
2005 02 12 1140 151.814 -25.236 12.9 1.9 MW RC
2005 02 13 0914 143.802 -17.878 10.0 2.3 MW RC
2005 03 14 1303 150.830 -27.040 5.0 2.7 MW SEQW
2005 03 22 0124 145.842 -19.642 9.0 2.6 MW RC
2005 03 25 1054 151.770 -24.972 8.4 2.6 MW RC
2005 03 27 2235 151.056 -24.451 18.3 2.7 MW RC
2005 04 11 0457 152.230 -27.500 5.0 2.1 MW SEQW
2005 05 03 1928 151.948 -26.322 5.8 2.3 MW RC
2005 05 19 2323 152.200 -25.680 10.0 2.0 MW CQU
2005 05 22 2304 150.767 -24.763 5.0 2.0 MW RC
2005 06 04 1409 152.620 -24.030 5.0 2.2 MW RC
2005 06 16 1354 151.475 -25.238 0.0 1.7 MW SRC
2005 06 17 0948 152.715 -27.519 12.0 2.1 MW SRC
2005 07 18 0908 152.656 -27.413 17.3 1.9 MW RC
2005 08 10 0810 152.454 -27.095 0.0 1.9 MW RC
2005 08 11 1440 152.415 -27.071 0.0 1.9 MW RC
2005 08 25 2232 152.010 -25.180 9.0 2.1 MW CQU
2005 08 25 2234 152.010 -25.180 10.0 2.1 MW UCQ
2005 09 06 1501 154.551 -24.636 0.0 2.8 MW RC
2005 09 07 0918 152.620 -27.123 10.1 2.6 MW RC
2005 09 10 1141 143.931 -16.878 10.0 2.9 MW RC
2005 09 18 0702 152.169 -27.003 7.6 2.2 MW RC
2005 09 19 0130 153.084 -26.505 11.0 2.0 MW MEL
2005 09 22 1606 151.382 -25.848 5.6 2.2 MW RC
2005 09 23 0251 152.999 -26.563 10.0 2.0 MW MEL
2005 09 26 1527 152.657 -27.346 9.2 1.9 MW RC
2005 10 08 0356 152.660 -27.408 11.0 1.4 MW SRC
2005 10 10 1850 148.454 -19.833 0.0 2.6 MW RC
2005 10 11 1747 150.732 -25.598 10.0 1.9 MW RC
2005 10 12 1630 148.024 -19.740 8.2 2.6 MW RC
2005 11 09 1930 152.614 -27.281 15.0 1.7 MW SRC
2005 11 14 0013 152.297 -27.562 5.0 1.2 MW SRC
2005 11 23 1750 143.960 -16.922 10.0 2.1 MW RC
2005 12 12 2355 144.080 -16.817 0.0 2.0 MW SRC
2006 01 02 1616 151.646 -25.406 0.2 2.5 MW RC
2006 01 10 0755 143.801 -16.934 10.3 2.3 MW RC
2006 01 12 2339 145.667 -16.169 0.2 2.6 MW RC
2006 01 24 0326 152.262 -27.019 7.0 1.4 MW SRC
2006 02 13 0140 151.911 -27.192 6.0 1.8 MW SRC
2006 02 14 1755 151.418 -25.189 19.1 1.9 MW RC
2006 02 27 1045 151.950 -25.130 15.0 1.7 MW UCQ
2006 03 05 0943 152.856 -27.411 3.0 1.8 MW SRC
2006 03 05 1702 152.518 -26.902 9.9 1.9 MW RC
2006 03 07 2137 151.622 -26.453 4.5 2.0 MW RC
2006 03 16 1122 152.705 -24.035 10.0 2.2 MW RC
2006 03 17 1415 146.200 -17.063 10.1 2.3 MW RC
2006 03 18 1922 145.992 -16.801 10.0 2.2 MW RC
2006 03 29 0430 146.246 -17.244 10.0 2.4 MW RC
2006 03 29 1911 146.142 -17.071 10.0 2.2 MW RC
2006 03 31 1823 151.500 -25.200 10.0 1.7 MW UCQ
2006 04 01 0800 146.035 -17.331 10.0 2.2 MW RC
2006 04 11 2128 153.202 -24.335 10.0 2.4 MW RC
2006 04 14 2304 151.413 -26.476 10.0 2.6 MW RC
2006 04 16 1700 152.232 -26.782 10.0 1.9 MW RC
2006 04 17 1945 147.603 -20.217 10.0 2.2 MW RC
2006 04 19 0538 147.755 -20.447 10.4 2.5 MW RC
2006 04 23 0452 144.000 -16.900 0.0 2.6 MW SRC
2006 04 27 1508 150.696 -24.873 9.9 2.4 MW RC
2006 07 15 0804 153.470 -24.596 0.5 2.6 MW RC
2006 08 22 1118 152.347 -26.863 10.0 1.4 MW SRC
2006 09 08 1504 151.557 -25.106 2.0 2.1 MW RC
2006 09 21 2201 144.032 -16.905 10.0 2.4 MW RC
2006 09 24 1752 148.842 -20.231 10.0 2.5 MW RC
2006 10 10 2342 151.094 -26.202 3.9 2.0 MW RC
2006 10 18 0319 152.874 -27.858 8.0 1.3 MW SRC
2006 10 21 0544 152.789 -27.761 5.0 1.4 MW SRC
2006 11 05 1330 152.777 -27.796 6.0 1.3 MW SRC
2006 11 19 1432 151.145 -25.425 7.6 2.1 MW RC
2006 11 21 1804 152.790 -27.803 7.0 1.3 MW SRC
2006 12 02 0055 152.847 -27.287 8.0 1.6 MW SRC
2007 01 13 1058 151.520 -25.220 10.0 2.0 MW UCQ
2007 01 31 1307 152.780 -24.930 10.0 2.2 MW UCQ
2007 02 06 1834 143.976 -16.854 5.5 2.5 MW RC
2007 02 10 1641 152.171 -26.699 2.2 2.5 MW RC
2007 02 16 0614 153.580 -24.102 24.7 2.9 MW RC
2007 02 16 1020 152.074 -25.503 10.0 2.1 MW RC
2007 02 17 1912 150.628 -25.099 1.8 2.5 MW RC
2007 02 22 2310 151.880 -25.410 10.0 1.9 MW CQU
2007 02 28 1306 151.890 -25.100 10.0 1.4 MW UCQ
2007 03 13 0729 151.532 -25.918 10.0 2.5 MW RC
2007 03 25 0202 151.499 -26.194 11.1 2.0 MW MEL
2007 03 30 1642 144.490 -17.342 10.0 2.1 MW RC
2007 04 06 0537 151.633 -25.308 10.0 1.9 MW RC
2007 04 10 0047 150.686 -25.721 10.0 2.8 MW RC
2007 05 02 0453 151.739 -26.862 9.6 2.1 MW RC
2007 05 03 1936 150.961 -25.984 2.0 2.2 MW RC
2007 05 22 0703 150.743 -24.836 1.6 2.5 MW RC
2007 06 02 0828 151.460 -24.940 10.0 1.6 MW UCQ
2007 06 27 0854 149.857 -19.686 15.0 2.3 MW RC
2007 09 12 0024 151.571 -25.327 10.0 2.1 MW SRC
2007 09 20 2355 151.328 -25.006 10.0 2.5 MW SRC
2007 09 23 1943 152.713 -27.078 0.0 2.0 MW SRC
2007 09 27 1919 152.167 -27.506 9.0 1.4 MW SRC
2007 09 29 0041 151.399 -25.014 1.0 2.4 MW SRC
2007 09 29 0041 151.400 -23.230 10.0 1.9 MW CQU
2007 10 01 2017 151.220 -26.000 10.0 2.5 MW CQU
2007 10 04 1045 151.490 -25.230 10.0 1.9 MW CQU
2007 10 13 0658 150.694 -25.713 10.0 2.3 MW SRC
2007 10 18 1548 150.978 -26.021 10.0 2.0 MW SRC
2007 10 21 1452 151.396 -25.014 0.0 2.1 MW SRC
2007 11 02 0906 151.696 -25.418 10.0 2.3 MW SRC
2007 11 15 1241 146.653 -20.418 4.0 2.2 MW MEL
2007 11 18 1916 143.785 -16.823 4.0 2.9 MW AUST
2007 12 20 1326 151.246 -26.218 1.0 2.2 MW SRC
2007 12 20 1819 151.276 -26.211 6.0 2.2 MW SRC
2007 12 23 0018 151.352 -24.983 2.0 2.5 MW SRC
2007 12 25 0518 152.857 -25.121 1.0 2.6 MW SRC
2007 12 26 1038 151.181 -25.177 10.0 2.6 MW MEL
2007 12 27 1332 151.778 -26.107 3.6 2.0 MW MEL
2008 01 04 0223 151.305 -25.528 10.0 2.3 MW MEL
2008 01 08 0346 151.646 -25.105 10.7 2.3 MW MEL
2008 01 12 1617 152.360 -26.621 2.0 1.5 MW SRC
2008 01 20 0423 151.762 -24.970 9.8 2.2 MW MEL
2008 02 01 0102 151.791 -25.208 10.0 2.1 MW MEL
2008 02 24 0109 151.710 -25.160 10.0 1.6 MW SRC
2008 03 03 1015 152.798 -27.797 8.0 1.4 MW SRC
2008 04 11 1522 152.474 -27.181 8.0 1.2 MW SRC
2008 04 13 0849 153.740 -25.366 11.4 2.1 MW MEL
2008 04 19 1244 152.461 -26.383 10.0 1.9 MW MEL
2008 04 25 0011 151.398 -24.999 10.1 2.3 MW MEL
2008 04 29 0941 151.316 -25.826 1.0 2.0 MW MEL
2008 05 06 1217 152.353 -27.149 7.1 1.9 MW MEL
2008 05 09 0641 151.487 -25.015 10.0 2.1 MW MEL
2008 06 24 2330 151.281 -25.939 10.0 1.6 MW SRC
2008 06 25 0736 151.971 -25.797 8.0 1.7 MW SRC
2008 07 17 0717 152.865 -27.337 10.0 1.5 MW SRC
2008 08 05 2355 151.707 -24.756 10.0 2.0 MW MEL
2008 08 16 2041 152.537 -27.423 11.0 1.7 MW SRC
2008 09 16 0909 151.341 -26.485 10.0 1.9 MW MEL
2008 09 19 0217 152.543 -26.674 0.0 1.5 MW SRC
2008 09 19 1028 146.068 -16.950 10.0 2.2 MW MEL
2008 09 23 0415 145.793 -17.556 10.0 2.7 MW MEL
2008 09 30 2317 151.296 -26.965 5.0 2.9 MW MEL
2008 10 12 0847 151.227 -26.016 4.4 2.0 MW MEL
2008 10 16 2238 143.814 -17.234 10.0 1.9 MW MEL
2008 10 21 1848 152.003 -25.644 2.6 2.9 MW MEL
2008 10 23 1003 146.120 -17.223 6.1 2.1 MW MEL
2008 10 25 0937 146.956 -20.733 13.0 1.7 MW SRC
2008 11 01 1834 151.455 -26.101 2.0 1.3 MW SRC
2008 11 10 0517 151.713 -23.802 2.0 2.3 MW MEL
2008 11 11 1332 146.182 -17.122 15.9 2.6 MW MEL
2008 11 14 0343 148.997 -20.525 10.0 2.2 MW MEL
2008 11 16 0433 152.293 -26.830 7.0 1.7 MW SRC
2008 11 27 1213 146.071 -17.188 3.8 2.2 MW MEL
2008 11 29 0313 151.102 -25.723 10.0 2.2 MW MEL
2008 12 08 0725 147.824 -20.620 20.7 1.9 MW MEL
2008 12 13 0833 151.700 -25.576 10.0 1.4 MW SRC
2008 12 18 2222 150.607 -24.748 10.0 2.9 MW MEL
2008 12 19 1342 151.869 -25.395 9.0 2.4 MW SRC
2008 12 19 1342 151.869 -23.395 9.4 2.4 MW MEL
2009 01 05 0037 150.721 -24.757 5.6 2.1 MW MEL
2009 01 10 2223 151.824 -24.750 5.0 2.4 MW MEL
2009 01 27 0527 151.716 -24.923 10.0 2.7 MW MEL
2009 01 30 1558 151.272 -26.000 10.0 1.8 MW MEL
2009 02 04 2220 151.614 -24.031 10.0 1.9 MW MEL
2009 03 11 1654 151.753 -26.085 10.0 1.8 MW MEL
2009 03 19 0626 150.968 -23.853 4.0 2.1 MW MEL
2009 03 20 1537 151.304 -25.013 10.0 2.5 MW MEL
2009 03 20 1537 151.343 -25.014 10.0 2.5 MW SRC
2009 03 20 2230 151.328 -25.588 10.0 2.3 MW SRC
2009 03 20 2230 151.361 -25.575 7.8 2.4 MW MEL
2009 03 22 1400 151.556 -26.207 10.0 1.8 MW MEL
2009 03 31 1445 150.182 -23.372 5.0 2.6 MW SRC
2009 04 06 1525 152.529 -26.273 5.0 2.0 MW SRC
2009 04 09 0752 153.230 -27.335 5.0 1.8 MW SRC
2009 05 02 0809 150.168 -22.198 11.0 2.3 MW SRC
2009 05 07 1007 150.277 -22.385 7.0 2.6 MW SRC
2009 05 29 1805 147.117 -20.524 16.0 1.8 MW SRC
2009 05 31 0254 147.109 -20.530 15.0 2.1 MW SRC
2009 06 05 0448 151.417 -25.157 8.0 2.1 MW SRC
2009 06 17 2217 150.819 -24.842 7.0 2.0 MW SRC
2009 07 01 2209 150.711 -25.802 2.0 2.7 MW SRC
2009 07 05 0220 146.409 -16.816 10.0 2.8 MW MEL
2009 07 16 0046 145.184 -17.072 10.0 2.2 MW MEL
2009 07 18 0547 151.475 -23.878 5.0 1.7 MW SRC
2009 07 21 0424 152.781 -24.557 8.0 2.9 MW SRC
2009 07 21 2029 152.615 -24.635 5.0 2.6 MW SRC
2009 09 05 2334 145.438 -17.414 10.0 2.4 MW SRC
2009 09 15 0931 152.062 -23.512 10.0 1.9 MW SRC
2009 09 22 0703 152.699 -23.937 10.0 2.8 MW SRC
2009 09 24 0204 151.509 -26.105 5.0 2.1 MW SRC
2009 10 09 0040 144.530 -16.801 10.0 2.4 MW MEL
2009 10 14 1350 152.474 -27.009 10.0 1.7 MW SRC
2009 11 27 0326 145.646 -18.206 10.0 2.8 MW MEL
2009 12 01 1403 146.866 -20.645 10.0 1.9 MW SRC
2009 12 26 1943 144.779 -17.528 10.0 2.2 MW SRC
2009 12 27 0257 144.780 -17.519 10.0 2.4 MW SRC
2009 12 31 0450 151.115 -23.713 10.0 2.2 MW MEL
2010 01 22 1301 151.519 -24.474 10.0 2.9 MW MEL
2010 02 11 1605 151.694 -23.899 4.0 2.1 MW MEL
2010 02 17 0010 151.675 -24.988 5.2 2.7 MW MEL
2010 02 17 0922 151.307 -24.942 10.0 2.7 MW MEL
2010 02 21 2159 145.662 -17.179 5.0 2.4 MW MEL
2010 02 27 1125 150.667 -24.778 10.0 2.4 MW MEL
2010 02 28 1615 152.232 -26.631 10.0 1.9 MW MEL
2010 03 17 1945 152.483 -24.424 10.5 2.6 MW MEL
2010 04 11 2334 151.957 -25.247 10.0 2.0 MW MEL
2010 04 26 0439 153.133 -25.841 9.6 2.0 MW MEL
2010 04 29 0517 152.960 -23.710 10.0 2.6 MW MEL
2010 04 30 2223 151.406 -24.991 10.0 2.5 MW MEL
2010 08 15 0856 152.283 -26.701 5.9 2.8 MW AUST
