1928 03 13 1831 153.417 -5.038 75.0 6.54 MW 
1936 02 08 1211 145.610 -5.106 64.0 6.21 MW 
1936 05 19 2050 123.814 -8.945 70.0 6.41 MW 
1938 10 20 0219 122.726 -8.996 66.0 7.16 MW 
1940 09 12 1317 152.938 -4.448 75.5 6.58 MW 
1942 06 06 1453 146.228 -5.465 65.0 6.07 MW 
1942 11 07 0732 122.999 -8.897 80.0 6.10 MW 
1944 03 31 0251 131.417 -5.466 65.0 6.36 MW 
1951 04 02 2209 149.294 -5.939 60.0 6.10 MW 
1953 06 10 1823 128.486 -4.076 50.0 6.04 MW 
1956 07 17 0734 126.245 -6.856 450.8 6.80 MW bibliog
1958 10 20 0112 112.393 -9.086 55.0 5.98 MW 
1959 06 28 1943 122.504 -9.257 60.0 6.05 MW 
1961 03 16 1345 121.710 -8.453 45.0 6.49 MW 
1962 12 21 0044 112.330 -9.169 55.0 6.25 MW 
1963 08 04 0708 114.329 -9.148 65.0 5.45 MW 
1964 01 14 1538 150.780 -5.252 160.8 5.89 MW 
1964 02 29 2349 112.632 -8.448 125.4 5.75 MW 
1964 02 29 2349 112.632 -8.448 125.4 5.75 MW 
1964 05 20 0601 139.242 -2.755 62.9 5.94 MW 
1965 03 04 0148 146.993 -5.487 200.0 5.70 MW 
1966 02 09 0718 116.376 -9.851 45.0 5.79 MW 
1966 05 02 1639 114.967 -8.495 105.0 5.62 MW 
1966 05 02 1639 114.967 -8.495 105.0 5.62 MW 
1966 05 25 0829 131.044 -6.384 65.0 5.73 MW 
1966 08 17 1954 125.119 -5.026 540.0 5.71 MW 
1966 08 17 1954 125.119 -5.026 540.0 5.71 MW 
1967 06 29 1636 128.596 -7.249 150.0 5.55 MW 
1967 10 12 1831 129.828 -7.131 88.2 6.00 MW bibliog
1967 11 09 0218 123.752 -7.163 584.2 6.18 MW gcmt
1967 11 09 0218 123.752 -7.163 584.2 6.18 MW gcmt
1967 11 14 0528 147.112 -5.460 210.0 5.93 MW 
1968 02 13 0212 131.260 -5.480 85.0 5.68 MW 
1968 03 26 0042 116.161 -6.626 554.4 6.10 MW gcmt
1968 03 26 0042 116.161 -6.626 554.4 6.10 MW gcmt
1968 10 03 0804 128.493 -3.775 105.0 5.79 MW 
1968 10 03 0804 128.493 -3.775 105.0 5.79 MW 
1968 12 10 0425 130.418 -6.321 90.0 5.73 MW 
1969 06 24 0329 146.745 -5.894 100.0 5.55 MW 
1970 01 09 2316 117.235 -9.166 66.6 5.80 MW bibliog
1970 02 27 1047 119.726 -8.012 175.6 5.68 MW 
1970 02 27 1047 119.726 -8.012 175.6 5.68 MW 
1970 05 19 1448 152.296 -5.116 60.0 5.65 MW 
1970 08 13 0422 117.933 -8.991 99.1 5.80 MW bibliog
1970 10 04 1656 130.481 -6.809 80.0 5.76 MW 
1970 11 28 2022 142.904 -4.164 125.0 5.99 MW 
1970 12 24 0149 116.460 -9.203 70.5 5.62 MW 
1971 01 21 1719 122.684 -7.893 241.1 5.62 MW 
1971 02 12 1906 146.457 -6.369 128.4 5.79 MW 
1971 03 28 1756 124.538 -9.583 40.0 5.79 MW 
1971 07 19 1448 144.508 -4.890 69.5 5.93 MW 
1971 09 27 1456 145.452 -5.822 110.0 5.67 MW 
1971 10 16 2154 127.154 -3.467 60.0 5.62 MW 
1972 01 06 0030 151.819 -4.611 162.3 6.10 MW 
1972 09 08 0313 130.547 -5.754 87.5 5.76 MW 
1972 09 19 1508 148.155 -5.793 195.1 5.85 MW 
1972 11 04 0947 144.548 -4.867 82.5 5.75 MW 
1972 11 05 2008 146.669 -5.426 233.3 5.76 MW 
1973 03 20 1909 117.343 -8.294 165.8 5.79 MW 
1973 03 20 1909 117.343 -8.294 165.8 5.79 MW 
1973 04 15 0335 146.029 -6.119 118.2 5.55 MW 
1973 06 14 1102 120.301 -7.351 640.9 5.72 MW 
1973 06 14 1102 120.301 -7.351 640.9 5.72 MW 
1973 08 13 0828 143.961 -4.524 105.0 6.02 MW 
1973 08 23 1655 151.464 -5.404 75.0 5.87 MW 
1973 10 01 2344 151.458 -4.455 220.4 5.81 MW 
1973 10 02 1223 115.447 -8.775 98.6 5.83 MW 
1973 11 04 1202 124.676 -6.042 600.0 5.50 MW 
1973 11 04 1202 124.676 -6.042 600.0 5.50 MW 
1974 01 03 2200 121.443 -8.379 131.4 5.68 MW 
1974 02 19 0123 124.014 -8.969 60.0 5.53 MW 
1974 08 13 1503 150.869 -5.377 105.0 5.65 MW 
1974 09 05 1355 128.297 -7.310 110.0 5.66 MW 
1974 09 20 2120 146.060 -6.245 116.0 5.89 MW 
1974 10 16 1730 148.340 -6.330 70.0 5.61 MW 
1975 01 15 2029 112.150 -8.063 133.5 5.50 MW gcmt
1975 01 15 2029 112.150 -8.063 133.5 5.50 MW gcmt
1975 02 16 0458 146.036 -7.231 170.0 5.98 MW 
1975 07 04 2040 123.038 -8.290 175.9 5.56 MW 
1975 08 07 1328 139.841 -3.827 73.1 5.92 MW 
1975 10 14 1453 129.029 -7.141 175.8 5.52 MW gcmt
1975 12 05 1427 124.751 -6.256 574.7 5.76 MW 
1975 12 05 1427 124.751 -6.256 574.7 5.76 MW 
1975 12 18 0023 151.240 -5.040 115.0 5.63 MW 
1976 02 03 1045 123.701 -7.208 617.0 5.52 MW 
1976 02 03 1045 123.701 -7.208 617.0 5.52 MW 
1976 02 12 0742 152.894 -4.587 66.2 5.71 MW 
1976 03 03 2250 121.479 -8.390 52.5 5.66 MW gcmt
1976 04 12 0553 124.028 -9.274 60.0 5.53 MW 
1976 05 21 0642 145.819 -5.921 115.3 6.01 MW 
1976 11 01 0653 149.547 -6.075 65.0 6.01 MW 
1977 01 22 0418 127.124 -3.495 60.0 5.53 MW 
1977 03 15 0855 131.069 -5.016 75.8 6.16 MW gcmt
1977 03 24 0702 130.118 -6.912 85.0 5.74 MW 
1977 06 05 1519 152.017 -4.522 120.0 5.69 MW 
1977 06 08 2118 112.927 -5.912 630.0 5.65 MW gcmt
1977 06 08 2118 112.927 -5.912 630.0 5.65 MW gcmt
1977 06 29 0724 127.765 -7.532 75.0 6.17 MW gcmt
1977 10 29 2015 146.600 -6.199 106.6 6.06 MW gcmt
1978 01 24 1532 148.846 -6.014 79.5 6.11 MW gcmt
1978 02 12 0334 123.906 -8.610 101.3 5.79 MW gcmt
1978 02 12 0334 123.906 -8.610 101.3 5.79 MW gcmt
1978 02 19 1219 129.060 -3.703 102.4 6.00 MW gcmt
1978 02 19 1219 129.060 -3.703 102.4 6.00 MW gcmt
1978 03 27 2152 127.371 -5.242 405.0 5.64 MW gcmt
1978 06 10 1738 114.201 -6.125 526.5 5.89 MW gcmt
1978 06 10 1738 114.201 -6.125 526.5 5.89 MW gcmt
1978 06 15 1330 128.916 -7.247 162.6 5.83 MW gcmt
1978 08 05 1546 152.284 -3.532 252.0 5.92 MW gcmt
1978 08 14 2345 146.877 -7.895 142.9 5.92 MW gcmt
1978 08 30 2028 147.103 -5.895 69.9 5.62 MW gcmt
1978 10 15 0536 148.144 -5.640 160.0 5.76 MW gcmt
1978 12 11 0333 117.928 -7.063 481.0 6.00 MW gcmt
1979 06 13 1053 147.293 -6.497 82.4 5.71 MW gcmt
1980 02 12 0459 146.515 -6.364 108.0 5.79 MW 
1980 05 23 1033 129.701 -6.957 140.7 5.72 MW gcmt
1980 05 23 1033 129.701 -6.957 140.7 5.72 MW gcmt
1980 06 04 0931 151.415 -5.103 90.2 5.95 MW gcmt
1980 06 16 2048 128.499 -7.237 152.5 6.01 MW gcmt
1980 09 13 2143 127.472 -4.036 230.0 5.71 MW gcmt
1980 10 19 1503 145.530 -6.130 117.5 5.88 MW gcmt
1980 11 19 2033 131.489 -6.485 50.0 5.71 MW 
1981 09 15 1412 130.679 -6.287 102.6 5.57 MW gcmt
1981 09 15 1412 130.679 -6.287 102.6 5.57 MW gcmt
1981 12 11 0945 148.141 -6.016 67.8 6.17 MW gcmt
1982 01 13 0306 119.665 -8.068 193.3 5.69 MW gcmt
1982 01 13 0306 119.665 -8.068 193.3 5.69 MW gcmt
1982 07 20 1556 129.523 -6.764 160.0 5.74 MW 
1982 08 14 1427 143.955 -5.084 104.8 6.04 MW gcmt
1982 08 29 1318 112.731 -5.953 594.9 5.88 MW gcmt
1982 08 29 1318 112.731 -5.953 594.9 5.88 MW gcmt
1982 11 14 1623 122.507 -9.393 53.4 5.60 MW gcmt
1983 08 02 1243 117.404 -7.121 611.7 5.66 MW gcmt
1983 08 02 1243 117.404 -7.121 611.7 5.66 MW gcmt
1983 10 08 2233 146.066 -5.450 61.3 5.78 MW gcmt
1983 11 20 2032 130.449 -7.434 50.0 6.09 MW gcmt
1983 12 18 1728 119.621 -8.948 79.9 5.81 MW gcmt
1984 02 17 1632 130.031 -6.504 167.3 5.96 MW gcmt
1984 02 17 1632 130.031 -6.504 167.3 5.96 MW gcmt
1984 04 01 0959 124.809 -5.623 602.3 5.87 MW gcmt
1984 04 01 0959 124.809 -5.623 602.3 5.87 MW gcmt
1984 04 13 2205 148.306 -5.695 178.0 6.09 MW gcmt
1984 04 17 1416 126.761 -6.644 452.1 5.70 MW gcmt
1984 09 05 0932 121.631 -8.028 209.3 5.94 MW gcmt
1985 03 25 1107 128.683 -6.416 268.5 6.18 MW gcmt
1985 04 13 0105 114.236 -9.098 82.7 5.90 MW gcmt
1985 08 12 0418 117.182 -6.988 597.8 5.80 MW 
1985 08 12 0418 117.182 -6.988 597.8 5.80 MW 
1985 08 13 0731 128.539 -3.883 125.0 5.89 MW 
1985 08 13 0731 128.539 -3.883 125.0 5.89 MW 
1985 09 24 2028 130.063 -6.355 154.3 5.91 MW gcmt
1985 09 24 2028 130.063 -6.355 154.3 5.91 MW gcmt
1985 10 25 1812 124.295 -7.052 600.8 6.01 MW gcmt
1985 10 25 1812 124.295 -7.052 600.8 6.01 MW gcmt
1986 06 17 2022 131.149 -6.620 65.0 5.70 MW 
1986 09 22 1615 130.485 -6.635 97.8 5.70 MW gcmt
1986 10 01 1300 128.640 -5.526 330.0 5.62 MW gcmt
1986 10 23 0354 146.330 -6.089 124.5 5.99 MW gcmt
1987 01 21 0447 129.795 -6.658 167.9 5.67 MW gcmt
1987 01 21 0447 129.795 -6.658 167.9 5.67 MW gcmt
1987 06 02 1644 152.023 -4.465 145.0 5.58 MW gcmt
1987 10 10 1426 113.076 -6.027 575.3 5.91 MW gcmt
1987 10 10 1426 113.076 -6.027 575.3 5.91 MW gcmt
1987 12 17 2022 114.551 -9.067 45.0 5.99 MW gcmt
1988 02 05 0325 124.182 -9.124 60.0 5.68 MW gcmt
1988 04 04 1612 112.761 -9.358 43.7 5.85 MW gcmt
1988 04 08 1120 117.465 -8.824 112.0 5.72 MW gcmt
1988 04 08 1120 117.465 -8.824 112.0 5.72 MW gcmt
1988 09 30 0545 144.732 -4.893 93.5 5.66 MW gcmt
1988 12 24 1309 149.827 -5.171 370.7 5.81 MW gcmt
1989 02 04 2210 153.038 -4.589 62.1 6.19 MW gcmt
1989 02 28 1348 127.492 -7.896 190.0 6.12 MW gcmt
1989 04 02 1043 146.858 -5.384 237.3 5.61 MW gcmt
1989 04 25 0513 143.526 -5.152 105.0 5.78 MW gcmt
1989 06 09 1534 117.554 -7.876 250.0 5.67 MW gcmt
1989 12 12 0833 130.875 -4.616 73.9 6.05 MW gcmt
