1972 05 28 1359 128.600 -16.500 0.0 3.1 MW MGO
1973 01 07 1818 128.550 -16.600 10.0 2.7 MW MGO
1973 04 25 1527 128.200 -16.300 10.0 2.5 MW MGO
1975 01 06 0900 128.900 -16.180 nan 3.0 MW MGO
1973 05 11 2320 128.500 -16.600 10.0 2.2 MW MGO
1973 05 30 0854 128.200 -16.700 10.0 2.6 MW MGO
1973 09 24 2029 128.600 -16.600 10.0 2.7 MW MGO
1974 03 08 1200 128.500 -17.200 nan 2.9 MW MGO
1974 05 08 0149 128.700 -16.200 nan 2.4 MW MGO
1976 12 04 2027 128.100 -17.100 nan 3.1 MW MGO
1974 07 14 1132 128.700 -16.200 nan 2.3 MW MGO
1974 08 01 1815 129.000 -16.200 nan 1.7 MW MGO
1977 07 27 2109 128.560 -16.987 33.0 3.4 MW ISC
1974 08 07 1651 128.900 -16.100 nan 2.4 MW MGO
1979 03 26 0014 126.070 -16.350 nan 3.2 MW MGO
1974 09 07 0800 128.500 -16.600 nan 2.4 MW MGO
1974 09 15 0451 128.600 -16.300 nan 2.2 MW MGO
1979 03 31 0445 127.030 -18.040 nan 3.5 MW MGO
1974 09 21 1605 128.900 -16.600 nan 2.6 MW MGO
1979 10 26 0256 128.570 -16.460 nan 3.2 MW MGO
1979 11 05 0942 127.300 -16.450 0.0 3.3 MW MGO
1975 02 20 1703 128.800 -16.200 nan 2.1 MW MGO
1975 04 13 1038 128.700 -16.050 nan 2.4 MW MGO
1975 04 18 1445 128.640 -16.040 nan 2.8 MW MGO
1975 05 06 0149 128.800 -16.600 nan 2.4 MW MGO
1975 05 06 0657 128.800 -16.600 nan 2.4 MW MGO
1975 10 10 0620 128.300 -16.500 nan 2.7 MW MGO
1976 03 28 0735 127.600 -17.000 nan 2.9 MW MGO
1976 03 29 0126 127.700 -16.900 nan 2.9 MW MGO
1976 04 12 1524 128.100 -16.400 nan 2.6 MW MGO
1976 05 21 0543 128.250 -16.450 nan 2.8 MW MGO
1976 09 14 1415 128.000 -16.400 nan 2.5 MW MGO
1976 09 27 0217 128.688 -16.719 5.0 2.4 MW ISC
1976 10 10 1218 128.420 -16.560 nan 2.7 MW MGO
1977 02 26 0549 128.360 -16.500 nan 2.9 MW MGO
1977 04 06 0122 129.050 -16.530 nan 2.6 MW MGO
1978 02 13 0614 128.660 -16.500 nan 2.8 MW MGO
1978 03 06 0159 127.260 -17.980 9.0 3.0 MW MGO
1978 03 18 0614 128.780 -16.050 nan 2.4 MW MGO
1980 03 18 0546 127.550 -17.620 10.0 3.0 MW MGO
1980 07 16 0655 128.650 -16.240 nan 2.4 MW MGO
1980 07 19 0515 128.630 -16.530 nan 2.7 MW MGO
1980 07 26 0641 128.370 -16.880 19.0 3.0 MW MGO
1980 08 01 1824 128.710 -16.440 37.0 2.9 MW MGO
1980 12 05 0841 128.370 -16.650 nan 3.0 MW MGO
1981 11 06 2051 127.360 -17.610 10.0 3.0 MW MGO
1981 11 11 0559 128.710 -16.020 10.0 2.6 MW MGO
1981 12 12 2338 128.860 -17.020 10.0 2.7 MW MGO
1983 03 10 0104 128.680 -16.530 10.0 2.4 MW MGO
1983 08 09 0757 128.530 -16.560 10.0 2.4 MW MGO
1984 07 20 0150 128.580 -16.500 10.0 2.4 MW MGO
1984 09 03 1205 128.720 -16.420 10.0 2.6 MW MGO
1984 10 15 0032 128.790 -16.490 10.0 2.6 MW MGO
1985 01 14 2116 128.480 -16.490 10.0 2.4 MW MGO
1985 09 22 0557 129.230 -16.440 10.0 2.7 MW MGO
1985 12 18 1902 128.520 -16.260 10.0 2.7 MW MGO
1986 02 16 2131 128.160 -16.650 5.0 2.7 MW MGO
1986 03 04 0701 128.460 -16.580 5.0 2.6 MW MGO
1986 11 23 1043 128.700 -16.530 5.0 2.7 MW MGO
1987 01 23 2140 128.560 -16.590 5.0 2.6 MW MGO
1988 01 06 0656 128.460 -17.040 5.0 2.9 MW MGO
1989 01 19 1508 128.590 -16.870 5.0 2.8 MW MGO
1989 08 14 0758 128.620 -16.560 5.0 2.6 MW MGO
1989 09 04 0811 128.784 -16.457 5.0 2.4 MW MGO
1989 11 30 2030 127.126 -16.785 5.0 2.6 MW MGO
1990 03 12 0730 124.700 -19.220 5.0 2.4 MW MGO
1990 11 27 1849 128.440 -16.680 2.0 2.8 MW MGO
1990 12 15 1734 128.650 -16.542 5.0 2.6 MW MGO
1991 02 06 0302 128.580 -16.680 5.0 2.7 MW MGO
1991 12 22 1601 128.547 -16.383 5.0 3.0 MW MGO
1991 12 24 2006 126.197 -17.289 5.0 2.8 MW MGO
1993 12 31 1040 126.731 -19.881 5.0 2.9 MW MGO
1993 12 31 1940 126.731 -19.881 0.0 2.9 MW MGO
1994 01 07 1312 128.547 -16.575 5.0 2.8 MW MGO
1994 01 31 0148 128.624 -16.567 5.0 2.6 MW MGO
1994 02 25 1048 128.508 -16.622 5.0 2.4 MW MGO
1994 04 26 0408 128.632 -16.477 5.0 2.9 MW MGO
1995 02 23 1609 128.280 -16.550 5.0 2.4 MW MGO
1995 03 27 1148 128.695 -16.460 5.0 2.4 MW MGO
1995 06 26 1049 128.605 -16.614 5.0 2.8 MW MEL
1995 09 20 0206 128.631 -16.626 1.0 2.1 MW MGO
1995 11 17 0350 128.592 -16.244 5.0 2.6 MW MGO
1995 12 09 1015 128.319 -16.635 5.0 2.9 MW MEL
1996 02 03 2124 128.784 -16.584 5.0 2.4 MW MGO
1996 03 30 1342 128.730 -16.593 5.0 2.5 MW MGO
1996 04 01 1507 128.231 -16.591 5.0 2.6 MW MGO
1996 07 16 1857 126.628 -18.083 5.0 3.0 MW MGO
1996 12 29 0745 128.583 -16.892 5.0 3.0 MW MGO
1997 06 13 2222 129.181 -17.001 5.0 3.0 MW MGO
1998 04 14 1844 126.114 -19.086 10.0 2.5 MW AGSO
1998 07 15 0749 128.389 -16.981 0.0 2.6 MW AGSO
1998 09 14 0608 127.300 -17.155 5.0 2.9 MW MGO
1998 10 27 2240 128.472 -17.002 5.0 2.9 MW MGO
1999 03 07 1959 128.085 -17.275 5.0 3.0 MW MGO
1999 10 14 0018 127.580 -16.710 5.0 2.8 MW MGO
2000 02 21 1615 126.430 -16.740 5.0 3.0 MW MGO
2000 03 30 1555 128.560 -16.640 5.0 3.0 MW MGO
2003 05 20 1232 128.431 -16.846 5.0 3.0 MW AUST
2003 11 26 1323 128.365 -16.669 0.0 2.6 MW AUST
2004 09 14 1553 128.714 -16.501 0.0 2.7 MW AUST
2004 10 18 2227 127.437 -16.527 9.0 3.0 MW AUST
2005 01 25 1052 127.225 -17.015 0.0 2.6 MW AUST
2005 03 28 0903 126.417 -17.877 4.0 2.7 MW AUST
2005 07 14 0427 128.789 -16.209 10.0 2.3 MW AUST
2005 09 11 2140 128.730 -16.518 5.0 2.8 MW AUST
2006 04 16 0122 126.866 -18.534 5.0 2.6 MW AUST
2006 05 08 0122 127.859 -17.673 0.0 2.9 MW AUST
2006 05 14 0927 127.311 -18.327 0.0 2.9 MW AUST
2006 07 04 1054 127.119 -17.735 15.0 2.1 MW AUST
2007 08 24 0609 128.672 -16.657 0.0 3.0 MW AUST
2007 12 11 1605 128.777 -16.430 9.0 2.8 MW AUST
2008 06 19 1131 128.741 -16.482 0.0 2.4 MW AUST
2008 06 23 1317 127.722 -18.176 0.0 3.0 MW AUST
2008 07 27 0644 127.744 -18.144 0.0 3.0 MW AUST
2010 06 11 1351 128.459 -16.213 7.9 2.6 MW AUST
