1959 05 18 0612 148.640 -36.218 15.0 5.2 ML BMR
1968 03 08 1148 149.120 -34.160 9.0 4.5 ML CAN
1970 09 28 1211 148.080 -34.790 6.0 4.1 ML CAN
1970 11 13 2354 149.160 -34.770 7.0 3.5 ML CAN
1970 12 31 1301 147.820 -36.680 0.0 4.1 ML CAN
1971 06 21 0111 148.786 -36.219 5.0 4.0 ML CAN
1971 10 06 2328 149.260 -34.530 8.0 3.5 ML CAN
1971 11 03 2005 149.166 -34.777 3.0 4.2 ML BMR
1972 01 26 0042 149.180 -34.810 7.0 3.8 ML CAN
1972 01 26 0754 149.150 -34.790 7.0 3.7 ML CAN
1972 01 26 0812 149.170 -34.790 7.0 3.6 ML CAN
1972 01 28 0748 149.190 -34.790 7.0 3.5 ML CAN
1972 07 23 1759 148.300 -35.600 2.0 3.5 ML CAN
1972 08 14 2234 149.210 -34.790 6.0 3.7 ML CAN
1972 08 16 2125 149.240 -34.810 7.0 3.5 ML CAN
1973 01 06 0832 148.310 -35.620 6.0 3.5 ML CAN
1974 01 05 0639 148.710 -36.230 10.0 3.5 ML CAN
1974 04 16 0044 148.850 -34.890 0.0 3.7 ML BMR
1974 05 06 1946 149.021 -35.033 5.0 3.8 ML BMR
1974 08 16 2033 149.450 -34.880 0.0 3.5 ML CAN
1974 12 16 1416 148.300 -35.580 4.0 3.5 ML CAN
1974 12 17 0446 148.330 -35.590 5.0 3.5 ML CAN
1974 12 17 1623 148.310 -35.600 5.0 3.7 ML CAN
1974 12 17 1624 148.310 -35.600 0.0 4.0 ML CAN
1974 12 23 2229 148.310 -35.600 5.0 3.5 ML CAN
1974 12 24 0114 148.340 -35.600 3.0 3.5 ML CAN
1976 05 01 1516 149.340 -36.070 27.0 4.0 ML CAN
1976 09 08 0421 148.265 -36.493 8.0 3.8 ML MEL
1977 06 30 1248 148.869 -34.667 12.0 4.5 ML BMR
1977 07 04 2005 148.889 -34.654 13.0 5.0 ML BMR
1977 07 19 0448 148.850 -33.570 15.0 3.5 ML CAN
1978 07 30 1826 149.620 -34.260 13.0 3.5 ML CAN
1979 07 12 0406 149.171 -34.779 4.3 4.0 ML MEL
1979 07 12 0611 149.180 -34.780 0.0 3.5 ML CAN
1980 05 16 0941 148.390 -33.380 15.0 3.3 ML CAN
1980 05 23 1746 149.130 -34.210 14.0 3.0 ML CAN
1980 05 23 2026 149.130 -34.180 13.0 3.0 ML CAN
1980 07 02 0313 149.226 -36.191 16.6 4.0 ML MEL
1980 07 07 1230 148.950 -34.510 19.0 3.5 ML CAN
1980 07 19 0051 148.810 -34.580 16.0 3.3 ML CAN
1980 09 15 0017 149.150 -34.520 20.0 3.0 ML CAN
1980 12 23 0003 149.240 -34.590 8.0 3.0 ML CAN
1981 01 11 1813 149.240 -34.590 16.0 3.0 ML CAN
1981 01 21 0919 149.230 -34.580 14.0 3.0 ML CAN
1981 05 15 1707 148.760 -33.440 0.0 3.0 ML CAN
1981 07 26 1705 148.820 -34.590 15.0 3.0 ML CAN
1981 11 30 0209 148.312 -36.695 9.9 3.7 ML MEL
1981 12 15 0548 149.010 -35.030 15.0 3.0 ML CAN
1982 01 22 0726 148.768 -36.235 1.0 3.1 ML CAN
1982 02 13 0722 148.223 -36.371 0.0 3.3 ML CAN
1982 03 09 0009 147.904 -36.224 14.4 3.4 ML MEL
1982 05 02 0956 148.250 -34.110 16.0 3.0 ML CAN
1982 09 29 1321 149.250 -34.570 16.0 3.0 ML CAN
1982 10 27 0848 147.706 -34.908 17.2 3.2 ML MEL
1982 11 05 0133 148.963 -34.901 6.5 3.0 ML MEL
1982 11 05 1033 148.840 -34.950 8.0 3.0 ML CAN
1983 01 15 1645 148.580 -36.630 17.0 3.6 ML CAN
1983 03 07 2326 148.984 -34.651 17.2 3.8 ML MEL
1983 03 24 0653 149.220 -34.770 13.0 3.6 ML CAN
1983 04 12 0656 148.890 -34.330 10.0 3.0 ML CAN
1983 06 17 1545 149.230 -34.600 15.0 3.1 ML CAN
1983 08 06 0831 148.540 -34.550 16.0 3.0 ML CAN
1983 08 14 1043 148.930 -34.770 14.0 3.1 ML CAN
1983 11 29 0949 149.240 -34.600 14.0 3.1 ML CAN
1983 12 19 0618 148.580 -34.736 12.3 4.1 ML MEL
1984 01 15 0632 148.640 -33.690 16.0 3.2 ML CAN
1984 01 20 1527 149.170 -34.820 13.0 3.7 ML CAN
1984 02 06 1443 147.436 -35.386 2.6 3.1 ML MEL
1984 02 08 1956 149.290 -34.910 12.0 3.0 ML CAN
1984 02 28 1659 148.642 -35.567 15.4 3.0 ML MEL
1984 03 05 1447 149.260 -36.410 18.0 3.0 ML CAN
1984 03 14 0453 149.290 -34.690 14.0 3.0 ML CAN
1984 04 15 0410 148.830 -33.570 19.0 3.0 ML CAN
1984 06 04 1948 149.169 -34.798 8.1 3.3 ML MEL
1984 07 19 2225 149.190 -34.820 0.0 3.1 ML CAN
1984 07 26 0840 149.190 -34.830 15.0 3.4 ML CAN
1984 07 28 0518 148.900 -35.100 10.0 3.4 ML CAN
1984 08 08 2016 149.200 -34.790 16.0 3.5 ML CAN
1984 08 09 0630 149.129 -34.797 15.6 4.3 ML MEL
1984 08 09 0636 149.150 -34.820 nan 3.3 ML CAN
1984 08 09 0638 149.190 -34.830 nan 3.2 ML CAN
1984 08 09 0641 149.180 -34.820 nan 3.1 ML CAN
1984 08 09 0644 149.180 -34.810 nan 3.1 ML CAN
1984 08 09 0747 149.190 -34.830 15.0 3.2 ML CAN
1984 08 09 0837 149.200 -34.810 nan 3.2 ML CAN
1984 08 09 1001 149.190 -34.820 14.0 3.9 ML CAN
1984 08 09 1033 149.190 -34.830 16.0 3.8 ML CAN
1984 08 09 1037 149.120 -34.810 10.0 3.3 ML CAN
1984 08 09 1143 149.180 -34.800 16.0 3.0 ML CAN
1984 08 09 1401 149.190 -34.820 14.0 3.8 ML CAN
1984 08 09 1522 149.170 -34.800 14.0 3.3 ML CAN
1984 08 09 1535 149.200 -34.830 15.0 3.2 ML CAN
1984 08 10 0128 149.180 -34.820 0.0 3.2 ML CAN
1984 08 10 0129 149.190 -34.820 0.0 3.7 ML CAN
1984 08 10 0146 149.220 -34.810 0.0 3.2 ML CAN
1984 08 12 0128 149.190 -34.830 16.0 3.0 ML CAN
1984 08 12 1110 149.170 -34.800 0.0 3.0 ML CAN
1984 08 12 1256 149.190 -34.810 15.0 3.3 ML CAN
1984 08 13 0331 149.170 -34.810 0.0 3.4 ML CAN
1984 09 22 0911 149.170 -34.810 nan 3.0 ML CAN
1984 11 01 0154 149.160 -34.790 16.0 3.5 ML CAN
1984 11 01 0249 149.180 -34.800 13.0 3.2 ML CAN
1984 11 01 0440 149.190 -34.800 nan 3.0 ML CAN
1984 11 04 1424 149.107 -34.797 13.8 3.5 ML MEL
1984 11 06 0818 149.210 -34.790 9.0 3.1 ML CAN
1984 11 07 1819 149.120 -34.775 13.6 3.9 ML MEL
1984 11 11 0007 149.190 -34.800 15.0 3.3 ML CAN
1984 11 28 1724 149.180 -34.780 15.0 3.2 ML CAN
1984 12 04 1318 149.180 -34.750 0.0 3.0 ML CAN
1985 03 09 1214 149.170 -34.780 8.0 3.1 ML CAN
1985 03 24 0316 149.190 -34.770 14.0 3.0 ML CAN
1985 04 05 0815 149.180 -34.770 14.0 3.2 ML CAN
1985 04 24 0112 148.350 -34.380 14.0 3.0 ML CAN
1985 05 26 0458 149.350 -34.940 9.0 3.0 ML CAN
1985 08 18 0503 148.740 -34.250 17.0 3.0 ML CAN
1986 01 07 1006 149.190 -34.790 15.0 3.1 ML CAN
1987 01 16 1308 148.280 -36.270 12.0 3.0 MD CAN
1987 06 20 0823 149.200 -34.770 nan 3.0 MD CAN
1987 06 26 2328 149.197 -34.755 4.0 3.1 MD BMR
1989 04 18 0351 148.586 -36.416 11.0 3.5 ML MEL
1989 11 14 0830 149.176 -34.750 5.0 3.2 ML BMR
1990 01 13 1555 149.176 -34.752 0.0 3.4 ML MEL
1990 09 13 1749 148.780 -34.060 5.0 3.0 ML AUST
1991 01 23 0426 149.067 -34.183 1.4 3.2 ML MEL
1991 05 20 1336 148.850 -34.055 11.8 3.5 ML MEL
1991 11 24 0801 149.148 -34.730 10.0 3.0 ML MEL
1992 07 02 1845 149.231 -34.753 5.1 3.3 ML MEL
1992 12 12 0502 148.704 -34.376 2.1 3.5 ML MEL
1994 08 19 0219 148.377 -33.475 0.0 3.1 ML MEL
1994 08 19 1809 148.356 -33.443 3.1 3.2 ML MEL
1994 08 19 2352 148.365 -33.446 2.1 3.5 ML MEL
1994 08 21 0215 148.359 -33.426 1.1 3.0 ML MEL
1994 08 21 0553 148.361 -33.423 0.7 4.1 ML MEL
1994 09 27 0758 148.646 -36.219 9.5 3.1 ML MEL
1995 03 16 1231 148.242 -36.279 0.7 3.1 ML MEL
1995 07 21 1426 148.859 -36.031 4.8 3.3 ML MEL
1995 07 29 1343 148.735 -34.283 2.8 3.0 ML MEL
1995 08 17 0141 148.739 -34.313 3.6 3.0 ML MEL
1995 08 19 0901 148.741 -34.312 1.3 3.1 ML MEL
1995 09 12 1023 148.720 -34.310 0.0 3.2 ML MEL
1995 10 14 0411 148.761 -34.317 3.0 3.1 ML MEL
1996 02 18 1934 148.666 -36.152 12.8 3.6 ML MEL
1996 08 13 1233 149.214 -34.749 0.0 3.0 ML MEL
1997 08 22 2303 148.197 -34.620 0.9 3.0 ML MEL
1997 08 23 0012 148.197 -34.627 3.6 3.2 ML MEL
1998 02 14 1823 148.702 -35.375 8.5 4.2 ML MEL
1998 05 22 1901 147.928 -34.610 11.7 3.9 ML MEL
1998 07 17 0122 148.007 -36.439 19.0 4.5 ML MEL
1998 08 19 1112 148.911 -35.631 3.6 3.2 ML MEL
1998 10 16 1346 147.457 -34.751 15.6 3.9 ML MEL
1998 11 07 2242 148.893 -35.144 6.7 3.1 ML MEL
1998 12 31 0611 149.154 -35.783 4.4 3.4 ML MEL
1999 03 10 0006 148.184 -33.958 4.5 3.1 ML MEL
1999 07 13 0142 148.976 -34.286 3.6 3.0 ML MEL
2001 05 18 1837 148.780 -34.290 2.0 3.2 ML AGSO
2001 06 13 2027 149.480 -34.890 17.0 3.2 ML AGSO
2001 11 23 0333 148.310 -33.901 4.2 3.7 ML MEL
2001 12 21 0307 148.283 -33.927 10.0 3.3 ML MEL
2002 06 02 0012 148.126 -34.613 7.4 3.1 ML MEL
2002 08 22 2123 148.245 -33.897 4.1 3.9 ML MEL
2003 01 14 1343 149.012 -35.019 1.0 3.1 ML AUST
2003 05 17 0651 148.416 -36.208 2.0 3.0 ML AUST
2003 07 11 0818 147.859 -34.611 1.0 3.3 ML AUST
2003 07 27 2250 149.751 -34.224 6.0 3.1 ML AUST
2003 11 26 0439 149.247 -34.773 0.0 3.0 ML AUST
2004 02 28 1132 147.694 -35.005 10.8 3.6 ML MEL
2005 09 03 2305 148.654 -34.401 4.1 3.5 ML AUST
2006 03 02 0617 149.200 -34.828 8.7 3.6 ML MEL
2006 04 21 0811 149.144 -34.811 5.2 3.1 ML AUST
2006 08 13 1330 149.201 -34.780 10.0 3.6 ML MEL
2006 10 21 0951 149.167 -34.031 18.4 4.0 ML MEL
2008 08 26 0534 149.208 -34.730 3.0 3.1 ML MEL
2009 09 28 0853 148.953 -33.442 0.0 3.2 ML AUST
2010 02 20 1850 149.618 -34.721 10.0 3.2 ML MEL
2010 03 14 1829 148.949 -33.451 0.8 3.5 ML MEL
2010 03 22 2111 148.923 -33.366 2.6 3.5 ML MEL
2011 01 25 1128 148.988 -33.491 2.0 3.0 ML MEL
2012 04 19 1909 148.642 -35.328 8.2 3.9 ML MEL
2012 06 05 0912 148.757 -34.304 10.0 3.1 ML MEL
2012 06 22 0916 148.646 -34.066 10.0 3.9 ML MEL
2013 01 12 1610 148.918 -34.186 9.0 3.2 ML AUST
2013 01 18 1726 148.959 -34.219 10.0 3.1 ML MEL
2013 02 18 0923 148.958 -33.444 0.0 3.4 ML MEL
2014 11 19 0513 147.923 -35.146 8.7 3.7 ML MEL
2015 07 20 1418 149.165 -34.751 2.5 3.0 ML SRC
2016 01 30 1739 149.080 -35.910 7.0 3.6 ML AUST
2016 02 10 0503 148.772 -35.032 0.0 3.1 ML AUST
