1907 01 31 0750 148.500 -39.500 10.0 5.3 MW Underwood
1841 01 27 2155 151.600 -32.800 10.0 4.4 MW KMcC
1965 09 14 1253 144.300 -38.700 10.0 5.0 MW Underwood
1841 10 30 0000 145.000 -38.000 10.0 3.8 MW GG
1966 05 03 1907 147.168 -37.042 15.0 5.3 MW Denham
1842 10 27 1930 151.600 -32.600 10.0 4.7 MW KMcC
1847 04 28 0630 144.800 -37.800 10.0 3.8 MW Underwood
1855 09 16 1712 144.800 -38.700 10.0 4.8 MW GG
1848 10 12 0130 144.800 -37.800 10.0 3.1 MW Underwood
1859 11 21 1850 145.200 -40.700 10.0 4.7 MW Leiba
1868 06 18 1358 151.600 -32.800 10.0 4.7 MW KMcC
1869 08 29 1850 147.000 -37.000 10.0 4.5 MW Underwood
1871 06 08 0410 148.100 -35.300 10.0 4.7 MW Spennemann
1872 01 03 1215 148.100 -35.500 10.0 4.4 MW Spennemann
1872 10 18 0853 150.000 -33.700 10.0 4.7 MW KMcC
1880 02 03 0630 146.400 -43.000 10.0 4.8 MW Leiba
1873 04 22 0600 145.250 -38.500 10.0 3.4 MW Gliddon
1884 03 26 1356 150.000 -37.000 10.0 3.8 MW Underwood
1885 01 09 1735 145.300 -38.200 10.0 3.8 MW Underwood
1881 06 07 1400 145.250 -38.500 10.0 3.4 MW Gliddon
1885 01 21 0110 149.100 -36.300 10.0 4.2 MW BMR
1885 10 07 2356 147.000 -37.000 10.0 4.1 MW Underwood
1884 06 17 1036 150.000 -37.000 10.0 3.1 MW Underwood
1886 07 14 1637 147.000 -37.000 10.0 3.8 MW Underwood
1886 11 29 1700 148.800 -34.750 10.0 4.8 MW BMR
1886 12 02 0843 143.500 -39.000 10.0 3.8 MW Underwood
1887 08 01 2019 143.800 -39.000 10.0 3.8 MW Underwood
1885 03 09 1320 144.900 -37.800 10.0 3.1 MW Underwood
1885 07 03 1457 145.000 -37.800 10.0 3.1 MW Underwood
1888 07 05 2015 149.100 -34.800 10.0 4.7 MW KMcC
1891 06 07 0424 144.900 -38.200 10.0 4.1 MW Underwood
1891 07 08 0550 146.400 -37.900 10.0 4.1 MW GG
1885 10 27 0000 147.600 -37.100 10.0 3.1 MW MELOBS
1886 03 09 0000 144.900 -37.800 10.0 3.1 MW MELOBS
1893 12 23 1436 145.100 -38.400 10.0 3.8 MW Underwood
1896 08 13 1130 147.000 -37.000 10.0 3.8 MW Underwood
1898 09 06 0415 145.700 -37.400 10.0 3.8 MW Underwood
1900 05 27 0225 145.900 -38.200 10.0 4.1 MW GG
1901 11 19 1540 146.400 -38.000 10.0 3.8 MW GG
1902 10 22 2100 146.400 -38.000 10.0 3.8 MW GG
1902 12 22 1245 144.800 -38.000 20.0 4.1 MW BurkeG
1889 10 27 1016 147.500 -37.000 10.0 3.1 MW Underwood
1903 07 10 0356 143.800 -37.000 20.0 3.8 MW GG
1903 09 04 1045 143.700 -36.900 0.0 3.8 MW MELOBS
1904 04 09 2205 147.000 -36.800 10.0 4.5 MW MELOBS
1891 10 20 0620 145.500 -38.500 10.0 3.1 MW Underwood
1904 05 27 1325 146.070 -38.440 0.0 3.8 MW MELOBS
1892 12 23 0000 145.100 -38.200 10.0 3.1 MW MELOBS
1904 09 22 1145 145.730 -38.450 0.0 3.8 MW MELOBS
1893 05 20 1637 146.700 -38.900 10.0 3.1 MW Underwood
1893 07 21 1815 147.500 -37.000 10.0 3.1 MW Underwood
1905 06 27 1030 147.790 -37.340 0.0 3.8 MW MELOBS
1893 07 22 1535 144.000 -37.000 10.0 3.4 MW Underwood
1907 02 20 1730 149.200 -34.800 5.0 3.5 MW KMcC
1893 10 09 1243 145.100 -37.000 10.0 3.1 MW Underwood
1907 03 31 1429 145.300 -38.100 10.0 3.8 MW MELOBS
1894 07 11 2240 147.100 -37.400 10.0 3.1 MW Underwood
1907 03 31 1520 145.250 -38.330 10.0 3.8 MW MELOBS
1894 11 22 0315 149.500 -38.000 10.0 3.4 MW Underwood
1907 05 18 0700 146.200 -37.000 5.0 3.6 MW Underwood
1894 12 10 0820 147.500 -37.000 10.0 3.1 MW Underwood
1907 05 27 1547 144.100 -37.000 10.0 3.6 MW Underwood
1895 05 08 1050 143.500 -39.000 10.0 3.1 MW Underwood
1907 08 06 0054 146.000 -38.000 10.0 4.1 MW GG
1896 02 01 1630 145.200 -38.200 5.0 3.1 MW Underwood
1907 10 04 0930 145.100 -37.000 10.0 4.0 MW MELOBS
1896 05 09 1034 145.900 -38.100 5.0 3.1 MW Underwood
1908 05 04 0950 145.400 -42.000 10.0 4.4 MW Leiba
1896 03 28 0730 145.500 -38.000 5.0 2.8 MW Underwood
1908 06 09 1930 145.500 -38.100 10.0 3.8 MW Underwood
1896 05 30 0000 146.300 -38.400 10.0 2.8 MW Underwood
1897 09 26 1900 147.500 -37.100 10.0 3.1 MW Underwood
1909 11 15 0355 148.300 -37.800 10.0 3.8 MW MELOBS
1898 01 29 1120 145.500 -37.200 10.0 3.1 MW Underwood
1910 03 20 2115 145.900 -38.200 10.0 3.9 MW MELOBS
1911 11 04 0127 145.100 -42.100 10.0 4.2 MW Leiba
1898 02 05 0140 145.700 -37.700 10.0 3.1 MW Underwood
1913 03 02 1745 146.000 -36.500 15.0 4.4 MW GG
1898 11 22 0140 146.100 -37.100 10.0 3.1 MW Underwood
1914 08 17 2335 146.000 -38.300 15.0 4.0 MW GG
1915 05 24 0800 146.700 -38.200 10.0 3.6 MW MELOBS
1898 12 20 0535 144.500 -36.600 5.0 3.4 MW Underwood
1899 02 05 0310 144.900 -38.500 10.0 3.1 MW Underwood
1916 06 10 1751 152.250 -32.500 10.0 4.1 MW KMcC
1919 08 15 1021 150.700 -33.500 10.0 3.9 MW BurkeG
1899 05 21 0000 145.500 -38.100 10.0 3.1 MW Underwood
1922 02 28 1500 145.000 -39.000 10.0 4.7 MW MELOBS
1899 06 07 2130 144.300 -37.600 10.0 3.1 MW Underwood
1922 02 28 1503 150.000 -35.000 10.0 3.5 MW BurkeG
1899 06 21 1853 145.600 -37.200 10.0 3.1 MW Underwood
1899 11 23 0715 144.750 -38.100 10.0 3.4 MW GG
1922 04 10 1046 144.850 -39.140 0.0 4.8 MW Leiba
1924 03 01 1155 145.000 -41.600 10.0 4.5 MW Leiba
1900 05 26 0000 146.050 -37.050 10.0 3.1 MW Underwood
1924 03 06 2345 149.000 -34.900 10.0 3.9 MW Cotton
1900 06 05 1000 144.170 -37.880 10.0 3.4 MW Underwood
1925 12 18 1047 151.600 -33.000 10.0 4.4 MW BurkeG
1900 09 04 0910 146.150 -37.300 10.0 3.1 MW Underwood
1927 09 20 0900 148.200 -43.300 10.0 3.7 MW KMcC
1928 01 19 0120 147.800 -41.750 10.0 4.7 MW KMcC
1900 10 08 0448 146.580 -36.670 10.0 3.4 MW Underwood
1901 06 15 2205 143.100 -38.700 10.0 3.1 MW Underwood
1929 12 28 0122 147.560 -41.540 10.0 4.8 MW KMcC
1930 10 27 0203 149.000 -34.500 10.0 4.3 MW BurkeG
1931 03 13 2111 144.500 -39.500 10.0 4.8 MW Underwood
1902 03 08 1030 144.200 -37.000 10.0 3.4 MW GG
1932 09 02 1822 145.000 -38.250 5.0 3.8 MW Holmes
1902 07 11 0000 146.400 -38.000 10.0 3.1 MW Underwood
1933 01 11 2010 149.500 -34.800 10.0 4.6 MW BurkeG
1902 07 20 1950 149.300 -37.800 10.0 3.1 MW Underwood
1934 01 30 2027 149.500 -34.800 10.0 4.5 MW BurkeG
1902 05 27 0000 144.600 -38.100 10.0 2.8 MW Underwood
1902 08 29 2130 146.300 -36.400 10.0 3.1 MW Underwood
1934 11 18 2158 149.200 -34.800 10.0 4.8 MW KMcC
1902 09 29 0000 143.800 -37.600 0.0 3.1 MW MELOBS
1938 03 24 2003 146.000 -35.500 33.0 4.4 MW BurkeG
1939 04 05 1259 144.200 -38.900 0.0 3.8 MW BMR
1902 10 27 2130 146.600 -36.570 10.0 3.1 MW Underwood
1902 07 21 2051 145.330 -37.250 10.0 2.8 MW Underwood
1902 12 17 1000 144.900 -38.500 10.0 3.1 MW Underwood
1944 11 02 1405 145.900 -37.500 10.0 3.8 MW GG
1947 05 05 0443 149.500 -35.000 33.0 4.4 MW BurkeG
1947 09 25 1056 148.600 -34.000 33.0 4.4 MW BurkeG
1903 03 27 1212 145.500 -38.200 0.0 3.4 MW Underwood
1903 04 26 0025 146.400 -38.000 10.0 3.1 MW Underwood
1949 03 10 2230 149.200 -34.740 0.0 4.7 MW BMR
1949 07 18 0000 151.500 -33.000 10.0 4.0 MW KMcC
1903 07 20 1345 144.050 -37.140 0.0 3.1 MW MELOBS
1952 11 19 0159 149.250 -34.800 10.0 4.6 MW Joklik
1903 07 22 1930 146.200 -38.200 10.0 3.1 MW Underwood
1953 03 21 1520 146.050 -36.320 10.0 4.0 MW GG
1903 08 04 0932 146.070 -38.620 0.0 3.1 MW MELOBS
1956 01 07 0000 144.200 -37.100 10.0 3.9 MW MELOBS
1956 08 14 1720 144.200 -37.800 10.0 3.9 MW GG
1903 09 04 1510 145.400 -37.170 0.0 3.1 MW MELOBS
1958 01 01 0007 146.100 -42.200 10.0 4.6 MW TAU
1958 09 01 1118 149.240 -36.400 11.0 3.7 MW CAN
1903 09 23 1120 146.220 -37.020 0.0 3.1 MW MELOBS
1959 05 18 0612 148.640 -36.218 15.0 4.7 MW BMR
1959 11 24 0339 148.570 -34.750 0.0 3.5 MW CAN
1904 07 09 0926 145.400 -37.800 5.0 3.4 MW MELOBS
1960 01 28 2337 147.170 -36.850 21.0 4.3 MW CAN
1960 05 03 0200 146.500 -38.500 10.0 3.7 MW MELobs
1904 11 06 0000 145.800 -38.100 0.0 3.1 MW MELOBS
1960 06 01 0518 145.350 -36.760 12.0 3.6 MW CAN
1960 09 06 0258 150.910 -34.390 0.0 3.5 MW CAN
1905 01 27 1600 146.500 -38.100 10.0 3.4 MW GG
1960 10 20 2022 146.450 -38.560 8.0 4.0 MW CAN
1905 07 01 0900 145.330 -37.250 0.0 3.1 MW MELOBS
1960 10 21 1447 146.500 -38.900 0.0 3.9 MW CAN
1905 09 18 1805 145.500 -38.500 10.0 3.1 MW Underwood
1960 12 09 0658 151.500 -33.500 0.0 3.5 MW CAN
1905 11 15 0030 146.200 -38.500 0.0 3.1 MW MELOBS
1960 12 16 0007 151.670 -34.430 0.0 3.6 MW CAN
1960 12 24 1642 143.590 -38.880 0.0 4.6 MW ADE
1905 11 22 2330 147.100 -37.000 0.0 3.1 MW MELOBS
1961 02 08 1856 149.320 -35.240 14.0 3.6 MW CAN
1906 02 17 1005 145.400 -37.800 5.0 3.2 MW Underwood
1961 02 13 1923 149.000 -33.900 0.0 3.5 MW CAN
1906 02 28 0000 145.350 -38.050 0.0 3.2 MW MELOBS
1906 06 17 1530 144.220 -37.080 0.0 3.2 MW MELOBS
1905 09 29 2130 145.200 -37.830 5.0 2.8 MW Underwood
1961 04 10 1410 144.050 -37.140 0.0 4.0 MW CAN
1961 04 11 0035 146.470 -38.280 46.0 4.0 MW CAN
1906 08 10 0240 146.170 -38.420 0.0 3.2 MW MELOBS
1906 09 06 1400 147.280 -37.490 0.0 3.1 MW MELOBS
1961 05 21 2140 150.606 -34.564 18.8 4.8 MW MEL
1906 09 11 2015 145.770 -38.500 0.0 3.2 MW MELOBS
1961 06 01 0935 144.210 -38.670 0.0 4.0 MW ADE
1961 09 15 0509 147.294 -37.554 22.0 3.5 MW CAN
1961 10 09 2343 145.882 -39.211 49.0 4.0 MW CAN
1906 08 04 0910 147.800 -40.300 0.0 2.9 MW MELOBS
1907 02 24 1900 146.400 -38.000 10.0 3.2 MW Underwood
1961 11 22 2155 146.028 -36.017 0.0 3.5 MW CAN
1961 11 23 0117 149.000 -33.000 0.0 3.9 MW CAN
1962 01 10 0540 146.500 -38.500 0.0 3.8 MW CAN
1962 01 16 0616 149.620 -31.980 0.0 3.8 MW CAN
1907 05 16 1000 144.200 -38.000 10.0 3.2 MW Underwood
1962 03 27 1754 146.550 -37.920 6.0 3.8 MW CAN
1962 03 30 0312 148.370 -34.440 12.0 3.5 MW CAN
1962 04 11 1828 146.330 -38.900 0.0 3.5 MW CAN
1907 06 08 1605 143.600 -38.900 10.0 3.2 MW MELOBS
1962 05 27 1134 146.390 -38.580 0.0 3.6 MW CAN
1907 06 25 1804 144.300 -38.600 10.0 3.2 MW MELOBS
1962 07 30 0023 148.870 -36.350 4.0 3.5 MW CAN
1962 09 29 0131 150.030 -34.480 26.0 4.1 MW CAN
1962 11 20 1215 146.070 -38.620 10.0 3.6 MW Underwood
1963 03 29 0010 146.331 -37.898 0.0 3.6 MW CAN
1908 05 06 1600 146.100 -37.300 10.0 3.2 MW MELOBS
1963 05 15 1822 149.190 -34.860 0.0 3.6 MW CAN
1908 10 27 0830 145.900 -38.100 10.0 3.2 MW MELOBS
1963 06 14 1923 146.425 -38.657 1.6 4.7 MW CAN
1908 12 19 1424 144.100 -37.100 10.0 3.2 MW MELOBS
1963 08 02 0952 145.800 -36.800 10.0 3.6 MW Underwood
1909 03 28 1757 145.000 -38.500 10.0 3.1 MW MELOBS
1963 11 03 1200 145.800 -43.490 10.0 4.3 MW TAU
1909 08 04 1105 145.400 -38.100 10.0 3.2 MW MELOBS
1964 01 08 2330 148.370 -34.040 4.0 3.8 MW CAN
1964 03 13 0807 148.140 -33.900 0.0 3.8 MW CAN
1964 03 21 0218 149.240 -34.210 7.0 3.8 MW CAN
1964 05 29 0946 149.170 -34.760 3.0 3.6 MW CAN
1910 10 24 1700 145.700 -38.100 10.0 3.2 MW MELOBS
1910 10 26 0830 145.200 -38.300 10.0 3.2 MW MELOBS
1964 06 28 1338 145.244 -36.413 5.0 3.6 MW CAN
1908 11 20 0450 150.000 -38.000 10.0 2.8 MW MELOBS
1911 03 14 2310 145.700 -36.100 10.0 3.2 MW Underwood
1964 10 12 2245 146.276 -38.059 36.8 3.5 MW CAN
1964 11 10 2135 144.950 -36.800 10.0 3.6 MW Underwood
1911 06 11 1435 144.700 -38.100 10.0 3.0 MW MELOBS
1964 11 14 1053 144.410 -39.970 33.0 4.3 MW ISC
1912 01 27 2009 150.500 -36.500 10.0 3.4 MW BurkeG
1964 11 17 2116 146.352 -38.416 16.1 4.0 MW CAN
1964 12 09 1638 146.625 -41.803 10.0 3.5 MW TAU
1912 05 05 0900 143.800 -37.100 10.0 3.2 MW MELOBS
1964 12 19 1644 148.250 -33.750 0.0 3.8 MW CAN
1965 01 06 1944 145.973 -38.844 9.6 3.6 MW CAN
1913 11 26 0950 145.500 -37.850 10.0 3.0 MW MELOBS
1911 01 05 1755 145.000 -37.900 10.0 2.7 MW MELOBS
1965 05 01 1817 146.412 -38.519 5.7 3.5 MW CAN
1914 09 05 1100 146.100 -38.700 10.0 3.2 MW MELOBS
1911 03 07 1610 145.400 -38.100 10.0 2.7 MW MELOBS
1965 05 08 0625 149.159 -38.658 26.5 3.7 MW CAN
1915 02 27 1215 146.800 -38.200 10.0 3.2 MW MELOBS
1966 04 22 0326 148.200 -34.200 0.0 3.8 MW CAN
1966 07 05 2226 144.964 -39.647 62.0 4.1 MW CAN
1966 09 05 1757 144.522 -36.230 17.0 3.5 MW CAN
1966 10 17 1712 146.199 -37.880 18.1 3.8 MW CAN
1967 01 24 2325 149.420 -34.940 3.0 3.8 MW CAN
1967 08 17 1629 146.650 -36.380 0.0 4.0 MW CAN
1913 11 27 0400 145.040 -37.970 10.0 2.4 MW MELOBS
1967 08 18 1903 149.630 -32.250 0.0 3.8 MW CAN
1967 10 21 2104 146.100 -38.470 0.0 3.6 MW CAN
1967 11 30 0544 146.450 -42.756 10.0 3.6 MW TAU
1968 01 10 0049 148.750 -34.650 6.0 3.6 MW CAN
1968 03 08 1148 149.120 -34.160 9.0 4.4 MW CAN
1968 05 31 0141 147.350 -38.017 0.0 4.0 MW CAN
1968 07 08 1150 150.510 -34.570 13.0 4.4 MW CAN
1968 07 11 1931 149.150 -34.200 7.0 3.5 MW CAN
1968 10 08 1023 146.120 -36.780 6.0 4.2 MW CAN
1932 10 27 0000 145.900 -36.500 10.0 3.2 MW MELOBS
1932 12 23 1416 145.400 -37.900 5.0 3.0 MW Underwood
1922 11 20 1030 147.200 -36.200 10.0 2.7 MW Underwood
1968 10 16 1713 144.000 -36.820 0.0 3.8 MW CAN
1968 10 18 1751 150.450 -34.520 13.0 3.6 MW CAN
1969 03 13 1128 144.750 -41.315 10.0 3.6 MW TAU
1969 04 09 0210 149.580 -32.050 5.0 4.0 MW CAN
1969 06 20 1115 146.300 -38.470 19.0 4.9 MW BMR
1935 06 18 1747 145.240 -37.750 10.0 3.1 MW GG
1969 07 01 2010 145.470 -36.170 0.0 3.6 MW CAN
1935 12 08 0308 150.500 -34.500 10.0 3.2 MW BurkeG
1969 07 11 0621 144.100 -36.830 0.0 4.0 MW CAN
1970 06 20 1834 144.820 -35.980 0.0 3.5 MW CAN
1970 09 28 1211 148.080 -34.790 6.0 4.0 MW CAN
1939 10 29 1324 145.300 -38.300 15.0 3.1 MW Underwood
1939 11 29 1503 145.300 -38.300 15.0 3.1 MW Underwood
1970 10 12 1327 149.150 -33.180 9.0 3.8 MW CAN
1940 09 21 1454 149.200 -35.400 33.0 3.1 MW BurkeG
1970 11 13 2354 149.160 -34.770 7.0 3.6 MW CAN
1932 09 21 0500 145.900 -36.500 2.0 2.8 MW GG
1942 08 01 1238 147.000 -37.000 10.0 3.2 MW Underwood
1970 12 31 1301 147.820 -36.680 0.0 4.0 MW CAN
1971 01 09 1150 146.480 -38.140 7.0 3.7 MW CAN
1971 02 08 1449 145.020 -36.010 22.0 4.2 MW CAN
1933 12 24 0000 145.400 -37.900 10.0 2.7 MW MELOBS
1947 06 09 0703 143.600 -38.400 10.0 3.2 MW Underwood
1971 05 10 0649 144.400 -36.920 0.0 3.5 MW CAN
1971 06 03 0139 150.170 -36.490 8.0 4.0 MW CAN
1971 06 15 2006 145.834 -40.978 10.0 4.0 MW TAU
1971 06 21 0111 148.786 -36.219 5.0 4.0 MW CAN
1971 06 23 0818 148.770 -34.020 5.0 3.5 MW CAN
1971 07 04 1737 146.930 -36.190 1.0 3.5 MW CAN
1937 06 17 1954 145.300 -37.980 5.0 2.7 MW Underwood
1953 11 22 0000 145.950 -36.450 10.0 3.2 MW MELOBS
1971 07 06 2154 145.048 -38.452 17.0 4.5 MW MEL
1971 10 06 2328 149.260 -34.530 8.0 3.6 MW CAN
1971 11 03 2005 149.166 -34.777 3.0 4.2 MW BMR
1971 12 22 0932 149.180 -34.790 7.0 3.5 MW CAN
1957 08 16 0603 145.300 -36.750 10.0 3.2 MW GG
1940 01 31 1854 145.100 -37.900 5.0 2.4 MW Underwood
1957 10 19 1049 146.100 -38.700 10.0 3.2 MW Underwood
1971 12 31 1542 145.950 -36.000 0.0 4.0 MW CAN
1972 01 26 0042 149.180 -34.810 7.0 3.8 MW CAN
1941 11 04 0233 145.300 -38.000 10.0 2.4 MW Underwood
1972 02 25 1522 147.470 -34.220 0.0 4.3 MW CAN
1959 03 15 1238 145.720 -37.000 5.0 3.2 MW Underwood
1972 05 16 0618 146.530 -37.090 6.0 3.6 MW CAN
1959 04 28 0809 149.120 -37.960 10.0 3.1 MW MELOBS
1972 08 14 2234 149.210 -34.790 6.0 3.7 MW CAN
1972 08 31 0049 147.620 -37.340 6.0 3.6 MW CAN
1945 05 14 0303 145.000 -38.000 10.0 2.7 MW Underwood
1959 05 13 1131 148.860 -34.620 3.0 3.0 MW CAN
1973 01 25 1601 146.530 -34.720 0.0 3.7 MW CAN
1946 08 15 1437 145.050 -37.870 5.0 2.4 MW GG
1973 02 17 0856 145.390 -38.810 10.0 3.8 MW BMR
1959 05 29 1118 149.350 -34.840 2.0 3.4 MW CAN
1973 03 01 0004 152.120 -33.780 0.0 3.5 MW CAN
1959 06 21 1207 148.780 -34.100 0.0 3.1 MW CAN
1973 03 09 0047 148.730 -32.320 0.0 3.5 MW CAN
1959 07 23 1641 146.550 -36.320 0.0 3.1 MW CAN
1947 11 16 0919 145.000 -38.000 10.0 2.7 MW Underwood
1973 06 03 1108 145.080 -42.320 10.0 4.0 MW BMR
1948 01 16 1120 145.000 -38.000 10.0 2.7 MW Underwood
1948 03 13 1747 145.000 -38.000 10.0 2.7 MW Underwood
1960 04 28 0447 148.440 -37.770 0.0 3.0 MW CAN
1973 09 21 0256 146.790 -38.570 10.0 3.9 MW BMR
1948 04 28 1941 145.000 -38.000 10.0 2.7 MW Underwood
1974 01 05 0639 148.710 -36.230 10.0 3.6 MW CAN
1948 05 26 0100 145.050 -37.900 5.0 2.4 MW Underwood
1974 04 16 0044 148.850 -34.890 0.0 3.7 MW BMR
1960 05 04 0042 146.910 -37.100 10.0 3.1 MW MELobs
1948 08 15 0000 145.050 -37.870 10.0 2.4 MW MELOBS
1974 05 06 1946 149.021 -35.033 5.0 3.8 MW BMR
1960 06 22 1018 148.270 -34.400 0.0 3.0 MW CAN
1974 06 01 0420 146.670 -39.180 0.0 3.5 MW CAN
1974 08 16 2033 149.450 -34.880 0.0 3.6 MW CAN
1960 07 17 1254 150.270 -34.010 5.0 3.2 MW CAN
1974 09 16 0737 149.550 -38.380 0.0 3.5 MW BMR
1960 08 08 2227 148.600 -33.700 0.0 3.1 MW CAN
1952 02 14 0000 145.170 -37.830 10.0 2.4 MW MELOBS
1960 08 09 0452 150.700 -32.000 0.0 3.1 MW CAN
1974 12 17 1624 148.310 -35.600 0.0 4.0 MW CAN
1975 06 06 0500 151.480 -34.500 7.0 3.6 MW CAN
1960 08 14 1309 149.190 -34.760 0.0 3.1 MW CAN
1975 07 29 2311 151.730 -34.000 0.0 3.6 MW CAN
1975 08 21 2043 147.240 -36.820 3.0 3.6 MW CAN
1976 05 01 1516 149.340 -36.070 27.0 4.0 MW CAN
1976 08 23 1914 146.470 -35.300 4.0 3.5 MW BMR
1957 02 14 0229 145.100 -37.850 5.0 2.4 MW Underwood
1960 10 23 0250 149.180 -34.760 0.0 3.0 MW CAN
1976 09 08 0421 148.265 -36.493 8.0 3.8 MW MEL
1960 11 08 2001 148.250 -34.560 5.0 3.1 MW CAN
1976 09 15 0439 147.450 -34.250 0.0 3.6 MW CAN
1960 11 18 0713 149.110 -34.630 0.0 3.0 MW CAN
1957 08 31 1456 145.270 -37.990 10.0 2.4 MW Underwood
1977 04 13 2157 150.170 -33.510 20.0 3.5 MW CAN
1977 07 04 2005 148.889 -34.654 13.0 4.6 MW BMR
1977 07 19 0448 148.850 -33.570 15.0 3.6 MW CAN
1960 12 23 0939 148.280 -37.750 22.0 3.2 MW CAN
1977 09 15 1622 150.750 -36.530 0.0 3.5 MW CAN
1958 10 03 1944 149.370 -34.670 0.0 2.8 MW CAN
1977 12 02 1332 144.192 -37.855 13.7 4.6 MW MEL
1959 01 19 0852 145.300 -38.000 10.0 2.4 MW Underwood
1961 01 02 0514 148.330 -34.550 5.0 3.0 MW CAN
1977 12 04 0208 145.491 -39.503 3.6 3.5 MW MEL
1959 02 19 0957 149.750 -35.240 6.0 2.8 MW CAN
1978 01 23 0712 151.420 -34.150 0.0 4.0 MW CAN
1978 07 30 1826 149.620 -34.260 13.0 3.6 MW CAN
1961 02 21 1955 148.420 -34.380 0.0 3.1 MW CAN
1961 03 09 0517 149.300 -32.700 0.0 3.0 MW CAN
1978 08 22 1037 151.420 -32.870 20.0 3.5 MW CAN
1961 03 31 0200 148.790 -34.090 0.0 3.3 MW CAN
1978 11 25 0829 144.981 -36.494 17.2 3.6 MW MEL
1979 07 11 0005 144.592 -39.960 17.0 3.9 MW MEL
1959 06 01 2335 145.130 -38.095 5.0 2.4 MW Underwood
1979 07 12 0406 149.171 -34.779 4.3 4.0 MW MEL
1979 09 10 1524 144.439 -39.745 17.2 3.6 MW MEL
1959 06 16 1313 149.550 -35.020 0.0 2.8 MW CAN
1980 01 16 0249 145.483 -39.554 17.2 3.5 MW MEL
1961 07 26 0806 149.230 -34.800 27.0 3.2 MW CAN
1980 05 01 2110 149.750 -32.890 13.0 3.7 MW CAN
1961 08 21 1627 149.260 -34.770 7.0 3.2 MW CAN
1980 05 21 0448 146.516 -37.945 14.9 4.0 MW MEL
1959 08 23 0049 148.740 -34.540 1.0 2.8 MW CAN
1961 09 09 1004 149.500 -35.000 0.0 3.1 MW CAN
1959 10 09 0922 148.870 -34.590 0.0 2.8 MW CAN
1980 07 02 0313 149.226 -36.191 16.6 4.0 MW MEL
1980 07 07 1230 148.950 -34.510 19.0 3.6 MW CAN
1980 12 15 1506 151.410 -32.760 16.0 3.5 MW CAN
1959 12 22 0428 149.300 -34.600 2.0 2.8 MW CAN
1961 09 28 0616 148.200 -34.500 0.0 3.2 MW CAN
1981 06 16 2133 144.245 -38.899 17.2 4.7 MW MEL
1960 01 05 1042 148.800 -34.140 0.0 2.8 MW CAN
1981 06 20 1308 150.340 -34.160 21.0 3.6 MW CAN
1961 10 18 0306 149.370 -34.870 10.0 3.0 MW CAN
1981 10 25 0828 150.480 -36.340 24.0 4.0 MW CAN
1961 10 29 1126 149.200 -34.750 4.0 3.1 MW CAN
1960 04 27 1926 148.500 -33.000 0.0 2.8 MW CAN
1961 10 29 2017 149.810 -34.440 0.0 3.2 MW CAN
1981 11 15 1658 150.847 -34.210 18.0 4.1 MW MEL
1961 10 30 0349 151.000 -32.800 0.0 3.2 MW CAN
1981 11 30 0209 148.312 -36.695 9.9 3.7 MW MEL
1981 12 07 1755 150.650 -32.650 29.0 3.5 MW CAN
1960 05 16 0255 147.840 -37.330 0.0 2.8 MW CAN
1982 03 09 0009 147.904 -36.224 14.4 3.6 MW MEL
1982 04 01 0131 144.128 -40.678 10.6 3.8 MW MEL
1961 12 10 0145 151.620 -34.020 0.0 3.1 MW CAN
1960 05 25 0932 148.930 -38.520 10.0 2.7 MW MELobs
1960 05 29 0241 147.430 -36.520 18.0 2.8 MW CAN
1982 04 19 2014 148.880 -33.110 15.0 3.5 MW CAN
1961 12 20 0103 149.620 -32.420 0.0 3.1 MW CAN
1982 05 20 0736 147.237 -33.965 2.0 3.6 MW BMR
1982 08 19 1048 145.359 -40.793 5.3 3.6 MW MEL
1962 01 26 0902 148.440 -34.430 8.0 3.0 MW CAN
1982 09 09 0428 152.169 -33.706 2.6 4.0 MW MEL
1962 02 14 0304 151.220 -35.050 0.0 3.2 MW CAN
1982 09 30 2221 146.522 -36.828 14.1 3.5 MW MEL
1960 07 21 0839 147.900 -34.900 0.0 2.7 MW CAN
1962 02 25 1516 148.210 -36.280 19.0 3.4 MW CAN
1960 08 01 0600 148.960 -34.620 0.0 2.8 MW CAN
1962 03 07 1417 147.350 -38.020 10.0 3.2 MW Underwood
1982 11 26 0011 147.338 -34.006 14.1 4.4 MW MEL
1960 08 06 2211 149.080 -34.710 0.0 2.8 MW CAN
1962 03 22 0623 151.070 -34.080 0.0 3.0 MW CAN
1982 12 25 1648 151.900 -33.000 0.0 3.6 MW CAN
1960 08 09 0448 149.120 -35.770 0.0 2.9 MW CAN
1983 01 15 1645 148.580 -36.630 17.0 3.6 MW CAN
1983 03 07 2326 148.984 -34.651 17.2 3.9 MW MEL
1962 04 03 0541 149.110 -34.690 0.0 3.0 MW CAN
1983 03 19 0500 149.240 -32.880 0.0 4.0 MW CAN
1983 03 22 1339 150.400 -34.350 19.0 3.6 MW CAN
1962 04 06 2023 149.930 -34.780 3.0 3.1 MW CAN
1960 09 29 1256 149.100 -34.730 0.0 2.8 MW CAN
1983 03 24 0653 149.220 -34.770 13.0 3.6 MW CAN
1960 10 16 1955 149.200 -35.380 0.0 2.9 MW CAN
1962 04 12 0553 148.930 -33.660 10.0 3.4 MW CAN
1983 04 29 1651 151.390 -32.560 10.0 3.7 MW CAN
1962 04 17 1703 149.700 -32.200 0.0 3.3 MW CAN
1983 05 18 0842 150.650 -33.980 22.0 3.6 MW CAN
1983 09 24 0725 150.130 -33.600 16.0 3.7 MW CAN
1962 04 23 1947 149.090 -34.530 1.0 3.0 MW CAN
1983 10 15 2050 145.046 -39.770 15.3 4.3 MW MEL
1962 05 02 1353 150.100 -33.900 8.0 3.2 MW CAN
1983 12 19 0618 148.580 -34.736 12.3 3.8 MW MEL
1960 10 26 0154 148.820 -33.970 0.0 2.8 MW CAN
1984 01 20 1527 149.170 -34.820 13.0 3.7 MW CAN
1960 10 29 0520 147.970 -34.820 0.0 2.6 MW CAN
1962 06 01 0419 145.510 -42.850 10.0 3.3 MW TAU
1984 07 20 2156 151.340 -32.590 0.0 3.5 MW BMR
1960 11 05 0631 148.300 -37.120 14.0 2.7 MW CAN
1962 06 22 0403 149.200 -34.800 0.0 3.0 MW CAN
1984 07 28 0518 148.900 -35.100 10.0 3.5 MW CAN
1962 07 10 0644 150.430 -34.200 8.0 3.3 MW CAN
1984 08 09 0630 149.129 -34.797 15.6 4.2 MW MEL
1962 08 20 0607 146.890 -37.920 10.0 3.2 MW Underwood
1984 10 20 0516 145.904 -38.970 16.7 4.2 MW MEL
1962 08 26 1145 149.400 -34.830 0.0 3.1 MW CAN
1984 11 07 1819 149.120 -34.775 13.6 3.7 MW MEL
1985 02 13 0801 150.204 -33.448 14.6 4.2 MW MEL
1962 08 28 1630 147.990 -36.520 19.0 3.1 MW CAN
1985 08 05 0838 147.586 -36.703 14.5 3.7 MW MEL
1962 08 28 1934 149.180 -34.550 4.0 3.2 MW CAN
1985 08 22 1416 152.727 -32.489 12.0 3.5 MW GSQ
1962 09 26 0902 147.146 -36.497 16.0 3.0 MW CAN
1961 01 06 1344 148.090 -34.540 0.0 2.8 MW CAN
1986 02 20 2143 150.580 -33.296 11.8 4.0 MW MEL
1961 01 15 0739 149.380 -34.930 2.0 2.8 MW CAN
1986 03 16 0153 144.509 -41.446 17.1 4.0 MW MEL
1962 12 15 2141 146.550 -38.550 10.0 3.4 MW Underwood
1961 01 16 1621 149.180 -36.260 5.0 2.7 MW CAN
1986 12 20 1204 143.349 -39.212 13.9 3.6 MW MEL
1962 12 26 1051 146.890 -37.570 0.0 3.4 MW CAN
1961 01 20 0355 149.060 -35.070 2.0 2.8 MW CAN
1987 05 30 1444 146.554 -37.947 17.0 4.0 MW MEL
1962 12 30 0228 149.180 -36.000 21.0 3.2 MW CAN
1987 06 24 1504 150.105 -33.401 5.1 4.6 MW MEL
1987 09 04 0715 152.585 -32.088 0.0 3.5 MW BMR
1962 12 31 1910 146.410 -36.300 0.0 3.1 MW CAN
1988 04 09 0122 149.667 -32.239 10.0 3.9 MW USGS
1963 01 14 0631 146.717 -36.557 0.0 3.2 MW CAN
1963 01 18 0605 149.380 -34.610 7.0 3.4 MW CAN
1989 01 05 2048 147.171 -33.842 5.4 3.9 MW MEL
1961 03 02 2227 148.940 -34.630 0.0 2.8 MW CAN
1989 04 18 0351 148.586 -36.416 11.0 3.7 MW MEL
1963 01 26 0233 146.547 -36.406 6.7 3.3 MW CAN
1963 01 28 1202 146.684 -37.058 5.7 3.2 MW CAN
1961 03 09 0811 150.530 -35.970 0.0 2.8 MW CAN
1989 07 31 1621 144.783 -40.751 14.0 3.7 MW MEL
1963 01 31 1613 148.340 -33.950 9.0 3.0 MW CAN
1961 03 19 1810 149.330 -36.090 22.0 2.7 MW CAN
1963 02 08 0106 146.400 -37.200 10.0 3.2 MW Underwood
1963 03 01 2213 148.830 -34.890 2.0 3.2 MW CAN
1963 03 06 0900 146.531 -37.316 0.0 3.2 MW CAN
1961 04 12 1258 148.870 -34.260 0.0 2.8 MW CAN
1961 04 12 2216 149.280 -34.670 12.0 2.8 MW CAN
1963 03 31 0227 149.030 -35.000 9.0 3.4 MW CAN
1963 04 02 1909 144.350 -37.100 0.0 3.4 MW CAN
1961 04 15 0640 146.500 -36.250 0.0 2.8 MW CAN
1961 04 28 1341 148.520 -34.440 0.0 2.8 MW CAN
1961 05 15 1043 149.260 -34.780 0.0 2.9 MW CAN
1963 07 02 0201 149.000 -34.900 0.0 3.1 MW CAN
1963 07 30 0158 148.400 -34.400 0.0 3.4 MW CAN
1961 06 29 0822 149.340 -34.350 0.0 2.8 MW CAN
1961 06 30 0412 149.300 -32.500 0.0 2.8 MW CAN
1963 10 28 0823 149.180 -32.470 0.0 3.2 MW CAN
1961 07 10 2306 149.310 -34.870 7.0 2.8 MW CAN
1963 11 30 2335 148.910 -34.660 9.0 3.2 MW CAN
1963 12 25 0848 146.200 -37.830 0.0 3.1 MW CAN
1961 08 12 1800 151.500 -32.800 0.0 2.9 MW CAN
1964 01 02 0001 149.240 -34.790 4.0 3.0 MW CAN
1961 08 14 1959 148.200 -37.600 0.0 2.8 MW CAN
1964 01 07 0503 150.410 -36.460 9.0 3.1 MW CAN
1961 09 05 0235 149.800 -32.800 0.0 2.8 MW CAN
1964 01 15 0156 149.300 -34.840 3.0 3.2 MW CAN
1964 02 02 0759 149.800 -32.100 0.0 3.0 MW CAN
1964 03 11 1929 149.500 -32.250 0.0 3.2 MW CAN
1961 10 11 0257 149.290 -34.830 16.0 2.9 MW CAN
1961 10 13 0844 152.300 -33.800 0.0 2.8 MW CAN
1964 04 18 0045 149.110 -34.750 2.0 3.4 MW CAN
1964 05 11 1945 148.220 -34.030 0.0 3.2 MW CAN
1964 05 14 0234 149.110 -34.710 0.0 3.0 MW CAN
1961 10 26 1321 151.300 -32.800 0.0 2.9 MW CAN
1964 08 05 1315 148.280 -34.570 0.0 3.0 MW CAN
1964 08 06 2330 149.070 -34.970 9.0 3.0 MW CAN
1961 11 02 0214 149.500 -32.800 0.0 2.8 MW CAN
1964 08 11 0731 146.330 -39.037 0.0 3.4 MW CAN
1961 11 26 2253 149.340 -34.820 6.0 2.9 MW CAN
1964 10 25 1032 145.000 -39.300 10.0 3.2 MW Underwood
1964 11 09 1401 149.330 -34.530 35.0 3.1 MW CAN
1961 12 18 1644 149.300 -34.800 0.0 2.9 MW CAN
1964 11 15 0337 144.720 -40.340 10.0 3.4 MW TAU
1962 01 11 0910 148.811 -37.804 0.0 2.9 MW CAN
1964 12 06 1319 148.940 -34.720 0.0 3.1 MW CAN
1962 01 17 1954 149.100 -34.700 0.0 2.8 MW CAN
1964 12 16 0532 145.550 -36.670 0.0 3.2 MW CAN
1965 01 09 0915 146.962 -38.161 0.0 3.0 MW CAN
1965 01 20 0042 149.610 -35.120 0.0 3.0 MW CAN
1962 03 23 1411 149.200 -34.790 2.0 2.8 MW CAN
1965 02 11 0831 149.260 -34.840 6.0 3.0 MW CAN
1965 02 19 0311 150.170 -34.350 11.0 3.0 MW CAN
1962 03 27 2048 149.150 -34.740 4.0 2.9 MW CAN
1965 03 17 0521 146.154 -37.087 0.0 3.3 MW CAN
1965 05 09 0606 148.270 -34.650 5.0 3.1 MW CAN
1962 04 10 2218 148.400 -34.200 0.0 2.9 MW CAN
1965 05 30 2110 149.200 -34.730 5.0 3.3 MW CAN
1965 06 13 1601 149.100 -34.720 0.0 3.0 MW CAN
1965 06 21 1138 148.340 -34.340 32.0 3.1 MW CAN
1962 04 11 2121 148.560 -34.280 4.0 2.9 MW CAN
1965 07 18 0440 149.090 -34.130 0.0 3.0 MW CAN
1965 08 03 1914 148.800 -34.470 0.0 3.2 MW CAN
1965 09 04 1705 149.360 -34.700 4.0 3.2 MW CAN
1965 09 07 2002 148.570 -34.640 2.0 3.1 MW CAN
1965 09 07 2358 149.210 -34.730 2.0 3.2 MW CAN
1965 09 08 0008 149.170 -34.720 0.0 3.2 MW CAN
1962 05 30 0227 149.080 -33.550 0.0 2.9 MW CAN
1965 09 08 0617 146.410 -38.215 16.0 3.1 MW CAN
1965 09 30 2031 149.270 -34.710 7.0 3.0 MW CAN
1962 07 05 1300 148.018 -37.173 0.0 2.9 MW CAN
1965 10 09 1027 147.340 -35.820 0.0 3.4 MW CAN
1962 07 28 0857 149.200 -34.800 0.0 2.8 MW CAN
1965 10 18 1111 149.170 -34.830 5.0 3.1 MW CAN
1965 11 07 0312 150.240 -34.440 26.0 3.2 MW CAN
1965 11 25 0241 145.181 -42.169 10.0 3.0 MW TAU
1966 02 13 1056 145.895 -38.904 6.0 3.4 MW CAN
1962 08 25 1652 148.800 -34.600 0.0 2.8 MW CAN
1966 02 19 1112 149.250 -34.820 13.0 3.2 MW CAN
1966 03 09 0131 148.580 -34.150 0.0 3.1 MW CAN
1966 03 27 0018 149.260 -34.810 7.0 3.2 MW CAN
1962 09 08 0504 149.210 -34.760 13.0 2.9 MW CAN
1962 09 17 0915 148.860 -34.170 2.0 2.9 MW CAN
1962 09 21 1008 148.780 -36.320 0.0 2.8 MW CAN
1966 05 25 2241 148.400 -33.530 0.0 3.4 MW CAN
1966 07 24 0625 149.960 -36.480 5.0 3.2 MW CAN
1962 10 05 0437 148.620 -34.390 0.0 2.8 MW CAN
1966 08 15 2227 149.121 -37.957 36.0 3.3 MW CAN
1962 11 29 0137 151.330 -35.330 0.0 2.9 MW CAN
1966 09 29 1805 146.104 -38.267 0.0 3.4 MW CAN
1967 04 06 0347 149.200 -34.400 3.0 3.0 MW CAN
1962 12 26 1904 145.750 -40.940 10.0 2.8 MW TAU
1967 04 25 1204 146.300 -37.130 6.0 3.2 MW CAN
1967 06 07 2055 149.210 -34.860 2.0 3.0 MW CAN
1963 01 08 2146 144.590 -41.250 10.0 2.8 MW TAU
1967 06 24 0637 148.780 -35.180 3.0 3.2 MW CAN
1967 09 13 0457 150.500 -32.070 0.0 3.2 MW CAN
1967 10 06 0559 147.910 -43.630 10.0 3.3 MW TAU
1967 10 19 1355 148.830 -34.620 5.0 3.0 MW CAN
1963 02 07 0555 146.330 -38.900 10.0 2.8 MW Underwood
1967 11 21 1004 148.180 -34.300 0.0 3.1 MW CAN
1967 12 01 1235 147.880 -36.050 0.0 3.0 MW CAN
1967 12 14 0106 148.860 -34.660 5.0 3.2 MW CAN
1968 01 11 2057 150.380 -35.070 6.0 3.2 MW CAN
1968 01 19 0030 147.900 -43.565 10.0 3.0 MW TAU
1968 03 01 0647 148.800 -34.040 7.0 3.2 MW CAN
1968 04 20 1006 148.780 -34.040 9.0 3.4 MW CAN
1968 05 03 1759 148.790 -34.040 7.0 3.4 MW CAN
1963 09 02 1901 149.270 -34.870 4.0 2.9 MW CAN
1968 05 06 0645 151.710 -33.660 3.0 3.0 MW CAN
1963 09 16 0749 148.850 -33.960 0.0 2.8 MW CAN
1968 06 06 0022 148.650 -36.120 0.0 3.0 MW CAN
1968 06 27 1547 147.440 -43.736 10.0 3.3 MW TAU
1963 11 11 2349 148.090 -37.888 8.0 2.8 MW CAN
1968 09 14 0732 146.380 -35.020 0.0 3.0 MW CAN
1968 09 30 1628 146.560 -34.620 0.0 3.1 MW CAN
1963 12 30 1053 149.090 -35.040 12.0 2.9 MW CAN
1964 01 12 1653 148.640 -36.350 10.0 2.9 MW CAN
1968 10 28 1633 149.170 -34.170 3.0 3.2 MW CAN
1968 11 11 0842 149.350 -34.870 0.0 3.2 MW CAN
1968 11 16 2311 148.000 -38.000 0.0 3.2 MW CAN
1964 01 19 1708 148.630 -36.330 0.0 2.9 MW CAN
1968 12 14 0435 149.150 -35.370 12.0 3.0 MW CAN
1964 02 04 1936 146.545 -36.865 36.0 2.9 MW CAN
1968 12 31 0311 149.160 -34.240 2.0 3.0 MW CAN
1968 12 31 1759 148.970 -34.760 11.0 3.2 MW CAN
1964 03 03 0340 148.800 -33.810 0.0 2.8 MW CAN
1969 01 11 0132 149.200 -34.770 8.0 3.0 MW CAN
1969 01 12 0140 149.020 -34.740 0.0 3.0 MW CAN
1969 01 23 2137 148.720 -34.020 0.0 3.0 MW CAN
1964 03 21 1218 148.740 -34.520 9.0 2.8 MW CAN
1969 02 14 1552 149.110 -34.160 3.0 3.4 MW CAN
1969 02 26 0837 148.240 -33.490 5.0 3.0 MW CAN
1964 05 06 1501 147.200 -34.080 0.0 2.9 MW CAN
1969 03 15 0655 151.210 -31.930 0.0 3.0 MW CAN
1969 03 19 1623 148.270 -34.640 5.0 3.1 MW CAN
1969 04 08 0553 148.400 -38.170 0.0 3.2 MW CAN
1964 07 06 1400 148.530 -33.610 0.0 2.9 MW CAN
1969 04 11 0014 147.520 -36.890 0.0 3.4 MW CAN
1969 05 21 2111 151.850 -33.220 2.0 3.4 MW CAN
1964 07 10 1954 149.000 -32.600 0.0 2.8 MW CAN
1969 06 03 1648 149.210 -33.760 7.0 3.0 MW CAN
1969 07 02 0121 151.350 -34.610 5.0 3.4 MW CAN
1964 09 18 2238 147.785 -37.338 0.0 2.8 MW CAN
1964 09 26 1027 146.450 -38.450 10.0 2.8 MW Underwood
1969 07 25 0032 151.150 -36.780 0.0 3.0 MW CAN
1969 07 28 0147 147.710 -37.980 0.0 3.4 MW CAN
1969 07 28 0623 149.170 -34.140 0.0 3.0 MW CAN
1964 11 06 1519 149.300 -38.870 34.0 2.9 MW CAN
1969 08 05 0309 151.180 -34.220 15.0 3.2 MW CAN
1969 09 19 0216 151.420 -34.250 0.0 3.0 MW CAN
1969 09 20 0611 150.610 -34.660 0.0 3.0 MW CAN
1969 10 15 1551 149.230 -34.560 5.0 3.0 MW CAN
1969 10 18 0459 150.490 -34.570 5.0 3.1 MW CAN
1970 01 11 1406 147.850 -34.750 0.0 3.1 MW CAN
1964 11 25 1627 151.490 -33.040 11.0 2.8 MW CAN
1970 01 21 1124 148.150 -37.720 4.0 3.2 MW CAN
1970 01 27 0411 150.500 -36.180 6.0 3.0 MW CAN
1970 03 05 1937 145.950 -36.680 6.0 3.3 MW CAN
1970 03 09 1216 152.420 -32.800 0.0 3.2 MW CAN
1965 01 01 2123 149.210 -34.810 1.0 2.9 MW CAN
1970 03 16 0717 151.670 -32.730 0.0 3.0 MW CAN
1970 04 24 1120 148.520 -33.150 15.0 3.2 MW CAN
1970 04 25 1054 149.100 -35.430 18.0 3.2 MW CAN
1965 01 10 1112 147.960 -34.370 15.0 2.9 MW CAN
1970 05 14 1634 149.170 -35.160 20.0 3.0 MW CAN
1970 08 02 1232 149.050 -34.200 2.0 3.4 MW CAN
1965 01 25 0312 149.230 -34.830 11.0 2.9 MW CAN
1970 09 06 1940 149.320 -34.680 7.0 3.0 MW CAN
1965 01 25 0856 149.270 -34.860 6.0 2.8 MW CAN
1970 09 10 0832 151.170 -32.170 0.0 3.0 MW CAN
1970 09 22 1040 148.620 -36.530 0.0 3.3 MW CAN
1970 09 26 1132 147.930 -37.340 3.0 3.1 MW CAN
1965 03 28 0524 149.190 -34.760 0.0 2.8 MW CAN
1970 10 21 1121 149.190 -34.790 7.0 3.2 MW CAN
1970 10 27 1920 149.410 -33.720 16.0 3.2 MW CAN
1970 10 28 0527 144.870 -36.920 0.0 3.3 MW CAN
1970 11 01 0926 146.190 -38.270 28.0 3.4 MW CAN
1970 11 05 0318 149.750 -36.590 8.0 3.1 MW CAN
1965 06 15 0342 148.310 -34.310 0.0 2.8 MW CAN
1970 11 12 1002 149.510 -33.470 40.0 3.0 MW CAN
1970 12 15 0853 148.760 -34.010 0.0 3.0 MW CAN
1965 08 08 0420 149.140 -34.750 13.0 2.8 MW CAN
1970 12 26 1741 149.920 -33.920 5.0 3.0 MW CAN
1965 08 08 1148 149.170 -34.750 7.0 2.8 MW CAN
1971 01 27 0202 148.930 -38.520 0.0 3.2 MW CAN
1971 02 02 0054 150.370 -33.800 0.0 3.3 MW CAN
1971 02 28 2056 149.050 -35.210 5.0 3.0 MW CAN
1971 05 03 0645 151.320 -32.180 0.0 3.0 MW CAN
1971 05 03 1940 150.520 -34.150 2.0 3.0 MW CAN
1965 09 19 0750 149.450 -34.970 0.0 2.8 MW CAN
1971 05 10 0342 151.840 -33.880 13.0 3.0 MW CAN
1965 10 06 0035 145.070 -36.508 0.0 2.8 MW CAN
1971 05 26 1158 145.014 -40.481 10.0 3.1 MW TAU
1965 10 12 2207 149.230 -34.740 2.0 2.9 MW CAN
1971 06 20 0303 145.780 -42.762 10.0 3.0 MW TAU
1965 11 13 1647 148.230 -34.330 0.0 2.8 MW CAN
1965 12 03 1517 149.280 -34.690 0.0 2.8 MW CAN
1971 06 30 0442 148.520 -33.400 0.0 3.2 MW CAN
1965 12 30 2032 149.130 -34.800 24.0 2.9 MW CAN
1966 01 03 1626 149.380 -34.680 0.0 2.8 MW CAN
1966 02 04 1858 149.470 -34.540 6.0 2.8 MW CAN
1971 08 10 0618 148.890 -33.960 35.0 3.0 MW CAN
1971 08 11 1230 150.420 -37.620 0.0 3.2 MW CAN
1971 09 18 0337 150.200 -35.530 0.0 3.3 MW CAN
1971 09 19 0914 146.900 -34.700 0.0 3.1 MW CAN
1971 09 21 0015 149.080 -34.590 10.0 3.1 MW CAN
1971 10 22 0017 143.930 -40.900 10.0 3.2 MW TAU
1966 04 23 1726 146.275 -37.080 0.9 2.8 MW CAN
1971 10 26 0453 148.870 -33.020 0.0 3.3 MW CAN
1966 04 29 1344 149.220 -34.650 5.0 2.8 MW CAN
1971 11 09 1928 147.580 -34.300 0.0 3.3 MW CAN
1971 11 14 1602 147.370 -34.180 0.0 3.0 MW CAN
1966 07 24 1529 149.480 -35.780 0.0 2.8 MW CAN
1972 01 01 0245 149.050 -34.950 9.0 3.1 MW CAN
1972 02 19 1107 149.360 -34.900 8.0 3.0 MW CAN
1966 09 17 0840 149.190 -34.750 10.0 2.8 MW CAN
1966 09 28 2342 149.350 -34.760 10.0 2.9 MW CAN
1972 03 04 1625 145.407 -41.929 10.0 3.2 MW TAU
1972 03 16 0741 147.500 -34.300 0.0 3.4 MW CAN
1966 11 06 0849 149.250 -34.810 11.0 2.9 MW CAN
1972 03 21 0313 149.230 -32.730 0.0 3.4 MW CAN
1972 04 03 1012 145.960 -37.230 2.0 3.3 MW CAN
1972 04 21 1716 147.800 -37.400 7.0 3.2 MW CAN
1967 01 31 1803 148.780 -34.360 4.0 2.8 MW CAN
1972 05 11 0109 149.120 -32.420 0.0 3.3 MW CAN
1972 05 14 0757 148.810 -34.890 4.0 3.0 MW CAN
1967 04 28 1718 149.030 -34.300 14.0 2.8 MW CAN
1972 05 28 1648 147.630 -34.210 14.0 3.0 MW CAN
1967 05 05 2138 148.620 -35.760 0.0 2.8 MW CAN
1972 06 05 0616 148.000 -38.960 10.0 3.4 MW TAU
1972 07 07 1053 147.420 -42.730 10.0 3.0 MW TAU
1967 07 04 0529 149.170 -34.750 17.0 2.9 MW CAN
1972 07 14 1126 144.950 -38.860 0.0 3.3 MW BMR
1967 08 10 0041 149.000 -34.870 0.0 2.8 MW CAN
1972 07 23 0746 148.446 -36.518 2.0 3.3 MW CAN
1972 08 22 1323 148.640 -38.360 0.0 3.4 MW TAU
1972 09 12 1937 148.840 -33.980 4.0 3.2 MW CAN
1967 09 27 0003 149.220 -34.850 10.0 2.9 MW CAN
1972 09 18 1233 144.980 -41.230 10.0 3.0 MW TAU
1972 10 12 1441 149.130 -33.180 0.0 3.0 MW CAN
1972 10 14 1906 148.880 -34.000 0.0 3.1 MW CAN
1972 11 05 1922 143.593 -38.934 10.0 3.2 MW ISC
1967 11 04 1300 147.150 -34.170 0.0 2.8 MW CAN
1972 11 19 2232 145.450 -43.570 10.0 3.0 MW TAU
1972 11 24 0110 146.850 -37.170 4.0 3.2 MW CAN
1972 12 14 1633 148.870 -34.330 0.0 3.0 MW CAN
1973 01 23 2345 143.430 -39.020 10.0 3.4 MW BMR
1967 12 15 0116 149.340 -34.900 9.0 2.8 MW CAN
1973 02 16 2204 149.080 -34.170 2.0 3.0 MW CAN
1968 02 25 1028 149.320 -34.700 1.0 2.9 MW CAN
1973 03 11 0559 148.970 -36.560 8.0 3.0 MW CAN
1968 03 15 1400 151.610 -32.830 0.0 2.9 MW CAN
1973 03 22 2241 147.850 -37.730 0.0 3.3 MW CAN
1968 04 21 2010 148.880 -34.940 2.0 2.8 MW CAN
1973 06 21 1443 150.980 -33.050 0.0 3.3 MW CAN
1973 07 29 2105 150.820 -36.300 0.0 3.0 MW CAN
1973 08 03 0317 148.360 -34.370 11.0 3.0 MW CAN
1968 05 30 1007 148.590 -36.280 5.0 2.9 MW CAN
1973 08 14 0527 148.900 -34.300 0.0 3.0 MW CAN
1973 12 25 1722 146.820 -37.000 0.0 3.0 MW CAN
1968 06 06 0154 148.310 -36.720 24.0 2.8 MW CAN
1973 12 27 1519 149.150 -34.630 0.0 3.0 MW CAN
1974 02 14 0045 149.020 -34.510 0.0 3.0 MW CAN
1974 02 25 1001 144.760 -41.460 10.0 3.0 MW TAU
1968 07 21 1831 150.160 -35.140 13.0 2.8 MW CAN
1974 03 05 0815 148.980 -34.950 0.0 3.2 MW BMR
1968 08 07 0412 150.440 -36.290 8.0 2.8 MW CAN
1974 03 22 1737 149.190 -34.746 4.0 3.2 MW BMR
1968 09 01 0128 149.330 -35.000 0.0 2.9 MW CAN
1974 03 31 0753 148.400 -34.080 10.0 3.2 MW CAN
1968 09 11 0631 149.200 -35.550 0.0 2.8 MW CAN
1968 09 15 1122 151.470 -33.880 12.0 2.8 MW CAN
1974 06 19 2246 148.680 -36.230 0.0 3.2 MW CAN
1968 10 04 1309 148.220 -34.530 7.0 2.8 MW CAN
1974 07 08 0421 146.300 -34.900 0.0 3.0 MW CAN
1974 07 13 2348 149.040 -35.010 0.0 3.2 MW CAN
1968 10 10 0410 151.420 -32.230 0.0 2.8 MW CAN
1974 07 20 2305 149.140 -34.760 6.0 3.4 MW CAN
1974 07 26 2219 149.000 -35.020 6.0 3.2 MW CAN
1974 08 01 1437 149.371 -37.962 29.0 3.0 MW CAN
1974 08 10 0155 149.900 -37.900 0.0 3.3 MW CAN
1974 09 07 1746 146.524 -37.800 6.8 3.4 MW MEL
1974 10 14 0030 151.030 -37.220 0.0 3.1 MW CAN
1975 01 22 0037 143.550 -38.440 32.0 3.2 MW BMR
1975 01 26 1632 146.070 -36.260 4.0 3.3 MW CAN
1975 02 06 0220 151.730 -34.380 0.0 3.0 MW CAN
1969 01 19 2100 150.180 -36.480 31.0 2.9 MW CAN
1975 02 08 1734 147.870 -34.660 8.0 3.1 MW CAN
1975 03 07 1131 144.510 -36.840 10.0 3.2 MW BMR
1975 03 26 1013 146.695 -37.909 14.3 3.0 MW MEL
1975 04 17 0829 148.366 -36.146 2.0 3.3 MW CAN
1969 03 10 1849 145.720 -43.300 10.0 2.8 MW TAU
1975 05 29 0841 148.150 -34.350 3.0 3.0 MW CAN
1975 05 31 1436 147.280 -33.840 9.0 3.2 MW CAN
1975 06 05 0700 150.161 -36.251 4.0 3.0 MW CAN
1975 07 22 1130 146.180 -38.400 10.0 3.0 MW BMR
1975 07 23 0346 145.520 -36.830 0.0 3.0 MW CAN
1969 04 23 0344 148.630 -34.150 0.0 2.8 MW CAN
1969 05 03 0835 147.830 -37.200 0.0 2.8 MW CAN
1975 08 02 1938 149.120 -34.200 7.0 3.0 MW CAN
1969 05 12 2201 149.290 -34.570 3.0 2.8 MW CAN
1975 08 04 1717 149.194 -34.784 1.0 3.3 MW BMR
1969 05 14 0431 149.260 -34.530 6.0 2.8 MW CAN
1975 08 07 0330 150.210 -36.760 11.0 3.3 MW CAN
1975 08 31 0016 144.950 -40.530 0.0 3.3 MW BMR
1975 10 25 1341 151.030 -35.440 5.0 3.0 MW CAN
1975 11 08 0537 144.840 -40.650 10.0 3.0 MW BMR
1975 11 21 0532 147.750 -36.540 14.0 3.0 MW CAN
1975 11 26 0127 147.400 -35.750 0.0 3.0 MW CAN
1969 07 16 1912 149.140 -34.130 4.0 2.8 MW CAN
1975 12 18 0152 149.000 -35.010 68.0 3.1 MW CAN
1976 01 09 0430 150.630 -34.210 7.0 3.2 MW CAN
1976 01 10 0127 149.030 -35.610 13.0 3.0 MW CAN
1976 01 16 0437 149.000 -35.010 0.0 3.0 MW CAN
1976 02 22 1518 144.081 -38.640 11.6 3.4 MW MEL
1976 03 08 0825 146.187 -36.896 4.1 3.0 MW MEL
1969 08 26 1028 145.485 -42.979 10.0 2.9 MW TAU
1976 03 08 1922 146.594 -38.076 11.3 3.0 MW MEL
1969 09 04 0201 151.930 -34.430 0.0 2.9 MW CAN
1976 03 28 1816 150.140 -36.480 9.0 3.2 MW CAN
1976 05 11 1002 146.454 -36.405 8.7 3.0 MW MEL
1969 09 25 0546 149.133 -34.733 0.0 2.8 MW CAN
1969 09 26 1426 148.370 -33.830 6.0 2.9 MW CAN
1976 06 01 0316 148.220 -34.370 8.0 3.0 MW CAN
1976 06 20 1642 150.810 -33.620 8.0 3.3 MW CAN
1976 06 26 2055 144.880 -38.708 17.1 3.2 MW MEL
1976 07 08 0804 149.209 -34.445 1.0 3.0 MW BMR
1969 12 08 1239 149.680 -32.630 0.0 2.8 MW CAN
1976 07 18 1755 148.790 -35.870 0.0 3.1 MW CAN
1976 09 03 2223 148.940 -34.290 13.0 3.1 MW CAN
1970 02 15 1509 150.070 -36.180 0.0 2.8 MW CAN
1976 09 17 1449 147.190 -35.310 14.0 3.0 MW CAN
1976 10 16 1552 148.150 -33.980 10.0 3.3 MW CAN
1976 10 27 0443 148.330 -34.300 15.0 3.2 MW CAN
1970 03 18 0014 151.450 -32.730 11.0 2.9 MW CAN
1976 11 23 0619 149.186 -34.780 1.0 3.3 MW BMR
1976 11 28 1923 147.600 -34.230 24.0 3.1 MW CAN
1970 04 28 0132 148.130 -36.370 0.0 2.8 MW CAN
1977 01 11 2020 147.370 -35.810 17.0 3.4 MW CAN
1977 01 29 1041 148.810 -34.630 12.0 3.1 MW CAN
1970 05 21 1442 150.740 -35.850 5.0 2.9 MW CAN
1977 02 14 1639 143.636 -39.113 0.4 3.1 MW MEL
1970 06 06 0316 151.000 -34.900 0.0 2.8 MW CAN
1977 03 01 1345 148.770 -34.760 14.0 3.3 MW CAN
1977 04 05 1031 149.185 -34.743 1.0 3.3 MW BMR
1970 07 14 2139 148.870 -35.900 6.0 2.9 MW CAN
1977 04 29 2017 148.272 -35.454 6.0 3.0 MW MEL
1970 09 03 1235 146.146 -43.886 10.0 2.9 MW TAU
1977 05 02 0400 149.190 -34.440 10.0 3.0 MW CAN
1977 05 25 1711 148.000 -36.470 13.0 3.1 MW CAN
1977 05 29 1332 149.590 -34.590 10.0 3.0 MW CAN
1977 06 18 1315 144.686 -40.248 6.6 3.0 MW MEL
1977 07 31 0013 146.480 -36.450 11.0 3.0 MW CAN
1977 07 31 0016 146.730 -36.480 17.0 3.1 MW CAN
1977 09 02 1848 144.885 -39.188 10.3 3.1 MW MEL
1970 10 25 0520 148.700 -32.470 0.0 2.9 MW CAN
1977 09 17 2205 149.630 -38.000 0.0 3.1 MW CAN
1977 09 22 2055 144.723 -38.175 16.7 3.3 MW MEL
1977 10 25 2354 148.340 -34.340 14.0 3.2 MW CAN
1977 11 07 0929 144.868 -39.220 11.6 3.1 MW MEL
1970 11 05 1214 149.350 -36.090 5.0 2.9 MW CAN
1977 11 12 1840 143.544 -38.949 12.5 3.4 MW MEL
1970 11 08 1157 149.070 -38.030 0.0 2.9 MW CAN
1970 11 10 1917 145.848 -42.549 10.0 2.8 MW TAU
1977 11 13 1836 151.500 -33.850 0.0 3.1 MW CAN
1977 12 06 0441 148.390 -34.180 23.0 3.3 MW CAN
1977 12 18 1006 147.160 -34.130 15.0 3.0 MW CAN
1978 01 08 2029 149.660 -35.800 29.0 3.1 MW CAN
1978 01 15 2149 149.120 -34.210 0.0 3.0 MW CAN
1978 01 22 2159 145.123 -38.543 2.0 3.0 MW MEL
1978 02 02 0206 149.540 -34.640 9.0 3.0 MW CAN
1978 02 08 1626 148.830 -34.120 13.0 3.0 MW CAN
1971 03 01 0626 148.260 -34.360 6.0 2.8 MW CAN
1978 03 01 0359 149.420 -33.290 25.0 3.0 MW CAN
1971 03 16 1029 149.080 -34.110 0.0 2.9 MW CAN
1978 03 09 0215 150.250 -36.200 0.0 3.0 MW CAN
1971 03 28 2321 148.100 -34.950 0.0 2.9 MW CAN
1978 04 25 2302 149.140 -33.190 16.0 3.4 MW CAN
1971 04 05 1046 148.420 -38.100 0.0 2.8 MW CAN
1978 05 03 0335 151.050 -34.990 16.0 3.2 MW CAN
1978 05 04 1134 145.703 -40.913 8.3 3.2 MW MEL
1978 06 02 2233 148.870 -34.270 14.0 3.1 MW CAN
1978 06 11 1552 147.700 -34.300 0.0 3.0 MW CAN
1978 07 29 1950 150.280 -36.240 24.0 3.3 MW CAN
1978 08 05 0215 150.410 -37.810 0.0 3.0 MW CAN
1978 08 10 1204 148.250 -33.470 15.0 3.0 MW CAN
1978 08 17 0255 146.454 -38.552 14.2 3.2 MW MEL
1978 08 25 0019 145.780 -42.980 20.0 3.2 MW TAU
1978 08 25 2023 146.305 -38.416 3.6 3.2 MW MEL
1978 10 23 1053 144.659 -39.249 10.2 3.0 MW MEL
1971 07 13 0220 148.710 -36.330 0.0 2.8 MW CAN
1978 12 11 0231 151.690 -33.890 21.0 3.4 MW CAN
1971 08 01 1119 148.070 -37.920 0.0 2.8 MW CAN
1978 12 24 0244 146.332 -38.451 17.2 3.1 MW MEL
1979 01 05 2245 148.710 -34.840 0.0 3.0 MW CAN
1979 01 10 1606 151.820 -33.850 0.0 3.0 MW CAN
1971 08 28 0348 150.840 -34.190 11.0 2.9 MW CAN
1979 01 15 1631 150.340 -34.140 24.0 3.1 MW CAN
1971 09 15 0238 146.050 -36.570 0.0 2.9 MW CAN
1979 01 18 0508 149.230 -34.740 14.0 3.2 MW CAN
1979 01 23 1846 150.660 -36.360 16.0 3.1 MW CAN
1979 01 29 2245 148.900 -34.680 0.0 3.0 MW CAN
1979 02 03 1633 149.170 -34.780 14.0 3.2 MW CAN
1979 02 04 1326 151.400 -33.000 29.0 3.4 MW CAN
1979 02 26 0821 151.770 -34.580 0.0 3.3 MW CAN
1971 10 16 0420 150.730 -34.190 5.0 2.9 MW CAN
1979 03 02 1805 151.410 -32.990 13.0 3.2 MW CAN
1979 03 05 0316 148.720 -34.770 13.0 3.0 MW CAN
1979 04 13 1524 149.850 -32.990 7.0 3.2 MW CAN
1979 04 15 2020 144.792 -39.059 0.0 3.0 MW MEL
1971 11 09 0150 147.710 -34.550 11.0 2.8 MW CAN
1979 04 16 0134 150.530 -33.940 18.0 3.2 MW CAN
1979 04 23 1807 147.510 -34.230 15.0 3.1 MW CAN
1979 04 25 0926 148.890 -34.680 16.0 3.0 MW CAN
1971 11 30 0456 148.720 -38.230 0.0 2.9 MW CAN
1979 04 29 0117 147.270 -34.250 14.0 3.3 MW CAN
1979 05 06 1309 149.830 -32.100 0.0 3.4 MW CAN
1979 05 09 0532 146.920 -35.720 0.0 3.0 MW CAN
1979 05 19 0458 150.050 -33.390 29.0 3.0 MW CAN
1972 02 03 2121 148.600 -36.630 0.0 2.9 MW CAN
1979 05 25 2032 148.579 -35.066 11.2 3.1 MW MEL
1979 06 17 0853 148.850 -34.380 0.0 3.0 MW CAN
1972 02 09 0631 150.590 -34.810 10.0 2.9 MW CAN
1979 06 26 1215 147.106 -38.699 0.0 3.0 MW MEL
1972 02 19 0518 149.010 -35.360 4.0 2.8 MW CAN
1979 08 13 1944 148.718 -36.373 2.0 3.0 MW CAN
1979 08 16 0527 151.270 -33.680 21.0 3.0 MW CAN
1979 08 30 0101 147.590 -38.614 17.2 3.0 MW MEL
1979 08 31 0941 148.744 -36.363 2.0 3.0 MW CAN
1979 09 12 0642 148.780 -35.200 23.0 3.3 MW CAN
1979 09 20 0109 151.320 -35.220 12.0 3.1 MW CAN
1979 10 01 0822 151.420 -32.830 0.0 3.0 MW CAN
1972 05 14 0918 148.330 -33.940 14.0 2.8 MW CAN
1979 11 14 1608 147.240 -37.571 14.3 3.0 MW MEL
1979 11 25 1953 147.994 -37.249 2.6 3.0 MW MEL
1979 12 06 0752 148.530 -37.860 15.0 3.0 MW CAN
1979 12 15 0951 148.690 -33.860 20.0 3.1 MW CAN
1972 06 09 1151 147.420 -34.200 1.0 2.9 MW CAN
1979 12 18 2351 147.950 -35.770 12.0 3.0 MW CAN
1979 12 24 0733 146.255 -37.162 16.8 3.0 MW MEL
1979 12 25 0817 144.614 -40.533 16.6 3.2 MW MEL
1979 12 28 1112 144.398 -38.904 0.0 3.3 MW MEL
1980 01 03 1146 148.220 -34.010 20.0 3.0 MW CAN
1980 01 13 1838 148.370 -33.930 13.0 3.0 MW CAN
1972 08 23 1829 150.390 -36.270 5.0 2.9 MW CAN
1980 02 04 2334 148.380 -33.470 15.0 3.0 MW CAN
1972 09 06 1128 148.030 -37.020 0.0 2.9 MW CAN
1972 09 10 2315 145.150 -40.650 10.0 2.8 MW TAU
1980 02 24 0552 149.200 -34.780 16.0 3.1 MW CAN
1980 03 03 1030 150.300 -38.060 0.0 3.2 MW CAN
1980 03 04 2333 149.530 -33.380 20.0 3.1 MW CAN
1980 03 10 0431 147.480 -34.250 16.0 3.3 MW CAN
1972 10 13 0738 146.750 -44.330 10.0 2.9 MW TAU
1980 03 27 1237 146.055 -38.000 14.4 3.0 MW MEL
1980 04 24 0417 150.090 -33.760 19.0 3.2 MW CAN
1972 11 01 2345 148.340 -34.290 11.0 2.9 MW CAN
1980 04 26 2054 146.319 -34.773 2.0 3.1 MW MEL
1972 11 03 0007 150.600 -35.680 0.0 2.9 MW CAN
1980 05 02 2225 149.240 -34.580 13.0 3.0 MW CAN
1980 05 16 0941 148.390 -33.380 15.0 3.4 MW CAN
1980 05 23 1746 149.130 -34.210 14.0 3.2 MW CAN
1980 06 03 0628 150.000 -38.500 0.0 3.4 MW CAN
1972 12 29 1335 148.370 -33.300 12.0 2.9 MW CAN
1973 01 08 2247 149.336 -34.889 2.0 2.9 MW BMR
1980 06 05 1419 148.566 -38.006 17.2 3.4 MW MEL
1980 06 07 0700 149.190 -34.160 0.0 3.1 MW CAN
1980 07 07 1509 148.670 -33.300 5.0 3.0 MW CAN
1980 07 14 0530 150.240 -34.530 22.0 3.1 MW CAN
1980 07 19 0051 148.810 -34.580 16.0 3.4 MW CAN
1973 03 03 1428 148.650 -34.500 3.0 2.9 MW CAN
1980 08 19 1007 147.370 -35.820 20.0 3.0 MW CAN
1980 08 27 0302 149.230 -34.580 15.0 3.0 MW CAN
1980 08 31 0430 149.210 -34.580 13.0 3.0 MW CAN
1980 09 07 0955 150.810 -34.330 18.0 3.4 MW CAN
1973 04 13 1834 147.730 -34.140 11.0 2.8 MW CAN
1980 09 11 2306 151.140 -33.170 62.0 3.0 MW CAN
1973 04 17 0222 151.470 -35.070 0.0 2.9 MW CAN
1980 09 15 0017 149.150 -34.520 20.0 3.2 MW CAN
1973 05 14 1423 148.960 -34.540 1.0 2.9 MW CAN
1980 09 15 1913 148.330 -34.350 16.0 3.1 MW CAN
1973 05 20 2137 147.590 -34.440 29.0 2.9 MW CAN
1980 09 18 0551 145.678 -38.360 10.4 3.3 MW MEL
1973 05 21 0409 147.400 -35.940 0.0 2.9 MW CAN
1980 10 08 1002 151.450 -35.050 0.0 3.1 MW CAN
1973 05 24 1713 148.870 -33.060 0.0 2.9 MW CAN
1980 10 17 0202 151.100 -33.370 24.0 3.0 MW CAN
1973 05 29 0311 148.820 -34.420 3.0 2.9 MW CAN
1980 12 23 0003 149.240 -34.590 8.0 3.2 MW CAN
1973 06 21 0220 149.180 -34.780 0.0 2.9 MW CAN
1981 01 01 0900 149.200 -32.420 0.0 3.3 MW CAN
1973 06 21 0334 149.180 -34.780 0.0 2.9 MW CAN
1981 01 07 1714 145.949 -37.123 3.6 3.1 MW MEL
1981 01 07 2110 150.660 -35.770 28.0 3.3 MW CAN
1981 01 11 1813 149.240 -34.590 16.0 3.2 MW CAN
1981 01 23 1600 147.229 -37.361 2.6 3.4 MW MEL
1981 01 27 1306 147.034 -36.103 2.6 3.3 MW MEL
1973 08 07 0505 149.120 -34.700 2.0 2.8 MW CAN
1981 01 30 1119 149.230 -34.580 10.0 3.1 MW CAN
1973 08 25 0223 148.680 -35.880 9.0 2.8 MW CAN
1981 03 07 0236 150.250 -32.470 15.0 3.0 MW CAN
1981 05 15 1707 148.760 -33.440 0.0 3.2 MW CAN
1973 09 06 0827 149.210 -34.760 0.0 2.8 MW CAN
1981 05 28 1150 150.620 -35.680 34.0 3.1 MW CAN
1973 09 07 0148 148.000 -34.220 0.0 2.9 MW CAN
1973 09 07 2347 149.040 -34.670 2.0 2.8 MW CAN
1973 12 13 0544 150.520 -35.370 0.0 2.8 MW CAN
1981 06 27 0422 150.650 -35.600 0.0 3.0 MW CAN
1981 06 27 2323 148.540 -33.250 19.0 3.0 MW CAN
1981 07 01 1218 144.925 -36.470 0.0 3.1 MW MEL
1981 07 08 1143 148.730 -32.550 0.0 3.1 MW CAN
1981 07 26 1705 148.820 -34.590 15.0 3.2 MW CAN
1974 01 09 1639 148.230 -36.240 0.0 2.8 MW CAN
1981 08 30 2155 150.880 -36.680 0.0 3.1 MW CAN
1974 02 03 1202 148.710 -34.920 3.0 2.8 MW CAN
1981 09 05 0700 148.980 -34.210 12.0 3.1 MW CAN
1981 11 05 0356 148.810 -36.239 0.0 3.1 MW CAN
1981 11 08 1039 149.220 -34.600 11.0 3.0 MW CAN
1974 03 29 1144 149.270 -34.240 1.0 2.9 MW CAN
1974 03 31 1514 147.970 -36.450 0.0 2.9 MW BMR
1974 04 10 2316 151.180 -31.900 0.0 2.8 MW BMR
1981 12 15 0548 149.010 -35.030 15.0 3.2 MW CAN
1981 12 21 1151 147.780 -34.380 22.0 3.1 MW CAN
1982 01 16 1524 148.720 -34.340 16.0 3.0 MW CAN
1974 04 19 2303 148.930 -35.700 29.0 2.9 MW CAN
1982 01 22 0726 148.768 -36.235 1.0 3.3 MW CAN
1974 04 24 1039 149.090 -32.640 0.0 2.9 MW CAN
1974 04 26 2309 148.450 -33.850 9.0 2.9 MW CAN
1982 01 27 0641 145.700 -35.600 0.0 3.0 MW CAN
1982 02 11 1458 147.484 -38.531 17.2 3.1 MW MEL
1982 02 13 0722 148.223 -36.371 0.0 3.4 MW CAN
1974 05 17 0949 146.870 -40.950 10.0 2.8 MW TAU
1974 05 28 0730 147.380 -34.660 0.0 2.9 MW CAN
1982 03 23 0728 145.750 -38.387 4.0 3.0 MW MEL
1974 06 11 2036 149.210 -34.730 5.0 2.9 MW CAN
1982 05 02 0956 148.250 -34.110 16.0 3.2 MW CAN
1974 06 22 0708 149.930 -36.880 0.0 2.9 MW CAN
1982 05 05 0636 151.410 -35.240 0.0 3.4 MW CAN
1982 05 16 0418 148.750 -34.160 11.0 3.1 MW CAN
1974 07 10 2241 149.630 -35.350 0.0 2.9 MW CAN
1982 06 18 1337 150.610 -33.500 20.0 3.0 MW CAN
1982 06 24 0314 149.180 -34.770 16.0 3.0 MW CAN
1982 06 26 0649 149.750 -32.450 0.0 3.1 MW CAN
1982 07 11 2309 151.020 -36.830 0.0 3.3 MW CAN
1982 07 13 0930 152.000 -34.250 0.0 3.2 MW CAN
1974 08 10 0433 144.860 -39.400 0.0 2.9 MW BMR
1974 09 14 1501 149.120 -34.160 3.0 2.8 MW CAN
1982 09 15 0433 150.870 -34.750 26.0 3.4 MW CAN
1982 09 18 1745 147.966 -37.015 3.0 3.0 MW MEL
1982 09 25 1611 147.210 -33.950 12.0 3.4 MW CAN
1982 09 29 1321 149.250 -34.570 16.0 3.2 MW CAN
1974 11 18 0216 149.340 -33.180 0.0 2.9 MW CAN
1974 11 18 1053 147.300 -34.520 0.0 2.8 MW CAN
1974 11 24 2357 149.350 -36.410 4.0 2.8 MW CAN
1982 10 09 1759 150.340 -33.640 12.0 3.0 MW CAN
1974 11 28 1819 148.430 -34.370 19.0 2.9 MW CAN
1982 10 27 0848 147.706 -34.908 17.2 3.3 MW MEL
1974 12 17 0828 148.350 -33.280 0.0 2.8 MW CAN
1982 11 04 1837 148.900 -34.280 19.0 3.0 MW CAN
1982 11 05 0133 148.963 -34.901 6.5 3.2 MW MEL
1975 01 16 0406 149.890 -34.290 4.0 2.8 MW CAN
1982 11 05 1033 148.840 -34.950 8.0 3.2 MW CAN
1982 11 09 2147 149.100 -38.060 0.0 3.4 MW CAN
1975 01 27 2014 149.230 -34.790 3.0 2.8 MW CAN
1975 02 02 1442 149.840 -34.740 27.0 2.9 MW CAN
1982 12 01 2000 145.196 -39.911 12.8 3.0 MW MEL
1983 01 11 2132 150.320 -36.160 19.0 3.0 MW CAN
1975 02 08 2327 147.460 -36.740 3.0 2.9 MW CAN
1983 01 28 2232 146.190 -34.720 34.0 3.2 MW CAN
1983 02 09 0429 151.760 -33.830 0.0 3.2 MW CAN
1983 02 20 2258 147.450 -34.180 0.0 3.0 MW CAN
1983 02 26 0557 150.190 -36.390 15.0 3.1 MW CAN
1975 05 21 1414 149.050 -35.610 12.0 2.8 MW CAN
1975 05 21 1426 149.220 -34.760 3.0 2.8 MW CAN
1983 03 09 0751 148.810 -34.620 10.0 3.0 MW CAN
1975 05 22 0056 149.220 -34.550 0.0 2.8 MW CAN
1975 06 03 1708 149.220 -34.770 6.0 2.8 MW CAN
1983 04 03 1631 148.876 -34.589 16.8 3.0 MW MEL
1983 04 08 1001 146.960 -34.360 19.0 3.2 MW CAN
1975 06 06 1642 149.240 -34.770 7.0 2.8 MW CAN
1983 04 12 0656 148.890 -34.330 10.0 3.2 MW CAN
1975 06 14 0518 143.600 -38.880 10.0 2.8 MW BMR
1983 04 14 1516 150.600 -33.460 29.0 3.2 MW CAN
1983 04 15 0604 147.170 -33.970 12.0 3.4 MW CAN
1975 06 26 0533 151.180 -35.220 0.0 2.8 MW CAN
1983 04 17 1824 147.530 -34.250 21.0 3.0 MW CAN
1975 06 27 0405 149.020 -35.020 0.0 2.8 MW CAN
1983 04 29 0755 149.190 -34.740 17.0 3.0 MW CAN
1983 05 11 1613 148.540 -33.630 15.0 3.1 MW CAN
1983 05 30 1724 148.960 -34.550 0.0 3.0 MW CAN
1983 06 01 1857 150.450 -34.030 19.0 3.1 MW CAN
1983 06 13 1927 148.400 -36.190 12.0 3.0 MW CAN
1983 06 17 1545 149.230 -34.600 15.0 3.3 MW CAN
1983 06 28 1317 147.610 -34.320 20.0 3.1 MW CAN
1975 09 20 1510 149.140 -35.390 0.0 2.8 MW CAN
1983 07 14 1702 150.380 -35.470 38.0 3.2 MW CAN
1975 10 15 1902 148.665 -36.279 4.0 2.8 MW CAN
1983 08 05 1627 148.220 -34.360 11.0 3.0 MW CAN
1983 08 06 0831 148.540 -34.550 16.0 3.2 MW CAN
1975 10 31 1916 148.740 -34.320 4.0 2.8 MW CAN
1983 08 14 1043 148.930 -34.770 14.0 3.3 MW CAN
1983 08 15 0711 150.000 -38.000 0.0 3.4 MW CAN
1983 08 18 1134 150.230 -33.420 19.0 3.1 MW CAN
1975 12 07 1031 149.090 -35.340 0.0 2.8 MW CAN
1983 08 31 1025 146.349 -38.517 17.0 3.2 MW MEL
1983 09 27 0449 149.180 -34.770 0.0 3.0 MW CAN
1983 10 26 1159 147.340 -33.940 18.0 3.2 MW CAN
1983 10 28 1409 150.790 -36.810 17.0 3.2 MW CAN
1976 02 11 0557 149.070 -33.730 0.0 2.8 MW CAN
1976 02 12 0350 151.580 -35.420 0.0 2.8 MW CAN
1983 11 01 0050 150.450 -33.900 0.0 3.3 MW CAN
1983 11 29 0949 149.240 -34.600 14.0 3.3 MW CAN
1983 12 29 0453 149.150 -34.320 10.0 3.1 MW CAN
1984 01 15 0632 148.640 -33.690 16.0 3.4 MW CAN
1976 03 31 1112 149.050 -34.320 3.0 2.9 MW CAN
1976 04 05 0747 146.171 -38.724 12.7 2.9 MW MEL
1984 02 06 1443 147.436 -35.386 2.6 3.3 MW MEL
1976 04 21 1329 150.220 -33.590 18.0 2.9 MW CAN
1984 02 08 1956 149.290 -34.910 12.0 3.2 MW CAN
1984 02 10 0303 148.310 -34.420 18.0 3.0 MW CAN
1984 02 28 1659 148.642 -35.567 15.4 3.2 MW MEL
1984 02 29 0318 147.420 -35.380 14.0 3.1 MW CAN
1984 03 05 1447 149.260 -36.410 18.0 3.2 MW CAN
1976 06 09 0658 145.600 -36.400 0.0 2.9 MW CAN
1984 03 14 0453 149.290 -34.690 14.0 3.2 MW CAN
1984 03 30 0954 150.280 -36.900 18.0 3.0 MW CAN
1984 04 12 2333 149.520 -35.400 17.0 3.1 MW CAN
1976 07 11 1258 146.190 -40.800 32.0 2.9 MW BMR
1984 04 14 1638 151.400 -32.800 0.0 3.0 MW CAN
1984 04 15 0410 148.830 -33.570 19.0 3.2 MW CAN
1976 07 17 0006 149.190 -34.760 13.0 2.8 MW CAN
1984 06 04 1948 149.169 -34.798 8.1 3.4 MW MEL
1984 06 22 1348 148.680 -34.350 16.0 3.1 MW CAN
1976 09 02 0608 148.230 -36.720 0.0 2.9 MW CAN
1984 07 03 1950 148.870 -34.900 16.0 3.0 MW CAN
1976 09 02 1019 147.190 -36.810 15.0 2.8 MW CAN
1984 07 10 2212 146.182 -38.449 17.2 3.0 MW MEL
1984 07 15 2302 149.700 -33.890 21.0 3.1 MW CAN
1984 09 08 1853 147.320 -33.740 18.0 3.1 MW CAN
1976 09 19 0204 149.000 -35.900 20.0 2.9 MW CAN
1984 09 16 2129 150.240 -36.420 17.0 3.2 MW CAN
1976 10 22 0341 147.460 -34.220 15.0 2.9 MW CAN
1984 12 08 0535 148.600 -36.370 21.0 3.0 MW CAN
1976 11 01 0127 145.251 -39.209 15.1 2.9 MW MEL
1985 01 19 1502 145.957 -38.815 12.8 3.4 MW MEL
1976 11 18 1442 148.800 -34.620 14.0 2.8 MW CAN
1985 02 04 2051 148.416 -35.883 12.0 3.1 MW CAN
1976 12 15 1603 151.030 -32.800 0.0 2.9 MW CAN
1985 03 09 1214 149.170 -34.780 8.0 3.3 MW CAN
1985 03 24 0316 149.190 -34.770 14.0 3.2 MW CAN
1976 12 25 0212 148.833 -36.192 2.0 2.9 MW CAN
1985 04 05 0815 149.180 -34.770 14.0 3.3 MW CAN
1976 12 30 0842 150.780 -34.030 0.0 2.8 MW CAN
1985 04 07 1015 149.160 -34.230 12.0 3.1 MW CAN
1977 01 17 0559 148.290 -33.500 15.0 2.9 MW CAN
1985 04 24 0112 148.350 -34.380 14.0 3.2 MW CAN
1985 04 26 0841 147.380 -33.970 16.0 3.1 MW CAN
1985 04 27 0415 148.910 -34.290 12.0 3.1 MW CAN
1977 02 12 1156 148.850 -35.540 13.0 2.8 MW CAN
1985 05 10 1802 148.630 -36.380 18.0 3.1 MW CAN
1985 05 12 0055 149.240 -34.860 16.0 3.1 MW CAN
1977 02 21 1018 146.452 -38.127 7.8 2.9 MW MEL
1985 05 20 0128 150.590 -36.760 0.0 3.3 MW CAN
1977 02 24 1014 147.890 -37.260 14.0 2.9 MW CAN
1985 05 23 1114 144.587 -36.937 6.8 3.0 MW MEL
1985 05 26 0458 149.350 -34.940 9.0 3.2 MW CAN
1977 03 13 1325 151.340 -32.700 28.0 2.8 MW CAN
1985 05 29 1749 146.010 -38.334 13.3 3.3 MW MEL
1977 03 23 1746 151.480 -32.940 11.0 2.9 MW CAN
1985 06 18 2256 145.860 -37.553 15.3 3.3 MW MEL
1977 03 28 1721 148.750 -34.060 13.0 2.8 MW CAN
1977 04 03 0854 148.730 -33.380 15.0 2.9 MW CAN
1985 07 14 2353 149.840 -34.760 19.0 3.1 MW CAN
1985 07 21 1517 149.230 -34.600 9.0 3.0 MW CAN
1985 08 18 0503 148.740 -34.250 17.0 3.2 MW CAN
1985 08 21 1654 148.730 -34.370 16.0 3.0 MW CAN
1977 05 18 2330 150.180 -33.240 12.0 2.9 MW CAN
1985 08 25 0101 149.120 -34.800 18.0 3.0 MW CAN
1985 09 18 0605 147.270 -33.900 15.0 3.3 MW CAN
1985 10 27 2037 149.690 -34.620 15.0 3.0 MW CAN
1985 11 06 2138 149.220 -34.780 1.0 3.0 MW CAN
1977 06 20 0609 150.920 -34.120 10.0 2.9 MW CAN
1985 11 25 2210 149.080 -34.470 21.0 3.0 MW CAN
1985 12 17 1359 149.140 -34.220 17.0 3.1 MW CAN
1986 01 07 1006 149.190 -34.790 15.0 3.3 MW CAN
1986 02 08 0055 148.606 -36.363 4.0 3.0 MW BMR
1977 08 17 0412 143.023 -39.352 10.6 2.9 MW MEL
1977 08 20 0940 149.100 -34.220 17.0 2.9 MW CAN
1986 02 28 0935 148.790 -34.260 18.0 3.0 MW CAN
1986 03 13 0950 146.833 -36.598 6.3 3.3 MW MEL
1977 09 13 1418 146.456 -37.933 13.7 2.9 MW MEL
1986 04 14 2005 146.686 -36.627 3.6 3.0 MW MEL
1986 04 16 0505 148.570 -34.420 14.0 3.0 MW CAN
1986 05 15 2354 148.830 -34.100 15.0 3.1 MW CAN
1977 10 18 2106 150.990 -35.030 23.0 2.9 MW CAN
1986 06 23 0629 149.858 -34.922 15.0 3.0 MW BMR
1986 07 21 0000 150.390 -36.270 20.0 3.0 MW CAN
1977 11 02 0352 149.480 -33.330 18.0 2.8 MW CAN
1986 08 24 0819 146.578 -37.982 15.6 3.3 MW MEL
1986 08 30 1059 150.970 -34.440 18.0 3.0 MW CAN
1977 11 08 1825 144.784 -36.576 18.2 2.9 MW MEL
1986 09 12 0449 144.219 -40.025 6.0 3.0 MW MEL
1986 10 19 1552 150.156 -33.531 0.0 3.0 MW BMR
1986 12 07 1216 149.320 -35.940 18.0 3.0 MW CAN
1986 12 12 1502 149.010 -34.350 7.0 3.1 MW CAN
1987 01 16 1308 148.280 -36.270 12.0 3.2 MW CAN
1987 01 26 0523 146.651 -42.121 17.1 3.0 MW MEL
1987 04 02 0512 150.370 -34.160 22.0 3.0 MW CAN
1987 04 03 0358 150.140 -33.270 1.0 3.0 MW CAN
1987 05 15 1930 146.393 -37.806 2.2 3.0 MW MEL
1978 01 19 0144 149.510 -33.410 11.0 2.9 MW CAN
1987 05 28 2318 146.250 -38.054 14.4 3.1 MW MEL
1987 06 24 1853 144.220 -38.895 24.9 3.3 MW MEL
1978 02 03 2256 143.494 -39.098 11.7 2.8 MW MEL
1987 06 26 2328 149.197 -34.755 4.0 3.3 MW BMR
1987 08 11 1045 149.210 -34.370 11.0 3.0 MW CAN
1987 08 26 0138 151.168 -32.732 0.0 3.4 MW BMR
1978 03 22 0300 151.530 -33.970 0.0 2.9 MW CAN
1987 09 15 0237 145.929 -37.496 5.5 3.1 MW MEL
1978 04 06 0454 150.650 -34.070 13.0 2.8 MW CAN
1987 11 11 0052 149.211 -37.622 11.2 3.3 MW MEL
1978 04 17 0338 148.440 -33.320 14.0 2.8 MW CAN
1987 12 07 1054 149.325 -37.921 12.3 3.1 MW MEL
1987 12 20 0802 145.583 -38.410 16.2 3.4 MW MEL
1987 12 23 0205 148.540 -35.850 21.0 3.0 MW CAN
1988 02 07 0013 145.235 -39.552 15.4 3.0 MW MEL
1988 02 13 1038 148.780 -34.330 12.0 3.0 MW CAN
1978 06 10 0705 145.966 -38.492 17.2 2.8 MW MEL
1988 04 07 2257 145.925 -37.036 13.4 3.2 MW MEL
1978 07 13 1930 148.260 -33.570 41.0 2.9 MW CAN
1988 04 09 2002 150.060 -33.670 17.0 3.0 MW CAN
1978 07 25 0420 150.390 -36.980 17.0 2.9 MW CAN
1988 04 19 0623 149.321 -37.610 3.6 3.4 MW MEL
1978 07 26 1457 148.920 -34.750 11.0 2.9 MW CAN
1988 04 30 1700 149.906 -33.528 10.0 3.4 MW MEL
1988 05 10 0640 149.343 -37.785 11.6 3.4 MW MEL
1988 08 23 1807 151.483 -32.901 5.0 3.1 MW BMR
1988 09 29 1610 151.523 -34.395 10.0 3.1 MW BMR
1988 12 20 1144 149.207 -33.613 14.0 3.0 MW BMR
1978 08 19 0252 145.538 -37.281 10.3 2.8 MW MEL
1989 01 23 1656 148.790 -33.260 0.0 3.0 MW CAN
1989 02 09 1714 147.679 -38.175 10.0 3.2 MW MEL
1989 02 13 0747 149.090 -33.360 0.0 3.0 MW CAN
1978 09 19 0530 147.810 -37.140 12.0 2.9 MW CAN
1989 04 18 1651 147.270 -33.830 0.0 3.0 MW CAN
1978 09 22 0054 148.890 -34.670 18.0 2.8 MW CAN
1989 04 30 2352 146.308 -38.404 8.5 3.0 MW MEL
1978 10 14 0652 151.430 -33.170 0.0 2.9 MW CAN
1989 05 09 1138 146.806 -43.812 11.0 3.2 MW BMR
1978 11 09 0114 145.029 -38.750 0.0 2.9 MW MEL
1989 05 31 0009 142.692 -38.821 0.0 3.2 MW BMR
1989 07 08 1201 148.890 -34.160 10.0 3.1 MW CAN
1978 12 07 1231 150.380 -36.360 23.0 2.8 MW CAN
1989 08 25 1509 144.588 -36.184 21.4 3.4 MW MEL
1989 10 07 0045 145.573 -36.815 8.5 3.1 MW MEL
1989 10 14 0146 147.239 -33.932 0.0 3.3 MW BMR
1989 11 14 0830 149.176 -34.750 5.0 3.3 MW BMR
1989 11 17 1337 144.777 -39.231 3.6 3.2 MW MEL
1989 12 16 0028 150.670 -34.700 23.0 3.4 MW AGSO
1979 01 24 0907 146.343 -38.429 3.6 2.9 MW MEL
1990 01 16 0111 144.535 -41.144 14.0 3.3 MW MEL
1990 01 25 1333 148.477 -38.166 3.6 3.2 MW MEL
1979 02 04 0254 146.910 -36.110 0.0 2.9 MW CAN
1990 03 04 0237 147.430 -33.960 0.0 3.0 MW CAN
1990 03 30 1133 150.830 -34.250 0.0 3.2 MW CAN
1990 04 01 1204 149.738 -36.662 5.6 3.1 MW MEL
1979 02 12 1253 148.708 -36.249 1.0 2.9 MW CAN
1990 04 15 1743 149.197 -34.761 3.6 3.1 MW MEL
1990 05 04 1206 150.515 -36.304 4.9 3.1 MW MEL
1990 05 11 0222 146.368 -37.759 2.7 3.2 MW MEL
1979 03 13 2351 151.380 -35.260 12.0 2.9 MW CAN
1990 09 13 1749 148.780 -34.060 5.0 3.2 MW AUST
1990 11 26 0832 148.752 -34.071 8.5 3.0 MW MEL
1991 01 23 0426 149.067 -34.183 1.4 3.3 MW MEL
1979 04 21 1215 148.233 -36.763 1.0 2.8 MW CAN
1991 02 23 1249 148.933 -34.418 22.1 3.0 MW MEL
1991 03 25 0146 147.300 -42.280 10.0 3.2 MW TAU
1979 04 26 0720 148.770 -34.310 14.0 2.8 MW CAN
1991 04 08 1703 145.089 -39.326 10.5 3.0 MW MEL
1979 04 29 1054 148.150 -34.400 14.0 2.8 MW CAN
1991 04 16 1608 147.370 -38.510 1.0 3.0 MW MEL
1991 06 23 0830 147.560 -36.556 15.9 3.0 MW MEL
1979 05 22 0459 150.900 -34.660 17.0 2.9 MW CAN
1991 08 27 0243 151.500 -32.500 0.0 3.1 MW MEL
1991 11 22 0711 146.144 -36.618 10.1 3.4 MW MEL
1991 11 24 0801 149.148 -34.730 10.0 3.2 MW MEL
1979 05 30 0732 150.070 -36.100 16.0 2.8 MW CAN
1979 06 04 1319 150.960 -33.200 0.0 2.8 MW CAN
1991 11 29 2149 146.300 -43.780 10.0 3.0 MW TAU
1992 01 21 1100 148.584 -33.071 3.9 3.1 MW MEL
1992 05 10 0159 148.284 -34.377 3.8 3.0 MW MEL
1992 06 05 0020 148.340 -34.398 5.7 3.0 MW MEL
1979 07 08 1752 147.480 -34.220 15.0 2.8 MW CAN
1992 07 02 1845 149.231 -34.753 5.1 3.2 MW MEL
1992 07 11 1003 146.783 -38.481 14.3 3.0 MW MEL
1979 07 11 0308 146.970 -35.700 14.0 2.9 MW CAN
1992 08 04 0454 148.971 -34.538 3.6 3.0 MW MEL
1979 07 25 2302 148.890 -34.540 14.0 2.8 MW CAN
1992 09 02 0439 150.594 -32.095 10.0 3.0 MW MEL
1979 07 27 1435 148.140 -34.840 9.0 2.9 MW CAN
1992 09 02 1051 150.034 -33.772 9.6 3.1 MW MEL
1979 08 01 0911 148.330 -34.280 0.0 2.9 MW CAN
1992 11 08 0140 143.529 -38.922 12.8 3.4 MW MEL
1992 12 16 0213 145.429 -40.997 10.1 3.2 MW MEL
1979 09 07 0617 146.870 -35.720 0.0 2.9 MW CAN
1993 02 09 1435 147.402 -35.502 12.6 3.1 MW MEL
1993 05 22 0005 151.320 -32.863 0.0 3.3 MW MEL
1979 09 09 0852 146.417 -38.616 11.6 2.9 MW MEL
1993 06 02 1445 144.550 -41.150 10.0 3.0 MW TAU
1993 07 24 1333 146.485 -38.353 15.0 3.2 MW MEL
1979 09 19 1011 150.900 -36.650 0.0 2.8 MW CAN
1993 08 03 0744 149.193 -34.538 15.2 3.0 MW MEL
1993 09 23 1151 147.402 -34.186 10.0 3.0 MW MEL
1979 09 26 1606 148.330 -33.490 17.0 2.8 MW CAN
1993 09 25 0240 146.530 -38.311 10.2 3.3 MW MEL
1979 09 30 2255 145.849 -36.851 17.1 2.9 MW MEL
1993 10 11 0423 146.888 -37.317 15.3 3.1 MW MEL
1993 10 11 1149 152.316 -33.878 13.2 3.0 MW MEL
1979 10 19 1420 150.220 -34.150 0.0 2.9 MW CAN
1993 10 23 0150 149.061 -33.050 4.8 3.0 MW MEL
1993 11 04 0356 149.404 -32.669 3.6 3.1 MW MEL
1993 11 24 0759 147.026 -38.484 17.3 3.1 MW MEL
1993 12 17 0116 144.583 -41.233 10.0 3.2 MW TAU
1979 12 06 1236 145.194 -40.788 17.2 2.8 MW MEL
1993 12 17 1918 145.993 -36.405 3.6 3.1 MW MEL
1993 12 18 2116 148.649 -36.313 9.1 3.1 MW MEL
1979 12 08 0021 148.210 -35.130 32.0 2.9 MW CAN
1994 05 14 1433 143.496 -38.714 12.0 3.0 MW MEL
1994 05 21 0859 146.962 -36.034 3.0 3.2 MW MEL
1994 06 27 0152 145.962 -38.722 11.6 3.0 MW MEL
1994 09 27 0758 148.646 -36.219 9.5 3.1 MW MEL
1995 01 11 0711 145.992 -38.165 8.7 3.1 MW MEL
1980 01 14 1058 147.050 -34.450 17.0 2.9 MW CAN
1995 02 01 1021 146.259 -38.462 10.1 3.1 MW MEL
1980 01 19 2123 144.106 -39.679 13.7 2.8 MW MEL
1995 03 16 1231 148.242 -36.279 0.7 3.1 MW MEL
1995 03 26 0653 147.233 -35.958 3.7 3.2 MW MEL
1980 01 24 0930 148.502 -38.284 11.2 2.8 MW MEL
1995 05 03 0424 150.249 -33.186 10.7 3.2 MW MEL
1980 02 21 1424 147.984 -35.799 14.2 2.8 MW MEL
1995 05 03 1748 146.283 -38.472 15.0 3.4 MW MEL
1995 07 21 1426 148.859 -36.031 4.8 3.3 MW MEL
1995 08 19 0901 148.741 -34.312 1.3 3.1 MW MEL
1980 04 15 1822 148.040 -35.770 13.0 2.8 MW CAN
1995 09 12 1023 148.720 -34.310 0.0 3.2 MW MEL
1995 10 14 0411 148.761 -34.317 3.0 3.2 MW MEL
1995 11 17 1243 144.571 -36.196 3.9 3.1 MW MEL
1980 05 01 1856 145.235 -40.710 8.8 2.9 MW MEL
1996 01 16 1030 145.070 -38.284 10.7 3.0 MW MEL
1996 05 10 0548 146.145 -37.733 10.6 3.0 MW MEL
1980 05 14 1648 150.430 -37.710 0.0 2.9 MW CAN
1996 08 13 1233 149.214 -34.749 0.0 3.0 MW MEL
1996 10 01 2142 150.393 -33.830 8.7 3.2 MW MEL
1996 11 25 2034 144.342 -40.999 5.0 3.2 MW AUST
1980 05 27 0558 151.130 -33.250 10.0 2.9 MW CAN
1996 12 10 1254 150.501 -34.153 12.3 3.1 MW MEL
1996 12 24 2228 145.534 -38.696 17.2 3.3 MW MEL
1980 06 21 0655 148.850 -34.270 14.0 2.9 MW CAN
1997 01 21 2057 148.557 -35.715 1.3 3.0 MW MEL
1980 06 25 1222 151.230 -35.020 0.0 2.8 MW CAN
1997 05 04 2233 145.959 -38.135 14.0 3.2 MW MEL
1980 06 27 1951 145.615 -37.876 14.2 2.9 MW MEL
1997 08 23 0012 148.197 -34.627 3.6 3.2 MW MEL
1980 07 09 1127 150.580 -33.930 24.0 2.9 MW CAN
1997 10 12 1451 149.563 -32.046 3.6 3.0 MW MEL
1980 07 09 1204 148.940 -33.720 18.0 2.8 MW CAN
1998 03 09 1240 150.055 -32.171 3.7 3.3 MW MEL
1980 07 15 0844 147.348 -38.459 21.7 2.9 MW MEL
1998 03 28 0902 152.323 -32.828 8.0 3.1 MW MEL
1998 04 04 0955 146.124 -38.709 16.2 3.4 MW MEL
1980 07 22 0005 148.330 -35.750 15.0 2.9 MW CAN
1980 08 01 0907 145.552 -39.385 1.8 2.9 MW MEL
1998 08 19 1112 148.911 -35.631 3.6 3.2 MW MEL
1980 08 21 0909 149.730 -36.060 26.0 2.9 MW CAN
1998 08 24 2217 146.135 -40.892 7.0 3.2 MW AGSO
1998 09 27 0147 147.437 -34.218 3.6 3.1 MW MEL
1998 10 08 1205 145.848 -39.462 17.1 3.4 MW MEL
1980 09 14 0219 149.230 -34.590 14.0 2.9 MW CAN
1998 10 21 0000 147.111 -34.048 3.6 3.0 MW MEL
1980 09 14 0304 148.270 -34.480 12.0 2.9 MW CAN
1998 11 07 2242 148.893 -35.144 6.7 3.0 MW MEL
1998 12 31 0611 149.154 -35.783 4.4 3.2 MW MEL
1980 09 15 0402 145.003 -40.701 15.8 2.9 MW MEL
1999 03 01 1854 147.428 -38.198 9.1 3.0 MW MEL
1999 03 10 0006 148.184 -33.958 4.5 3.2 MW MEL
1980 09 19 1328 144.796 -40.122 8.8 2.9 MW MEL
1980 09 22 1429 150.620 -34.030 14.0 2.8 MW CAN
1980 10 02 0234 149.240 -34.590 0.0 2.9 MW CAN
1980 10 04 0404 147.767 -36.317 15.0 2.9 MW CAN
1999 04 13 0351 147.858 -42.083 0.0 3.0 MW AGSO
1999 04 16 1051 145.984 -37.413 3.6 3.2 MW MEL
1999 07 13 0142 148.976 -34.286 3.6 3.2 MW MEL
1999 07 13 0820 145.837 -38.407 5.4 3.0 MW MEL
1980 12 05 0736 144.972 -37.692 12.8 2.9 MW MEL
1980 12 11 0438 151.230 -33.170 0.0 2.8 MW CAN
1999 08 18 0014 152.263 -33.878 10.0 3.2 MW MEL
1999 10 29 1133 144.461 -42.033 18.2 3.3 MW MEL
1980 12 11 1031 146.231 -38.379 0.0 2.8 MW MEL
1980 12 12 0734 148.602 -36.602 1.0 2.9 MW CAN
1981 01 07 0204 151.240 -33.240 14.0 2.9 MW CAN
1981 01 18 1002 148.900 -34.280 11.0 2.9 MW CAN
1981 01 21 0708 147.800 -35.900 0.0 2.8 MW CAN
1981 01 23 1436 145.893 -38.567 0.0 2.9 MW MEL
1981 02 02 0417 149.180 -34.760 8.0 2.8 MW CAN
1981 02 18 0900 149.950 -34.410 23.0 2.9 MW CAN
1981 02 25 1855 148.640 -34.520 13.0 2.9 MW CAN
1981 03 03 0113 149.110 -36.500 12.0 2.9 MW CAN
1981 03 18 1126 149.000 -34.210 15.0 2.9 MW CAN
1981 04 11 1047 149.240 -34.570 14.0 2.8 MW CAN
1981 07 27 0622 150.670 -34.690 13.0 2.9 MW CAN
1981 08 06 0616 148.640 -37.170 13.0 2.9 MW CAN
1981 09 16 2313 146.188 -38.403 0.3 2.8 MW MEL
1981 10 01 1231 150.550 -34.010 18.0 2.8 MW CAN
1981 10 13 1219 150.640 -35.740 0.0 2.8 MW CAN
1981 10 27 1704 148.790 -36.210 19.0 2.9 MW CAN
1981 12 07 2253 144.599 -39.947 1.8 2.9 MW MEL
1981 12 12 0807 148.630 -36.630 0.0 2.8 MW CAN
1982 01 09 1124 148.750 -35.490 8.0 2.8 MW CAN
1982 02 09 0803 147.250 -35.130 14.0 2.9 MW CAN
1982 02 25 1915 148.350 -35.730 12.0 2.8 MW CAN
1982 02 27 1518 150.770 -35.800 24.0 2.9 MW CAN
1982 03 19 0406 148.750 -34.080 15.0 2.8 MW CAN
1982 04 09 0317 144.308 -38.999 17.2 2.8 MW MEL
1982 04 30 1611 150.810 -35.840 25.0 2.9 MW CAN
1982 05 15 0118 145.870 -35.129 16.9 2.8 MW MEL
1982 05 30 0329 148.900 -34.700 0.0 2.9 MW CAN
1982 06 13 1839 146.837 -36.894 6.0 2.9 MW MEL
1982 06 14 0431 144.645 -37.222 16.4 2.9 MW MEL
1982 06 15 0925 146.983 -35.733 20.0 2.9 MW CAN
1982 06 22 2158 146.177 -37.311 14.1 2.8 MW MEL
1982 07 30 2317 149.370 -34.920 15.0 2.9 MW CAN
1982 08 02 0329 150.010 -36.570 32.0 2.9 MW CAN
1982 08 13 1226 149.210 -34.750 17.0 2.9 MW CAN
1982 09 10 0025 150.270 -34.470 14.0 2.8 MW CAN
1982 09 13 1253 145.623 -40.674 2.6 2.8 MW MEL
1982 09 19 2352 150.410 -34.260 19.0 2.9 MW CAN
1982 10 04 0009 145.201 -39.554 0.0 2.8 MW MEL
1982 10 12 1326 148.740 -34.650 14.0 2.9 MW CAN
1982 11 07 0731 149.890 -34.550 16.0 2.8 MW CAN
1982 11 08 0132 149.080 -34.180 15.0 2.9 MW CAN
1982 12 10 1914 144.366 -40.207 14.1 2.9 MW MEL
1982 12 13 1455 149.220 -34.740 15.0 2.8 MW CAN
1982 12 22 2102 146.363 -37.047 14.1 2.9 MW MEL
1982 12 31 1326 150.840 -36.360 0.0 2.9 MW CAN
1983 01 23 2014 143.584 -38.935 13.7 2.9 MW MEL
1983 01 24 0138 144.820 -40.830 14.0 2.9 MW TAU
1983 01 27 0128 148.630 -35.670 20.0 2.9 MW CAN
1983 03 25 1400 148.800 -36.280 12.0 2.9 MW CAN
1983 04 16 0320 151.050 -33.360 3.0 2.9 MW CAN
1983 05 08 0510 144.072 -36.978 9.0 2.9 MW MEL
1983 05 19 2136 148.630 -34.580 16.0 2.9 MW CAN
1983 06 05 0726 144.506 -38.497 19.2 2.9 MW MEL
1983 06 07 0704 148.840 -34.510 14.0 2.9 MW CAN
1983 06 15 1644 149.230 -34.200 15.0 2.9 MW CAN
1983 06 18 0050 149.180 -34.730 0.0 2.8 MW CAN
1983 06 23 2251 147.880 -35.180 16.0 2.9 MW CAN
1983 07 05 1159 148.470 -36.360 14.0 2.9 MW CAN
1983 07 09 2257 149.520 -34.310 21.0 2.9 MW CAN
1983 08 07 0357 146.033 -38.280 6.7 2.8 MW MEL
1983 08 27 0832 148.760 -36.240 14.0 2.9 MW CAN
1983 08 30 0918 146.840 -34.340 0.0 2.9 MW CAN
1983 08 31 0906 149.740 -35.290 20.0 2.9 MW CAN
1983 10 14 0200 148.810 -34.470 0.0 2.9 MW CAN
1983 11 28 0455 149.400 -32.830 10.0 2.9 MW CAN
1983 12 04 0449 149.170 -34.750 11.0 2.8 MW CAN
1983 12 16 2146 148.300 -36.100 11.0 2.8 MW CAN
1984 01 13 1252 148.270 -34.410 17.0 2.9 MW CAN
1984 03 08 0247 148.630 -36.260 10.0 2.9 MW CAN
1984 03 22 0449 148.610 -36.320 18.0 2.9 MW CAN
1984 05 26 0155 148.680 -36.330 16.0 2.8 MW CAN
1984 07 07 0716 146.660 -34.580 0.0 2.9 MW CAN
1984 07 20 2118 149.330 -34.600 0.0 2.9 MW CAN
1984 07 28 1225 150.310 -34.070 20.0 2.9 MW CAN
1984 08 11 1706 150.510 -34.510 17.0 2.9 MW CAN
1985 01 11 0031 148.570 -34.300 15.0 2.9 MW CAN
1985 02 25 1443 149.170 -34.780 0.0 2.9 MW CAN
1985 03 25 0836 148.300 -35.710 20.0 2.8 MW CAN
1985 05 06 0602 150.240 -34.550 25.0 2.9 MW CAN
1985 05 06 1505 151.210 -34.810 16.0 2.8 MW CAN
1985 05 07 1310 148.330 -35.750 15.0 2.9 MW CAN
1985 07 29 1434 151.040 -34.800 18.0 2.9 MW CAN
1985 10 04 0819 150.210 -34.510 33.0 2.9 MW CAN
1985 10 06 0136 146.368 -38.387 11.2 2.8 MW MEL
1985 12 08 1203 148.780 -36.270 23.0 2.9 MW CAN
1985 12 27 2315 148.720 -36.340 17.0 2.9 MW CAN
1986 01 13 0634 145.614 -38.690 15.8 2.9 MW MEL
1986 02 04 0110 144.728 -38.247 15.8 2.8 MW MEL
1986 04 22 1040 147.530 -34.780 14.0 2.8 MW CAN
1986 05 05 1642 149.620 -33.520 8.0 2.9 MW CAN
1986 07 22 1107 149.840 -34.800 16.0 2.8 MW CAN
1986 07 29 1442 149.162 -34.780 4.0 2.9 MW BMR
1986 08 01 0757 149.993 -36.426 14.0 2.9 MW BMR
1986 09 20 1605 146.555 -37.971 13.7 2.9 MW MEL
1986 10 10 1046 151.150 -37.500 0.0 2.9 MW CAN
1986 11 27 1018 146.501 -37.949 18.9 2.8 MW MEL
1986 12 25 1618 149.110 -34.200 11.0 2.9 MW CAN
1987 02 05 1351 148.146 -39.068 17.2 2.8 MW MEL
1987 03 28 2341 148.321 -38.343 16.7 2.8 MW MEL
1987 06 13 0434 149.696 -36.605 15.9 2.9 MW MEL
1987 07 03 0742 150.190 -34.500 5.0 2.9 MW CAN
1987 10 19 0629 149.340 -34.900 5.0 2.9 MW CAN
1987 11 22 1511 149.540 -34.330 18.0 2.9 MW CAN
1988 01 01 1836 148.750 -34.280 13.0 2.8 MW CAN
1988 01 09 0806 146.655 -38.387 11.9 2.9 MW MEL
1988 01 30 0712 147.582 -36.663 6.0 2.8 MW MEL
1988 02 13 0155 146.460 -37.919 13.4 2.8 MW MEL
1988 02 19 1108 145.520 -38.213 14.0 2.9 MW MEL
1988 02 23 1410 146.167 -42.767 10.0 2.9 MW TAU
1988 03 25 0307 144.700 -40.800 10.0 2.9 MW TAU
1988 04 20 0719 147.770 -34.760 20.0 2.9 MW CAN
1988 05 14 1355 146.507 -38.558 15.8 2.8 MW MEL
1988 05 16 1152 149.140 -34.190 12.0 2.9 MW CAN
1988 05 22 1700 149.297 -36.368 8.0 2.9 MW BMR
1988 10 31 0915 147.130 -33.930 0.0 2.9 MW CAN
1988 12 04 0942 148.125 -36.681 6.0 2.8 MW BMR
1989 01 09 1315 149.842 -37.868 5.0 2.8 MW BMR
1989 05 23 1131 143.254 -39.291 10.0 2.8 MW MEL
1989 06 30 0010 144.783 -40.483 10.0 2.9 MW TAU
1989 07 06 1138 147.080 -40.820 10.0 2.9 MW TAU
1989 08 03 0013 149.185 -34.743 5.0 2.8 MW BMR
1989 08 24 0004 150.752 -34.216 5.0 2.8 MW BMR
1989 09 28 2030 149.540 -32.930 0.0 2.9 MW CAN
1989 12 06 0922 145.933 -43.583 10.0 2.8 MW TAU
1990 01 28 0753 150.150 -33.700 19.0 2.9 MW CAN
1990 01 30 1003 150.280 -33.580 7.0 2.8 MW CAN
1990 03 27 1845 149.193 -34.746 3.6 2.8 MW MEL
1990 05 18 1139 146.267 -40.317 10.0 2.8 MW TAU
1990 06 02 0906 149.180 -34.500 0.0 2.8 MW CAN
1990 06 19 0746 146.413 -38.326 12.7 2.8 MW MEL
1990 09 09 1819 150.320 -34.960 0.0 2.8 MW CAN
1990 09 13 0812 147.133 -37.933 16.1 2.8 MW MEL
1990 10 28 0759 144.817 -39.350 10.0 2.9 MW TAU
1991 02 20 2144 144.429 -40.432 16.0 2.9 MW MEL
1991 07 18 0415 145.400 -41.450 10.0 2.9 MW TAU
1991 12 09 1944 146.800 -44.070 10.0 2.9 MW TAU
1992 02 09 1043 146.527 -37.158 9.8 2.9 MW MEL
1992 03 17 0540 144.903 -39.096 3.6 2.9 MW MEL
1992 03 20 1554 148.417 -33.950 10.0 2.9 MW MEL
1992 03 28 1122 147.387 -37.570 8.5 2.9 MW MEL
1992 04 19 0637 145.650 -41.100 10.0 2.8 MW TAU
1992 06 04 0247 143.469 -39.010 12.6 2.9 MW MEL
1992 06 16 2051 151.564 -33.084 17.5 2.9 MW MEL
1992 07 24 0204 149.702 -32.145 2.0 2.9 MW MEL
1992 10 05 0955 146.433 -43.500 10.0 2.8 MW TAU
1992 10 14 2100 149.378 -36.459 7.0 2.9 MW MEL
1992 10 27 0508 149.179 -34.768 5.0 2.8 MW MEL
1993 03 10 2033 148.280 -36.156 10.0 2.9 MW MEL
1993 04 05 1039 147.944 -37.469 6.7 2.9 MW MEL
1993 06 12 2111 148.682 -34.260 2.0 2.9 MW MEL
1993 07 17 0415 148.643 -34.471 0.2 2.9 MW MEL
1993 08 18 1110 149.299 -34.632 3.6 2.9 MW MEL
1993 08 21 0110 146.347 -38.533 4.6 2.9 MW MEL
1993 11 02 0829 146.400 -43.367 10.0 2.8 MW TAU
1994 04 20 0517 145.548 -38.682 15.3 2.9 MW MEL
1994 05 12 0117 147.789 -37.316 15.4 2.7 MW MEL
1994 05 24 1146 143.131 -38.512 8.8 2.8 MW MEL
1994 07 01 2205 144.600 -40.770 10.0 2.8 MW TAU
1994 07 04 1829 147.173 -37.417 13.9 2.9 MW MEL
1994 09 01 0820 148.315 -35.348 5.6 2.8 MW MEL
1994 09 12 0937 148.824 -33.366 7.0 2.7 MW MEL
1994 09 18 0408 148.199 -33.834 1.6 2.9 MW MEL
1994 10 07 0049 150.691 -34.423 2.0 2.9 MW MEL
1994 10 16 1731 146.287 -38.472 20.0 2.7 MW MEL
1994 11 18 1210 146.004 -37.278 9.1 2.9 MW MEL
1995 01 02 1620 148.693 -35.297 0.8 2.8 MW MEL
1995 01 05 0222 148.764 -34.314 1.2 2.8 MW MEL
1995 01 31 2120 148.271 -34.391 0.0 2.9 MW MEL
1995 03 01 1710 149.535 -31.874 5.2 2.6 MW MEL
1995 03 02 1932 148.355 -33.422 1.5 2.8 MW MEL
1995 03 27 0738 147.124 -38.503 10.9 2.8 MW MEL
1995 04 13 0532 147.348 -35.727 4.5 2.8 MW MEL
1995 07 29 1343 148.735 -34.283 2.8 2.9 MW MEL
1995 08 13 0355 148.772 -34.104 1.0 2.9 MW MEL
1995 09 16 0738 146.281 -38.484 12.5 2.7 MW MEL
1995 09 19 0632 143.167 -38.629 16.0 2.8 MW MEL
1995 10 04 1505 144.820 -38.507 15.6 2.8 MW MEL
1995 11 05 1326 149.186 -34.761 5.3 2.7 MW MEL
1995 11 07 0712 149.197 -34.756 2.6 2.7 MW MEL
1995 11 22 0248 150.442 -36.246 3.0 2.6 MW MEL
1995 12 24 0804 147.946 -34.781 2.0 2.9 MW MEL
1995 12 26 1216 144.857 -40.839 10.0 2.8 MW MEL
1996 04 21 1458 145.427 -38.594 14.5 2.8 MW MEL
1996 05 13 1403 148.763 -34.321 3.6 2.8 MW MEL
1996 07 23 1554 149.859 -37.812 5.0 2.9 MW MEL
1996 08 07 0958 145.653 -41.021 0.0 2.9 MW AUST
1996 08 12 0647 145.832 -35.524 2.5 2.6 MW MEL
1996 09 20 0056 148.857 -34.409 1.2 2.8 MW MEL
1996 10 01 1127 145.690 -42.025 0.0 2.7 MW MEL
1996 10 23 1104 147.719 -36.681 15.3 2.7 MW MEL
1996 10 24 0913 148.286 -34.408 0.0 2.7 MW MEL
1996 10 29 1418 151.407 -32.524 0.1 2.8 MW MEL
1996 11 17 1203 147.929 -37.378 16.1 2.7 MW MEL
1996 11 23 0757 148.324 -33.234 10.0 2.6 MW MEL
1997 01 09 1447 146.187 -38.064 1.8 2.7 MW MEL
1997 01 11 1213 145.999 -34.955 8.4 2.5 MW MEL
1997 01 12 0231 151.224 -32.724 7.3 2.8 MW MEL
1997 01 13 0050 147.454 -36.867 15.7 2.7 MW MEL
1997 03 31 2026 145.450 -39.522 14.8 2.9 MW MEL
1997 05 06 0803 146.830 -41.241 14.0 2.9 MW AUST
1997 05 29 1740 149.168 -34.754 0.1 2.7 MW MEL
1997 08 25 2232 144.699 -38.437 20.4 2.7 MW MEL
1997 09 04 2108 149.178 -34.767 10.5 2.8 MW MEL
1997 09 04 2110 149.191 -34.752 2.0 2.8 MW MEL
1997 09 08 1659 146.778 -39.839 5.0 2.6 MW MEL
1997 10 31 1733 145.396 -38.459 18.8 2.8 MW MEL
1997 11 12 1758 145.105 -40.427 17.1 2.5 MW MEL
1997 11 25 0550 148.582 -35.269 1.2 2.9 MW MEL
1998 01 11 0132 148.081 -36.412 10.4 2.9 MW MEL
1998 01 21 0146 146.498 -41.135 8.8 2.8 MW MEL
1998 03 28 0821 147.757 -36.696 15.3 2.7 MW MEL
1998 04 07 2119 146.132 -38.478 16.3 2.9 MW MEL
1998 04 18 1023 146.854 -38.486 18.1 2.8 MW MEL
1998 05 12 1546 152.817 -31.649 3.6 2.8 MW MEL
1998 05 25 0053 147.227 -36.462 9.5 2.9 MW MEL
1998 07 19 0831 149.177 -34.736 3.2 2.9 MW MEL
1998 09 25 0707 149.590 -33.976 7.0 2.8 MW MEL
1998 11 02 1904 144.645 -39.189 10.0 2.9 MW MEL
1998 11 05 1458 146.011 -35.954 7.2 2.8 MW MEL
1998 11 06 1912 151.446 -34.270 16.0 2.9 MW MEL
1998 11 06 2247 147.089 -34.344 10.0 2.7 MW MEL
1998 11 11 1207 144.841 -41.166 0.0 2.9 MW AGSO
1998 11 17 1908 146.296 -38.071 21.7 2.8 MW MEL
1998 11 19 0317 146.280 -38.410 14.9 2.9 MW MEL
1998 12 05 0430 147.103 -33.925 11.7 2.5 MW MEL
1998 12 31 0815 148.852 -34.595 14.6 2.7 MW MEL
1999 01 26 1629 145.969 -41.279 0.0 2.9 MW AGSO
1999 03 22 2336 149.116 -34.171 16.9 2.9 MW MEL
1999 04 25 1725 150.762 -35.857 4.3 2.8 MW MEL
1999 05 04 2351 152.469 -33.088 7.0 2.8 MW MEL
1999 06 03 0149 147.101 -34.071 11.1 2.7 MW MEL
1999 06 21 1359 149.176 -35.205 3.6 2.9 MW MEL
1999 08 03 0347 146.562 -36.554 3.3 2.7 MW MEL
1999 08 16 0920 147.111 -33.979 10.0 2.6 MW MEL
1999 08 28 1502 147.074 -34.020 13.3 2.6 MW MEL
1999 09 11 1947 144.792 -39.235 17.2 2.9 MW MEL
1999 09 27 0929 149.163 -34.753 3.6 2.8 MW MEL
1999 09 29 0042 150.492 -34.523 7.0 2.8 MW MEL
1999 10 09 0817 148.285 -37.738 11.9 2.9 MW MEL
1999 12 26 0148 146.149 -38.325 1.6 2.8 MW MEL
2000 01 13 1931 149.795 -34.664 7.7 2.9 MW MEL
2000 01 19 0511 148.624 -36.414 8.4 2.8 MW MEL
2000 03 09 2118 149.526 -34.395 11.7 2.9 MW MEL
2000 03 11 1501 144.713 -36.308 23.3 2.8 MW MEL
2000 03 23 1040 143.580 -38.965 16.3 2.8 MW MEL
2000 04 01 1059 149.300 -34.688 1.5 2.7 MW MEL
2000 04 25 0324 149.016 -35.009 3.6 2.8 MW MEL
2000 05 09 1612 148.486 -35.757 10.0 2.9 MW MEL
2000 06 17 1643 146.208 -38.513 15.5 2.7 MW MEL
2000 07 16 0042 147.080 -34.408 10.0 2.7 MW MEL
2000 07 25 0829 151.313 -34.310 15.6 2.8 MW MEL
2000 08 16 1529 147.498 -40.747 10.0 2.7 MW MEL
2000 08 22 0835 145.814 -39.424 3.8 2.8 MW MEL
2000 09 18 0809 150.699 -32.671 2.0 2.7 MW MEL
2000 11 13 2051 146.209 -37.286 12.8 2.8 MW MEL
2001 01 05 1604 146.006 -38.238 7.2 2.9 MW MEL
2001 01 09 2145 148.970 -35.049 11.2 2.8 MW MEL
2001 01 31 2019 146.568 -35.194 0.0 2.8 MW AGSO
2001 02 13 1241 150.916 -35.773 9.5 2.8 MW MEL
2001 03 10 0307 147.603 -41.231 10.0 2.7 MW MEL
2001 03 13 1247 144.005 -38.510 3.6 2.9 MW MEL
2001 03 16 0622 145.666 -38.426 16.2 2.8 MW MEL
2001 03 24 1338 149.062 -34.988 3.6 2.8 MW MEL
2001 04 01 0530 147.397 -33.917 8.5 2.9 MW MEL
2001 06 14 1627 148.760 -36.290 9.0 2.9 MW AGSO
2001 07 15 0825 148.405 -34.405 10.0 2.9 MW MEL
2001 08 10 1335 148.660 -34.440 10.0 2.9 MW AGSO
2001 08 15 0558 145.525 -42.051 10.0 2.7 MW MEL
2001 09 03 1628 150.050 -37.990 11.0 2.7 MW AGSO
2001 10 09 0138 148.690 -36.266 7.1 2.8 MW MEL
2001 10 24 1546 150.736 -32.196 0.0 2.9 MW MEL
2001 11 09 1826 152.075 -32.755 3.7 2.7 MW MEL
2001 12 25 1850 149.164 -34.731 10.0 2.7 MW MEL
2001 12 31 0748 144.914 -37.390 10.0 2.9 MW MEL
2002 01 23 0900 149.278 -35.174 0.0 2.9 MW AUST
2002 02 09 0834 148.333 -33.896 5.0 2.8 MW MEL
2002 04 20 0213 149.628 -34.777 5.2 2.9 MW AUST
2002 04 20 1212 145.550 -41.390 6.0 2.8 MW MEL
2002 06 02 0355 149.481 -35.297 12.9 2.8 MW MEL
2002 08 09 1650 145.309 -36.419 4.0 2.9 MW MEL
2002 08 19 1112 149.159 -34.571 10.0 2.9 MW MEL
2002 10 24 0529 147.828 -37.344 10.9 2.8 MW MEL
2002 12 02 0931 150.373 -36.395 3.0 2.9 MW AUST
2003 01 25 0303 147.070 -35.990 6.4 2.9 MW MEL
2003 05 28 1250 148.252 -34.405 2.0 2.9 MW AUST
2003 06 05 0742 148.857 -34.254 3.6 2.9 MW MEL
2003 06 24 1627 149.741 -32.131 2.0 2.9 MW AUST
2003 08 02 0821 146.618 -37.404 19.1 2.8 MW MEL
2003 08 26 0843 145.467 -41.067 12.0 2.8 MW MEL
2003 09 09 0930 146.360 -38.517 12.3 2.9 MW MEL
2003 12 08 0607 147.145 -34.040 13.0 2.8 MW MEL
2004 04 24 1503 146.535 -37.880 19.1 2.9 MW MEL
2004 06 26 0024 148.754 -34.259 3.0 2.9 MW MEL
2004 10 20 0004 147.089 -39.060 10.0 2.8 MW MEL
2004 11 19 2139 149.339 -36.139 10.0 2.9 MW MEL
2004 12 29 0548 150.730 -33.933 9.6 2.9 MW AUST
2005 01 20 0946 146.123 -36.336 6.9 2.9 MW MEL
2005 01 28 0124 146.342 -38.195 8.0 2.8 MW MEL
2005 01 28 1024 147.028 -41.675 13.8 2.9 MW MEL
2005 03 08 0500 148.427 -34.328 2.0 2.9 MW AUST
2005 04 01 1920 145.543 -42.075 4.0 2.8 MW MEL
2005 04 08 1332 150.659 -32.715 10.0 2.8 MW MEL
2005 05 19 1021 142.663 -38.942 10.0 2.8 MW MEL
2005 05 27 0321 148.823 -33.361 10.0 2.8 MW MEL
2005 06 24 0402 145.130 -40.840 10.0 2.9 MW MEL
2006 02 22 0627 146.717 -41.753 10.0 2.8 MW MEL
2006 04 21 0922 151.646 -34.868 10.0 2.8 MW MEL
2006 06 28 1626 145.626 -39.617 9.4 2.8 MW MEL
2006 07 13 0442 145.554 -37.925 11.3 2.9 MW AUST
2007 01 20 2235 148.503 -33.895 35.6 2.9 MW MEL
2007 05 01 1438 146.483 -41.273 10.0 2.8 MW MEL
2007 05 08 1805 144.701 -39.177 17.8 2.9 MW AUST
2007 05 28 1809 145.566 -38.339 22.3 2.9 MW MEL
2007 06 06 0104 146.345 -38.552 19.5 2.9 MW AUST
2007 06 10 2002 146.813 -36.643 3.4 2.9 MW AUST
2007 08 09 0304 148.611 -34.291 10.0 2.9 MW MEL
2007 08 09 0525 144.665 -38.917 10.0 2.9 MW MEL
2007 09 06 0045 145.560 -42.057 3.8 2.9 MW MEL
2007 09 16 1143 145.167 -38.359 10.0 2.9 MW MEL
2007 10 12 0135 146.555 -37.918 1.2 2.9 MW MEL
2007 11 06 2309 149.425 -33.289 11.0 2.9 MW AUST
2008 02 10 1253 150.519 -33.266 7.2 2.9 MW MEL
2008 02 28 0707 144.229 -40.501 17.9 2.8 MW MEL
2008 03 07 1941 144.693 -40.572 10.0 2.8 MW MEL
2008 04 12 0924 146.080 -40.956 10.0 2.8 MW MEL
2008 04 24 0446 144.488 -41.216 10.0 2.8 MW MEL
2008 06 01 0217 144.788 -38.610 14.1 2.9 MW MEL
2008 07 17 0258 147.163 -35.657 10.0 2.8 MW MEL
2008 07 25 1848 147.731 -34.690 10.0 2.8 MW MEL
2008 08 05 2041 144.901 -41.014 4.8 2.8 MW MEL
2008 10 06 0138 146.071 -39.214 10.0 2.8 MW MEL
2008 10 15 2005 145.787 -35.529 8.0 2.9 MW AUST
2008 10 24 0039 149.506 -38.390 10.0 2.8 MW MEL
2008 12 07 0403 149.516 -35.641 8.0 2.9 MW AUST
2009 03 06 1552 148.413 -34.381 3.0 2.9 MW AUST
2009 03 31 1503 145.007 -41.010 10.0 2.9 MW MEL
2009 05 23 0748 144.752 -39.125 10.0 2.9 MW MEL
2009 06 06 1407 147.233 -44.419 15.0 2.9 MW MEL
2009 06 09 1019 148.944 -33.444 10.0 2.8 MW MEL
2009 10 29 0217 148.924 -37.918 10.0 2.8 MW MEL
2010 01 08 0828 145.152 -40.512 10.0 2.9 MW MEL
2010 01 23 2120 144.812 -40.837 10.0 2.8 MW MEL
2010 03 13 0008 150.481 -36.972 10.0 2.9 MW MEL
2010 04 16 1926 149.659 -32.186 0.0 2.9 MW MEL
2010 07 07 1352 148.983 -33.438 10.0 2.8 MW MEL
2010 08 14 2123 147.541 -38.504 0.0 2.9 MW AUST
2010 08 29 0152 144.216 -36.911 2.6 2.8 MW MEL
2010 09 17 0352 148.993 -33.439 0.0 2.8 MW MEL
2010 09 24 1454 148.319 -36.237 5.6 2.9 MW MEL
2010 09 27 1600 148.938 -34.184 4.8 2.9 MW MEL
2010 10 25 0448 144.188 -36.978 6.0 2.8 MW GG
2010 10 31 0340 148.270 -34.433 4.9 2.8 MW MEL
2011 01 28 1147 150.420 -36.428 10.0 2.8 MW MEL
2011 02 20 1510 145.181 -40.878 6.2 2.8 MW MEL
2011 05 24 1613 147.428 -35.630 0.0 2.9 MW AUST
2011 07 02 1355 151.370 -32.815 10.0 2.8 MW MEL
2011 07 28 2041 148.557 -38.194 10.0 2.8 MW MEL
2011 10 23 1456 144.367 -41.539 10.0 2.9 MW MEL
2011 10 25 2332 147.622 -42.195 10.0 2.9 MW MEL
2011 12 10 1853 145.469 -41.782 8.5 2.8 MW MEL
2012 01 13 2046 145.674 -42.034 5.2 2.9 MW AUST
2012 02 25 0003 145.963 -37.429 10.0 2.8 MW MEL
2012 03 20 1528 151.782 -33.872 0.0 2.9 MW AUST
2012 06 15 1737 144.326 -38.065 7.1 2.8 MW MEL
2012 06 19 1344 148.421 -38.298 10.0 2.9 MW MEL
2012 08 13 0754 148.298 -33.497 10.0 2.8 MW MEL
2012 08 21 0625 149.228 -34.312 1.4 2.9 MW MEL
2012 10 02 1138 144.082 -36.877 2.0 2.9 MW MEL
2012 10 31 0835 145.802 -38.128 14.4 2.9 MW MEL
2012 11 24 0657 149.010 -33.456 0.0 2.8 MW MEL
2013 04 14 2220 144.871 -38.404 12.8 2.8 MW MEL
2013 04 29 0632 148.260 -42.704 5.0 2.9 MW MEL
2013 07 10 0257 145.334 -41.282 11.0 2.9 MW AUST
2013 08 10 0403 145.387 -38.113 15.4 2.9 MW MEL
2013 08 31 0543 146.098 -37.859 10.7 2.8 MW MEL
2013 12 14 0939 145.500 -41.807 0.0 2.8 MW MEL
2014 01 18 1148 145.592 -37.920 9.4 2.9 MW MEL
2014 01 22 1151 146.784 -37.272 12.7 2.8 MW MEL
2014 01 25 1817 147.141 -34.038 10.0 2.8 MW MEL
2014 02 11 0108 145.305 -41.863 10.0 2.9 MW MEL
2014 05 10 0929 147.492 -41.781 5.3 2.9 MW MEL
2014 07 11 2025 146.455 -36.651 7.0 2.8 MW MEL
2014 07 12 0344 146.060 -38.437 16.4 2.9 MW GG
2014 07 31 2014 151.373 -32.842 0.0 2.9 MW SRC
2014 08 10 2150 146.931 -37.329 8.4 2.8 MW GG
2014 09 19 0159 149.201 -32.434 0.1 2.9 MW SRC
2014 10 04 2203 146.728 -38.526 10.0 2.8 MW MEL
2014 10 13 1800 147.956 -35.153 2.6 2.8 MW SRC
2014 10 20 1440 151.345 -32.854 0.0 2.9 MW SRC
2014 11 04 0033 151.423 -32.953 10.0 2.9 MW AUST
2014 12 06 2054 144.041 -38.225 12.6 2.9 MW GG
2014 12 07 2151 147.384 -33.871 0.0 2.9 MW AUST
2015 01 21 0611 151.372 -32.846 0.0 2.8 MW SRC
2015 02 12 2058 146.732 -43.239 20.0 2.8 MW SRC
2015 02 24 1806 148.967 -33.462 0.0 2.9 MW AUST
2015 04 16 0938 151.399 -32.908 6.0 2.9 MW AUST
2015 04 28 1442 146.203 -38.248 8.6 2.9 MW SRC
2015 05 22 1340 149.234 -31.986 10.0 2.9 MW AUST
2015 05 26 2349 146.652 -42.951 10.0 2.9 MW SRC
2015 05 29 1504 146.247 -38.254 11.3 2.8 MW SRC
2015 07 01 2116 150.397 -37.436 10.0 2.9 MW SRC
2015 08 05 0700 149.269 -37.988 10.0 2.9 MW SRC
2015 09 12 0116 150.251 -37.985 10.0 2.9 MW SRC
2015 09 19 0621 149.419 -34.934 10.0 2.8 MW SRC
2015 12 18 0101 150.358 -33.811 17.0 2.9 MW SRC
2015 12 18 2328 151.198 -32.620 17.0 2.9 MW AUST
2016 03 31 0744 146.761 -36.935 4.9 2.8 MW SRC
2016 04 30 0207 150.100 -32.261 0.0 2.9 MW AUST
2016 06 05 1957 144.890 -40.884 0.0 2.9 MW AUST
2016 09 19 0432 148.718 -36.324 4.0 2.9 MW AUST
2016 09 20 1205 151.416 -32.953 0.0 2.9 MW AUST
2016 10 18 1854 144.865 -36.856 0.0 2.9 MW AUST
2016 10 26 1515 149.620 -31.930 11.0 2.9 MW AUST
2016 10 29 1720 148.842 -32.841 1.0 2.9 MW AUST
2016 12 30 1355 149.024 -33.478 0.0 2.8 MW SRC
2017 01 04 1232 144.654 -36.377 13.9 2.8 MW SRC
2017 01 14 2037 148.957 -38.358 12.2 2.9 MW SRC
2017 01 19 1846 146.804 -36.569 10.0 2.9 MW AUST
2017 03 17 1051 149.592 -36.625 10.0 2.9 MW AUST
2017 04 09 1010 149.013 -34.475 10.0 2.9 MW AUST
