1859 06 12 0830 140.783 -37.833 9.0 3.6 MW ADE
1857 04 27 1420 138.180 -35.833 7.0 3.3 MW ADE
1897 05 10 0526 139.750 -37.300 14.0 6.0 MW KMcC
1962 01 10 1936 139.800 -36.350 0.0 4.0 MW ADE
1896 05 04 0555 139.850 -36.830 10.0 3.8 MW ADE
1882 10 24 0000 139.850 -36.830 10.0 3.1 MW ADE
1907 05 29 2258 140.750 -36.970 10.0 3.8 MW ADE
1909 05 31 1600 141.400 -37.600 10.0 3.7 MW MELOBS
1913 12 01 1530 139.850 -36.830 10.0 3.5 MW ADE
1976 04 01 0028 137.409 -36.286 2.8 3.7 MW ADE
1913 03 08 2045 140.750 -36.970 10.0 3.3 MW ADE
1977 02 11 2334 141.310 -32.473 13.8 3.5 MW ADE
1916 08 19 0000 139.850 -36.830 10.0 2.8 MW ADE
1969 11 15 0014 139.845 -37.123 8.8 3.2 MW ADE
1964 08 16 0311 137.200 -35.900 1.0 2.4 MW ADE
1976 07 12 1345 140.451 -37.565 4.0 3.4 MW ADE
1965 12 09 0816 136.225 -36.279 0.0 2.7 MW ADE
1965 12 25 0737 136.800 -35.500 1.0 2.2 MW ADE
1978 02 16 0114 139.921 -37.123 34.1 3.3 MW ADE
1966 02 15 1041 137.479 -36.239 4.5 2.8 MW ADE
1978 08 25 1512 136.659 -35.943 0.8 3.1 MW ADE
1966 03 01 1242 139.725 -33.619 0.0 2.7 MW ADE
1983 12 17 2050 139.354 -34.603 22.6 3.1 MW ADE
1970 04 26 1738 139.536 -34.523 3.9 2.5 MW ADE
1971 05 30 0217 138.470 -36.300 4.0 2.5 MW ADE
1985 04 11 1823 139.497 -34.741 15.7 3.1 MW ADE
1971 08 05 0941 139.427 -34.626 8.4 2.3 MW ADE
1974 05 05 1909 140.510 -36.930 20.0 2.7 MW ADE
1989 06 01 2353 139.678 -33.849 12.9 3.1 MW ADE
1975 08 11 2323 139.524 -33.694 7.0 2.9 MW ADE
1978 01 04 1240 141.630 -38.095 1.0 1.9 MW MEL
1978 07 28 0908 139.779 -33.439 1.5 2.3 MW ADE
1978 12 01 1243 138.527 -36.038 8.7 2.5 MW ADE
1978 12 10 1936 140.067 -33.582 27.0 2.0 MW ADE
1979 02 07 0906 139.916 -33.018 10.3 2.2 MW ADE
1979 07 17 1045 139.485 -33.460 17.7 1.9 MW ADE
1979 11 06 0845 139.546 -33.427 0.0 2.1 MW ADE
1980 03 04 0657 138.005 -36.316 22.9 2.8 MW ADE
1980 06 26 2319 139.555 -33.506 28.8 1.9 MW ADE
1981 01 07 2046 140.151 -32.823 12.0 2.9 MW ADE
1981 01 25 2234 138.146 -35.849 8.4 2.7 MW ADE
1981 06 14 0559 138.814 -36.265 14.0 2.6 MW ADE
1981 09 20 1528 139.634 -34.722 10.7 2.3 MW ADE
1981 11 20 2156 138.253 -35.816 15.2 2.5 MW ADE
1982 05 06 0023 139.371 -34.549 13.3 2.3 MW ADE
1983 03 27 0549 140.291 -32.770 10.1 2.3 MW ADE
1986 05 05 0711 139.679 -34.112 24.0 2.1 MW ADE
1986 11 28 0441 140.837 -32.865 5.4 2.5 MW ADE
1986 11 30 1715 136.357 -35.569 14.7 2.8 MW ADE
1987 05 11 0333 139.604 -35.284 0.0 2.7 MW ADE
1987 11 04 2337 139.794 -34.673 4.3 2.1 MW ADE
1987 12 12 1926 139.752 -33.220 30.0 2.2 MW ADE
1988 03 27 0131 140.713 -37.115 8.9 2.5 MW MEL
1988 10 24 1743 138.981 -36.723 23.9 2.8 MW ADE
1990 04 01 0704 138.799 -35.772 16.5 1.9 MW ADE
1990 04 01 0707 138.680 -36.401 10.7 2.0 MW ADE
1990 04 01 2330 138.759 -36.090 11.1 2.5 MW ADE
1990 05 05 0959 141.460 -37.827 6.0 2.7 MW MEL
1990 07 13 2008 139.933 -33.093 11.5 2.1 MW ADE
1990 08 29 0225 139.544 -33.789 9.4 2.7 MW ADE
1990 11 21 1358 139.636 -35.447 24.0 2.2 MW ADE
1991 02 05 2335 140.286 -33.088 15.7 2.4 MW ADE
1991 03 24 0102 140.410 -37.491 10.0 2.8 MW ADE
1991 04 04 0617 138.601 -35.718 9.4 2.4 MW ADE
1991 05 17 1742 137.473 -35.977 6.9 2.4 MW ADE
1991 11 05 0235 140.606 -32.690 6.1 2.5 MW ADE
1993 11 07 1430 139.025 -35.552 16.7 2.3 MW ADE
1994 05 23 1022 137.438 -35.901 3.5 2.8 MW ADE
1995 01 24 2354 140.913 -33.109 12.5 2.5 MW ADE
1996 01 06 0320 136.497 -35.914 5.1 2.4 MW ADE
1996 02 04 2344 138.087 -35.864 12.5 2.5 MW ADE
1996 02 25 1103 139.919 -33.124 10.9 2.1 MW ADE
1996 07 10 1432 135.666 -35.789 8.0 2.2 MW ADE
1997 06 08 2232 139.422 -34.649 10.0 1.9 MW ADE
1997 06 29 1352 139.647 -35.215 7.9 2.5 MW ADE
1997 08 17 0452 139.483 -34.628 22.4 2.9 MW ADE
1998 01 02 2100 138.418 -36.273 14.7 2.2 MW ADE
2002 03 12 1753 140.591 -37.295 10.0 2.0 MW ADE
2002 03 25 0616 140.893 -37.645 36.1 2.8 MW ADE
2002 06 13 0658 139.965 -33.652 3.0 2.7 MW AUST
2002 06 16 1631 140.979 -37.637 10.0 2.3 MW ADE
2002 11 09 2003 139.621 -33.933 7.6 2.3 MW ADE
2003 03 05 1931 139.296 -35.642 8.0 2.4 MW ADE
2003 04 09 0042 140.181 -36.122 11.0 2.5 MW ADE
2004 02 08 1050 138.374 -35.822 1.4 2.4 MW ADE
2004 03 25 1633 141.084 -37.561 14.0 2.1 MW ADE
2004 04 06 0048 139.995 -32.923 14.9 2.3 MW ADE
2004 05 23 1654 138.365 -35.933 2.7 2.4 MW ADE
2004 06 08 1946 141.351 -38.094 7.5 2.2 MW MEL
2004 07 20 1242 141.101 -37.466 30.8 2.5 MW ADE
2004 08 10 2013 136.622 -35.951 10.0 2.7 MW ADE
2005 05 16 0414 139.635 -34.549 18.0 2.4 MW ADE
2006 03 29 1416 138.383 -36.675 5.7 2.6 MW ADE
2006 09 10 0913 138.355 -35.999 16.1 2.4 MW ADE
2007 01 06 1258 139.762 -34.625 1.4 2.6 MW ADE
2007 02 02 1826 139.910 -36.088 15.7 2.1 MW ADE
2007 08 23 0827 139.655 -35.992 12.8 2.1 MW ADE
2007 08 24 2306 136.466 -36.042 10.9 2.8 MW ADE
2007 12 12 0018 139.998 -36.089 21.1 2.9 MW ADE
2007 12 29 0901 139.708 -34.630 16.0 2.5 MW ADE
2008 05 07 1456 141.682 -32.226 12.0 2.6 MW AUST
2008 05 07 1458 141.989 -32.139 21.4 2.8 MW ADE
2008 06 28 1958 140.701 -37.747 6.1 1.9 MW ADE
2008 07 06 0501 136.697 -35.829 7.4 2.1 MW ADE
2008 09 09 0220 142.016 -38.275 10.0 2.6 MW MEL
2008 09 20 0151 136.763 -35.868 6.1 2.1 MW ADE
2008 11 27 2146 140.818 -32.556 2.4 2.7 MW ADE
2009 03 22 0118 139.594 -33.418 2.9 2.3 MW ADE
2009 07 05 1910 140.585 -37.522 10.0 2.5 MW MEL
2009 09 27 1131 136.607 -35.765 4.0 2.7 MW ADE
2010 01 29 0032 139.586 -34.669 13.7 1.9 MW ADE
2010 02 01 0313 139.391 -33.610 0.0 2.5 MW ADE
