1941 06 27 0755 137.340 -25.950 0.0 6.4 MW BMR
1963 03 14 0157 137.500 -25.700 10.0 4.6 MW USCGS
1968 06 25 0853 137.474 -25.974 33.0 4.5 MW USCGS
1969 10 27 1139 131.320 -22.800 0.0 4.3 MW BMR
1970 03 24 1035 126.673 -22.059 15.0 6.2 MW EHB
1970 03 24 1142 125.500 -20.700 nan 3.8 MW MGO
1970 03 24 1439 125.800 -21.800 nan 3.6 MW MGO
1970 03 24 1622 126.400 -21.400 7.0 4.1 MW MGO
1970 03 24 2135 126.100 -21.300 nan 3.7 MW MGO
1970 03 26 0048 126.200 -21.800 7.0 4.1 MW MGO
1970 03 27 2241 126.900 -22.600 nan 3.8 MW MGO
1970 05 11 1407 126.100 -21.300 nan 3.8 MW MGO
1970 05 22 1554 126.300 -21.600 7.0 4.0 MW MGO
1970 07 22 1859 126.300 -21.500 7.0 4.0 MW MGO
1970 08 04 2210 126.000 -21.200 7.0 4.2 MW MGO
1970 08 27 1621 126.900 -21.300 nan 3.7 MW MGO
1970 09 15 1529 126.100 -21.500 nan 3.5 MW MGO
1970 12 23 2127 126.100 -21.700 7.0 4.0 MW MGO
1971 02 06 2223 126.390 -21.380 0.0 4.7 MW BMR
1971 07 06 0339 127.500 -22.500 nan 4.2 MW MGO
1971 09 10 1634 127.280 -26.310 0.0 4.1 MW BMR
1972 01 18 1033 126.580 -22.980 0.0 3.7 MW BMR
1972 02 16 1211 126.580 -22.070 0.0 4.1 MW BMR
1972 06 27 1240 126.650 -22.040 0.0 4.4 MW BMR
1972 08 28 0218 136.326 -24.992 13.4 5.3 MW EHB
1973 03 11 1604 127.418 -21.889 10.0 4.7 MW ISC
1974 02 27 0157 136.501 -28.803 10.0 4.0 MW ISC
1974 11 17 1453 126.530 -22.000 nan 4.7 MW MGO
1975 01 10 0820 126.110 -27.740 nan 5.5 MW MGO
1975 03 07 2013 126.580 -25.860 nan 4.6 MW MGO
1975 10 03 1151 126.670 -22.181 10.0 4.9 MW EHB
1976 10 21 1112 126.665 -22.347 33.0 4.6 MW USGS
1977 11 03 0356 127.000 -22.600 10.0 3.9 MW MGO
1978 08 31 0035 126.587 -22.104 19.0 3.7 MW ISC
1978 11 25 1321 137.460 -25.880 0.0 3.7 MW BMR
1978 12 12 0651 126.420 -22.052 19.0 3.8 MW ISC
1979 04 24 2314 129.160 -26.340 0.0 4.0 MW BMR
1980 02 09 1433 138.828 -28.822 17.7 3.0 MW ADE
1980 02 12 2241 130.099 -23.020 0.0 3.0 MW BMR
1980 12 21 1320 126.570 -22.000 30.0 3.2 MW MGO
1981 04 15 2314 126.500 -22.170 19.0 3.3 MW MGO
1981 04 24 2103 129.100 -26.330 10.0 3.1 MW MGO
1981 07 26 1324 127.060 -26.390 0.0 3.0 MW MGO
1981 09 04 1227 136.628 -25.178 15.1 3.0 MW ADE
1982 01 27 2312 125.390 -27.350 10.0 3.3 MW MGO
1982 08 24 0232 131.420 -26.410 10.0 3.7 MW MGO
1983 05 17 1011 136.313 -27.886 31.3 3.2 MW ADE
1983 05 18 0036 137.630 -25.741 10.0 3.2 MW MEL
1983 10 12 1925 130.330 -25.610 10.0 3.0 MW MGO
1983 11 28 1346 136.375 -24.989 20.0 3.4 MW BMR
1983 12 01 1545 126.450 -21.960 10.0 3.3 MW MGO
1984 01 03 0318 126.850 -26.320 10.0 3.1 MW MGO
1984 01 24 1441 129.700 -21.972 0.0 3.1 MW ISC
1984 03 23 1938 125.520 -21.290 19.0 3.1 MW MGO
1984 08 08 0357 130.150 -23.200 nan 3.0 MW BMR
1984 09 12 2102 126.446 -22.016 33.0 3.5 MW ISC
1984 10 14 0047 137.492 -26.787 10.4 3.0 MW ADE
1985 02 10 1559 129.910 -25.310 0.0 3.0 MW BMR
1985 03 22 0023 125.570 -22.840 10.0 3.2 MW MGO
1985 04 03 0150 132.455 -23.016 9.0 4.4 MW ISC
1985 04 21 1456 121.897 -19.965 10.0 3.3 MW ISC
1986 03 30 0853 132.734 -26.310 5.0 5.7 MW EHB
1986 03 31 0612 132.075 -26.178 4.4 3.3 MW ADE
1986 03 31 0725 131.813 -26.208 24.5 3.2 MW ADE
1986 04 14 1932 131.345 -24.879 10.0 3.6 MW BMR
1986 05 02 2224 137.543 -25.957 5.0 3.1 MW AUST
1986 05 26 0555 128.992 -27.768 5.0 3.8 MW BMR
1986 07 11 1242 132.492 -25.761 0.0 3.2 MW BMR
1986 08 24 0454 126.705 -21.648 10.0 3.1 MW ISC
1986 11 28 1546 129.779 -25.433 5.0 3.7 MW BMR
1987 03 30 0510 131.519 -26.062 33.0 3.3 MW BMR
1987 07 07 1031 136.035 -28.178 8.0 3.2 MW BMR
1988 04 23 2338 126.628 -21.817 5.0 3.4 MW BMR
1988 05 08 1553 124.730 -22.830 5.0 3.3 MW MGO
1988 07 05 0900 123.070 -22.500 5.0 3.1 MW MGO
1988 08 08 1813 126.573 -27.243 5.0 4.4 MW BMR
1988 11 01 0425 129.540 -25.090 5.0 3.2 MW AUST
1988 12 23 0424 126.510 -22.000 5.0 3.3 MW MGO
1989 05 28 0255 130.745 -25.137 28.6 5.3 MW EHB
1990 01 12 0549 131.570 -25.620 5.0 3.3 MW BMR
1990 01 12 0950 131.239 -23.053 5.0 4.1 MW AUST
1990 02 08 0823 137.342 -27.891 9.0 4.2 MW ADE
1990 02 14 0135 137.600 -25.760 5.0 3.3 MW AUST
1990 03 21 1337 129.510 -25.430 10.0 4.2 MW AUST
1990 08 11 1754 130.270 -23.120 10.0 4.2 MW ISC
1990 09 27 1241 137.510 -25.910 10.0 3.5 MW ISC
1990 12 01 2054 131.809 -26.527 12.9 3.1 MW ADE
1990 12 01 2235 131.325 -26.582 21.6 3.8 MW ADE
1992 03 10 0347 130.077 -25.449 5.0 3.0 MW AUST
1992 06 02 0116 127.954 -22.015 5.0 3.0 MW MGO
1992 06 13 1805 130.100 -23.860 16.0 4.2 MW ISC
1992 07 14 0519 129.220 -22.160 10.0 3.3 MW ISC
1992 07 15 0017 126.433 -22.064 5.0 4.5 MW AUST
1992 08 22 1054 128.791 -27.452 5.0 3.7 MW ADE
1992 10 31 1225 126.518 -22.015 5.0 3.6 MW MGO
1992 11 01 2100 136.968 -28.828 15.0 3.1 MW ADE
1992 12 03 1737 131.395 -25.931 10.0 3.3 MW ISC
1992 12 29 2020 129.870 -25.404 0.0 3.7 MW AUST
1993 03 22 0208 129.903 -25.392 0.0 3.0 MW AUST
1993 07 06 2359 126.368 -22.569 5.0 3.1 MW MGO
1993 11 20 0738 125.726 -20.590 5.0 3.1 MW MGO
1994 04 19 1125 126.548 -21.917 5.0 3.2 MW MGO
1994 08 22 0331 126.315 -21.986 5.0 3.2 MW AUST
1994 12 02 1942 130.133 -23.587 0.0 3.9 MW AGSO
1995 02 23 0403 126.226 -21.905 5.0 3.1 MW MGO
1995 03 06 1056 129.814 -22.129 6.0 3.1 MW AGSO
1995 05 29 2033 136.600 -24.800 5.0 3.0 MW AGSO
1995 06 04 2036 125.796 -24.119 5.0 3.4 MW MGO
1995 07 02 1928 135.383 -28.016 0.0 3.3 MW ISC
1995 07 10 1225 132.316 -22.357 0.0 3.0 MW ISC
1995 11 20 1116 131.450 -25.991 10.0 3.5 MW ISC
1995 12 16 0156 127.454 -21.081 5.0 3.2 MW MGO
1996 04 22 0958 126.595 -22.082 5.0 3.3 MW MGO
1996 07 09 0926 129.936 -26.990 5.0 3.0 MW MGO
1996 12 01 0450 132.988 -26.695 5.0 3.2 MW MGO
1996 12 10 0602 128.448 -26.251 5.0 3.2 MW MGO
1997 02 05 0015 139.241 -28.710 11.5 3.6 MW ADE
1997 02 22 0848 126.327 -21.757 12.0 3.5 MW MGO
1997 06 23 2044 131.870 -23.110 19.0 3.9 MW AGSO
1997 07 23 1829 126.541 -22.114 5.0 3.3 MW MGO
1998 05 15 2354 130.940 -26.090 5.0 3.2 MW AGSO
1998 06 09 0100 135.769 -28.037 27.1 3.9 MW ADE
1998 06 16 1513 134.470 -23.650 7.0 3.0 MW AGSO
1998 07 17 1846 127.845 -26.502 11.0 3.2 MW MGO
1998 07 31 0046 125.694 -24.301 5.0 3.0 MW MGO
1999 01 18 1450 126.410 -27.788 10.0 3.9 MW ISC
1999 03 01 0128 137.590 -25.800 0.0 3.3 MW AGSO
1999 03 06 2354 139.137 -28.565 6.9 3.7 MW ADE
1999 08 14 1245 131.044 -26.170 10.0 3.4 MW ADE
1999 12 01 1525 126.590 -27.180 5.0 3.0 MW MGO
2000 06 19 1804 131.404 -22.832 5.0 3.3 MW ISC
2000 08 01 1123 131.749 -26.787 0.0 3.1 MW AUST
2000 11 11 2200 126.172 -27.637 2.0 3.1 MW ISC
2000 11 15 0848 126.540 -22.039 11.0 3.1 MW AGSO
2001 03 29 1853 135.364 -27.071 20.6 3.0 MW ADE
2001 04 12 1822 137.544 -25.729 0.0 3.2 MW AUST
2001 04 12 2237 137.447 -25.945 7.0 3.3 MW AUST
2001 08 14 0803 127.580 -22.940 0.0 3.5 MW AGSO
2001 10 19 0418 129.547 -23.601 1.0 3.7 MW AUST
2002 03 24 1156 131.680 -26.691 2.0 3.1 MW ADE
2002 04 15 2244 130.040 -23.151 3.0 3.2 MW AUST
2002 06 28 1257 130.090 -23.291 5.0 3.0 MW AUST
2002 10 06 1457 129.274 -22.186 1.0 3.4 MW AUST
2003 01 15 0203 137.306 -25.947 10.0 3.0 MW ADE
2003 01 15 0204 137.548 -25.906 10.0 3.1 MW AUST
2003 05 11 0305 135.095 -27.857 2.4 3.5 MW ADE
2003 06 06 1140 126.524 -22.073 0.0 3.0 MW AUST
2003 08 07 0510 129.882 -23.343 0.0 3.0 MW AUST
2003 09 16 1616 130.389 -22.676 0.0 3.0 MW AUST
2004 01 23 0928 132.786 -22.297 10.0 3.0 MW AUST
2004 01 26 2039 131.849 -26.181 10.0 3.0 MW AUST
2004 02 11 0930 129.823 -22.680 12.5 4.9 MW AUST
2004 02 23 1723 125.571 -20.832 5.0 3.5 MW AUST
2004 08 14 1537 130.950 -26.090 0.8 3.3 MW AUST
2005 03 13 0209 131.649 -26.265 18.6 4.5 MW ADE
2005 03 19 0729 130.868 -26.091 10.0 3.8 MW AUST
2005 03 29 1615 126.605 -22.144 5.0 3.3 MW AUST
2005 05 14 1333 136.741 -28.687 26.1 3.5 MW ADE
2006 04 01 0109 130.972 -26.046 10.0 3.4 MW ISC
2006 05 02 0247 137.341 -25.877 10.0 3.3 MW ISC
2006 05 13 0104 135.595 -27.709 10.0 4.8 MW ISC
2007 11 05 0636 129.501 -22.043 1.0 3.0 MW AUST
2007 11 05 0641 129.666 -22.390 0.0 3.2 MW AUST
2007 12 01 2058 129.657 -22.291 10.0 3.2 MW AUST
2008 03 17 0656 137.427 -25.975 10.0 3.4 MW AUST
2008 05 20 0825 129.609 -23.363 0.0 3.3 MW AUST
2008 07 09 2345 125.223 -26.034 1.4 4.2 MW AUST
2009 04 14 0140 135.762 -27.990 10.3 3.3 MW ADE
2009 09 20 2058 136.101 -27.550 17.4 3.1 MW ADE
2009 11 03 0654 125.792 -27.579 9.5 3.2 MW AUST
2010 02 03 0502 138.160 -28.096 0.0 3.4 MW ADE
2010 06 09 1541 123.256 -22.166 0.1 3.1 MW AUST
2010 06 21 0404 129.752 -21.524 5.4 3.3 MW AUST
