1919 08 15 1021 150.700 -33.500 10.0 4.2 MW BurkeG
1961 05 21 2140 150.606 -34.564 18.8 5.4 MW MEL
1935 12 08 0308 150.500 -34.500 10.0 3.2 MW BurkeG
1960 07 17 1254 150.270 -34.010 5.0 3.2 MW CAN
1968 10 18 1751 150.450 -34.520 13.0 3.5 MW CAN
1960 09 02 1201 150.280 -34.170 19.0 2.4 MW CAN
1962 03 22 0623 151.070 -34.080 0.0 3.0 MW CAN
1962 07 10 0644 150.430 -34.200 8.0 3.3 MW CAN
1961 10 27 1900 150.250 -34.130 0.0 2.0 MW CAN
1965 11 07 0312 150.240 -34.440 26.0 3.2 MW CAN
1961 11 06 0232 150.380 -34.080 0.0 2.5 MW CAN
1962 01 03 1333 150.520 -33.820 0.0 2.3 MW CAN
1968 01 11 2057 150.380 -35.070 6.0 3.2 MW CAN
1962 01 06 0332 150.530 -33.850 3.0 2.5 MW CAN
1962 03 07 1717 150.500 -33.800 0.0 2.1 MW CAN
1969 09 20 0611 150.610 -34.660 0.0 3.0 MW CAN
1969 10 18 0459 150.490 -34.570 5.0 3.1 MW CAN
1962 03 24 1714 150.550 -33.800 0.0 2.4 MW CAN
1962 03 31 1534 150.300 -32.600 0.0 2.7 MW CAN
1971 02 02 0054 150.370 -33.800 0.0 3.3 MW CAN
1962 05 30 0357 150.500 -33.800 0.0 2.7 MW CAN
1971 05 03 1940 150.520 -34.150 2.0 3.0 MW CAN
1962 06 23 1255 150.420 -34.120 0.0 2.4 MW CAN
1976 01 09 0430 150.630 -34.210 7.0 3.2 MW CAN
1963 01 10 1209 150.470 -33.670 0.0 2.7 MW CAN
1976 06 20 1642 150.810 -33.620 8.0 3.2 MW CAN
1979 01 15 1631 150.340 -34.140 24.0 3.1 MW CAN
1963 09 27 0107 150.550 -33.870 13.0 2.5 MW CAN
1979 04 16 0134 150.530 -33.940 18.0 3.2 MW CAN
1964 05 30 1154 150.620 -33.440 25.0 2.7 MW CAN
1964 06 23 0444 150.500 -35.250 0.0 2.4 MW CAN
1979 08 16 0527 151.270 -33.680 21.0 3.0 MW CAN
1965 04 09 2342 150.480 -34.900 5.0 2.5 MW CAN
1980 07 14 0530 150.240 -34.530 22.0 3.1 MW CAN
1980 09 07 0955 150.810 -34.330 18.0 3.4 MW CAN
1965 04 25 1108 150.210 -34.550 5.0 2.5 MW CAN
1981 03 07 0236 150.250 -32.470 15.0 3.0 MW CAN
1967 05 31 1217 150.220 -34.190 0.0 2.7 MW CAN
1982 06 18 1337 150.610 -33.500 20.0 3.1 MW CAN
1968 01 12 1339 150.530 -33.870 0.0 2.7 MW CAN
1968 03 23 2012 150.310 -34.100 19.0 2.7 MW CAN
1983 04 14 1516 150.600 -33.460 29.0 3.2 MW CAN
1983 06 01 1857 150.450 -34.030 19.0 3.1 MW CAN
1969 02 15 1720 150.500 -33.620 0.0 2.4 MW CAN
1983 11 01 0050 150.450 -33.900 0.0 3.2 MW CAN
1969 07 09 2312 150.480 -34.160 9.0 2.2 MW CAN
1985 10 04 0819 150.210 -34.510 33.0 3.0 MW CAN
1987 04 02 0512 150.370 -34.160 22.0 3.0 MW CAN
1970 10 19 1917 150.950 -33.680 0.0 2.4 MW CAN
1970 12 22 0532 150.800 -34.170 0.0 2.5 MW CAN
1989 12 16 0028 150.670 -34.700 23.0 3.4 MW AGSO
1971 01 08 0510 150.830 -34.150 0.0 2.8 MW CAN
1971 02 22 0505 150.880 -34.150 0.0 2.5 MW CAN
1971 02 25 0720 150.770 -34.170 0.0 2.5 MW CAN
1971 03 30 0255 150.970 -34.000 0.0 2.6 MW CAN
1971 05 11 1058 150.430 -34.580 0.0 2.2 MW CAN
1971 05 21 1237 150.790 -34.530 11.0 2.6 MW CAN
1971 07 28 1438 150.490 -34.270 9.0 2.6 MW CAN
1971 08 16 0535 150.440 -34.500 18.0 2.7 MW CAN
1971 08 28 0348 150.840 -34.190 11.0 2.9 MW CAN
1971 10 16 0420 150.730 -34.190 5.0 2.9 MW CAN
1971 11 30 0530 150.450 -34.530 0.0 2.6 MW CAN
1971 11 30 0547 150.450 -34.710 3.0 2.8 MW CAN
1972 02 09 0631 150.590 -34.810 10.0 2.9 MW CAN
1972 03 19 0805 150.550 -34.820 16.0 2.5 MW CAN
1972 03 26 0751 150.450 -34.710 4.0 2.5 MW CAN
1972 04 14 0529 150.450 -35.280 0.0 2.7 MW CAN
1972 05 10 0854 150.750 -33.870 0.0 2.3 MW CAN
1972 05 13 0540 150.880 -34.150 0.0 2.6 MW CAN
1972 05 16 0515 150.880 -34.380 0.0 2.4 MW CAN
1972 05 27 0203 150.370 -34.700 3.0 2.6 MW CAN
1972 07 02 1603 150.720 -34.650 0.0 2.5 MW CAN
1972 07 31 0633 150.500 -34.750 44.0 2.4 MW CAN
1972 09 15 0814 150.450 -34.700 7.0 2.5 MW CAN
1972 09 18 1535 150.600 -34.500 0.0 2.5 MW CAN
1972 11 06 2334 150.420 -34.530 0.0 2.4 MW CAN
1972 11 25 0237 150.980 -34.120 0.0 2.6 MW CAN
1972 12 28 1847 150.500 -34.670 0.0 2.3 MW CAN
1973 01 14 2348 150.370 -34.490 5.0 2.4 MW CAN
1973 01 18 0622 150.420 -34.680 0.0 2.4 MW CAN
1973 02 16 0416 150.370 -34.470 1.0 2.4 MW CAN
1973 03 06 1532 150.350 -33.910 0.0 2.2 MW CAN
1973 03 15 0620 150.470 -34.680 0.0 2.3 MW CAN
1973 03 15 2026 150.700 -34.600 0.0 2.4 MW CAN
1973 03 26 0804 150.820 -34.130 21.0 2.5 MW CAN
1973 04 04 0651 150.240 -34.340 0.0 2.2 MW CAN
1973 04 12 0733 150.820 -34.080 22.0 2.2 MW CAN
1973 04 15 0032 150.550 -34.780 0.0 2.2 MW CAN
1973 04 30 0542 150.550 -34.720 0.0 2.2 MW CAN
1973 05 01 1341 150.230 -35.030 0.0 2.6 MW CAN
1973 05 08 0723 150.600 -34.700 0.0 2.3 MW CAN
1973 07 29 0246 150.550 -34.750 0.0 2.3 MW CAN
1973 08 07 0544 150.500 -34.710 34.0 2.6 MW CAN
1973 08 15 0733 150.380 -34.660 0.0 2.0 MW CAN
1973 08 18 0305 150.770 -33.500 0.0 2.5 MW CAN
1973 09 01 0522 150.570 -34.730 0.0 2.3 MW CAN
1973 09 07 0515 150.370 -34.500 0.0 2.3 MW CAN
1973 09 26 0532 150.830 -34.130 0.0 2.5 MW CAN
1973 10 22 0800 150.640 -34.760 11.0 2.5 MW CAN
1974 05 29 0559 150.600 -34.350 0.0 2.5 MW CAN
1974 07 12 0533 150.700 -34.500 0.0 2.5 MW CAN
1974 07 19 0736 150.470 -34.500 0.0 1.9 MW CAN
1974 10 02 0535 150.600 -34.480 0.0 2.6 MW CAN
1974 10 03 0413 150.370 -34.630 0.0 2.5 MW CAN
1974 10 03 0543 150.900 -34.110 31.0 2.4 MW CAN
1974 10 09 1253 150.400 -33.920 7.0 2.1 MW CAN
1974 10 09 2211 150.790 -34.450 33.0 2.3 MW CAN
1974 10 16 0518 150.400 -34.530 0.0 2.3 MW CAN
1974 11 16 0034 150.850 -34.120 0.0 2.5 MW CAN
1974 11 21 0956 150.790 -34.530 6.0 2.1 MW CAN
1974 11 27 0600 150.550 -34.400 0.0 2.3 MW CAN
1974 12 17 1011 150.830 -34.300 0.0 2.0 MW CAN
1975 01 15 0247 150.470 -34.130 16.0 2.6 MW CAN
1975 02 05 0600 150.520 -34.450 0.0 2.4 MW CAN
1975 02 26 0824 150.550 -34.120 5.0 1.9 MW CAN
1975 03 07 0701 150.220 -34.550 5.0 2.6 MW CAN
1975 03 13 2246 150.630 -34.300 0.0 2.3 MW CAN
1975 03 22 2232 150.530 -34.520 0.0 2.6 MW CAN
1975 04 11 0510 150.390 -34.680 9.0 2.5 MW CAN
1976 06 29 1744 150.470 -33.470 0.0 2.5 MW CAN
1976 07 06 1917 150.500 -33.470 0.0 2.2 MW CAN
1976 07 08 0553 150.530 -34.580 0.0 2.3 MW CAN
1976 08 18 1516 150.350 -34.200 16.0 2.8 MW CAN
1976 09 21 0225 150.270 -34.560 0.0 2.8 MW CAN
1976 09 22 1120 150.450 -34.050 0.0 2.5 MW CAN
1976 10 17 1708 150.780 -33.380 0.0 2.7 MW CAN
1976 11 25 0436 150.620 -34.650 0.0 2.5 MW CAN
1976 12 02 0712 150.820 -33.570 0.0 2.4 MW CAN
1976 12 03 0728 150.210 -34.510 37.0 2.6 MW CAN
1976 12 30 0842 150.780 -34.030 0.0 2.9 MW CAN
1977 04 19 0137 150.430 -34.500 0.0 2.4 MW CAN
1977 04 27 0601 150.850 -34.180 0.0 2.7 MW CAN
1977 05 14 1808 150.820 -34.330 7.0 2.4 MW CAN
1977 05 23 0635 150.840 -34.160 8.0 2.3 MW CAN
1977 06 20 0609 150.920 -34.120 10.0 2.9 MW CAN
1977 06 23 0011 150.370 -34.350 0.0 2.4 MW CAN
1977 07 07 0513 150.270 -34.580 0.0 2.2 MW CAN
1977 08 05 0303 150.230 -34.650 13.0 2.6 MW CAN
1977 08 10 0257 150.210 -34.600 0.0 2.5 MW CAN
1978 01 26 0544 150.390 -34.170 17.0 2.7 MW CAN
1978 02 05 0415 150.330 -34.500 0.0 2.4 MW CAN
1978 02 09 2325 150.330 -34.500 0.0 2.4 MW CAN
1978 03 04 0116 150.630 -34.010 14.0 2.6 MW CAN
1978 03 14 0412 150.700 -34.050 16.0 2.7 MW CAN
1978 03 31 0527 151.010 -34.180 0.0 2.5 MW CAN
1978 04 06 0454 150.650 -34.070 13.0 2.9 MW CAN
1978 05 23 0202 150.500 -34.930 0.0 2.2 MW CAN
1978 08 18 0530 150.800 -33.950 15.0 2.5 MW CAN
1978 08 25 0550 150.370 -34.680 19.0 2.4 MW CAN
1978 08 31 0540 151.030 -33.730 10.0 2.8 MW CAN
1978 09 01 0327 150.390 -34.670 16.0 2.5 MW CAN
1978 09 07 1047 150.490 -34.010 12.0 2.5 MW CAN
1978 09 19 0533 151.120 -33.780 11.0 2.5 MW CAN
1978 12 07 0109 151.140 -33.750 18.0 2.3 MW CAN
1979 03 16 1233 150.540 -33.990 19.0 2.3 MW CAN
1979 04 05 0304 150.410 -34.480 20.0 2.7 MW CAN
1979 10 19 1420 150.220 -34.150 0.0 2.9 MW CAN
1980 01 30 0618 150.530 -34.380 17.0 2.7 MW CAN
1980 03 05 0558 150.490 -34.460 18.0 2.4 MW CAN
1980 03 26 1909 150.440 -34.040 22.0 2.5 MW CAN
1980 04 07 1936 151.000 -34.050 0.0 2.7 MW CAN
1980 07 09 1127 150.580 -33.930 24.0 2.9 MW CAN
1980 09 22 1429 150.620 -34.030 14.0 2.9 MW CAN
1980 09 23 1122 150.400 -34.590 18.0 2.5 MW CAN
1980 10 09 1532 150.570 -34.040 16.0 2.8 MW CAN
1980 10 21 1416 150.230 -35.340 13.0 2.7 MW CAN
1980 12 10 1323 150.540 -33.990 0.0 2.6 MW CAN
1981 02 18 0859 150.340 -34.150 21.0 2.8 MW CAN
1981 03 30 1658 150.510 -34.040 17.0 2.7 MW CAN
1981 05 15 0547 150.690 -33.860 0.0 2.8 MW CAN
1981 07 26 1931 150.360 -34.270 20.0 2.5 MW CAN
1981 07 27 0622 150.670 -34.690 13.0 2.9 MW CAN
1981 09 10 0714 150.680 -34.040 18.0 2.5 MW CAN
1981 10 01 1231 150.550 -34.010 18.0 2.9 MW CAN
1981 10 05 0435 150.450 -34.950 18.0 2.8 MW CAN
1981 11 06 0403 150.760 -34.010 15.0 2.7 MW CAN
1982 03 02 1521 150.540 -34.000 0.0 2.3 MW CAN
1982 03 16 1202 150.340 -34.160 23.0 2.7 MW CAN
1982 03 29 1552 150.270 -34.600 2.0 2.3 MW CAN
1982 05 24 1424 150.550 -33.960 12.0 2.6 MW CAN
1982 06 11 1357 150.550 -33.970 17.0 2.3 MW CAN
1982 06 29 1409 150.780 -34.430 12.0 2.3 MW CAN
1982 09 10 0025 150.270 -34.470 14.0 2.8 MW CAN
1982 09 19 2352 150.410 -34.260 19.0 2.9 MW CAN
1982 11 06 1149 150.870 -34.410 12.0 2.4 MW CAN
1982 12 31 0210 150.340 -34.170 19.0 2.5 MW CAN
1983 01 18 0050 150.520 -34.460 0.0 2.7 MW CAN
1983 05 23 1324 150.460 -34.230 0.0 2.4 MW CAN
1983 07 18 1154 150.790 -34.450 14.0 2.7 MW CAN
1984 04 14 1752 150.990 -34.030 17.0 2.7 MW CAN
1984 07 28 1225 150.310 -34.070 20.0 2.9 MW CAN
1984 08 08 1219 150.200 -35.040 37.0 2.8 MW CAN
1984 08 11 1706 150.510 -34.510 17.0 2.9 MW CAN
1985 02 08 1309 150.540 -34.510 15.0 2.4 MW CAN
1985 05 06 0602 150.240 -34.550 25.0 2.9 MW CAN
1985 07 24 1039 150.400 -34.100 0.0 2.2 MW CAN
1985 11 21 2006 150.290 -33.950 22.0 2.7 MW CAN
1986 02 14 1528 150.440 -33.910 9.0 2.6 MW CAN
1986 09 28 1017 150.580 -34.880 0.0 2.2 MW CAN
1986 10 21 1043 150.710 -34.460 18.0 2.5 MW CAN
1987 01 13 0011 150.440 -34.280 16.0 2.5 MW CAN
1987 06 21 1626 150.690 -33.760 14.0 2.3 MW CAN
1987 09 21 0910 150.230 -35.020 28.0 2.2 MW CAN
1987 10 17 1910 150.410 -34.070 6.0 2.3 MW CAN
1987 11 04 1627 150.550 -34.630 1.0 2.0 MW CAN
1988 03 21 1340 150.449 -34.530 2.0 2.5 MW BMR
1988 11 07 1136 151.058 -33.957 14.0 2.6 MW BMR
1989 07 19 1539 150.610 -34.480 0.0 2.5 MW CAN
1989 08 24 0004 150.752 -34.216 5.0 2.9 MW BMR
1990 09 09 1819 150.320 -34.960 0.0 2.9 MW CAN
1992 10 31 0834 150.457 -33.913 18.0 2.5 MW MEL
1993 02 12 0414 150.357 -33.837 14.2 2.7 MW MEL
1993 03 22 0806 150.346 -33.826 17.4 2.8 MW MEL
1993 03 30 0738 150.226 -34.148 18.0 2.2 MW MEL
1993 04 01 0755 150.390 -33.742 8.0 2.2 MW MEL
1993 04 09 0407 150.354 -33.813 16.5 2.2 MW MEL
1993 04 10 2034 150.840 -33.720 4.6 2.1 MW MEL
1993 04 30 0241 150.335 -33.809 16.9 2.2 MW MEL
1993 05 09 2108 150.453 -34.338 12.5 2.1 MW MEL
1993 06 12 1739 150.516 -34.548 9.0 2.0 MW MEL
1993 08 22 1250 150.434 -33.249 11.2 2.8 MW MEL
1993 10 27 1127 150.489 -34.518 9.2 2.1 MW MEL
1994 01 08 1603 150.506 -34.144 11.7 2.1 MW MEL
1994 04 29 1438 150.424 -34.041 11.5 1.9 MW MEL
1994 05 18 0007 150.373 -34.072 16.6 1.8 MW MEL
1994 06 06 0802 150.527 -33.784 20.3 2.4 MW MEL
1994 06 10 2341 150.244 -34.156 13.8 2.1 MW MEL
1994 07 14 0751 150.239 -34.520 7.0 1.8 MW MEL
1994 07 18 1916 150.517 -33.073 8.6 2.6 MW MEL
1994 07 20 0714 150.701 -34.427 0.0 1.8 MW MEL
1994 08 11 2013 150.686 -34.708 22.4 2.0 MW MEL
1994 08 12 1053 150.704 -34.432 2.4 2.3 MW MEL
1994 08 26 0211 150.404 -34.074 7.0 2.0 MW MEL
1994 09 19 1234 150.471 -34.391 4.8 1.8 MW MEL
1994 10 07 0049 150.691 -34.423 2.0 2.9 MW MEL
1995 01 03 1351 150.484 -34.534 7.0 2.9 MW MEL
1995 02 26 0550 150.394 -33.832 9.6 2.5 MW MEL
1995 03 14 1007 150.237 -34.277 15.7 1.9 MW MEL
1995 04 04 0345 150.364 -33.888 8.5 1.9 MW MEL
1995 04 06 1034 150.470 -33.473 12.8 2.4 MW MEL
1995 04 08 0325 150.656 -33.766 0.0 2.0 MW MEL
1995 07 04 0808 150.402 -33.813 8.4 1.9 MW MEL
1995 08 25 0647 150.344 -34.112 12.2 2.1 MW MEL
1995 09 24 1651 150.299 -34.164 13.0 1.9 MW MEL
1995 09 26 1539 150.391 -33.830 9.3 2.2 MW MEL
1995 11 05 1053 150.355 -33.830 16.7 2.3 MW MEL
1995 12 08 1529 150.395 -33.825 7.0 2.1 MW MEL
1995 12 31 1051 150.537 -33.283 10.0 1.8 MW MEL
1996 03 25 1711 150.385 -34.113 11.5 1.8 MW MEL
1996 04 06 0947 150.276 -34.168 12.4 1.9 MW MEL
1996 05 21 1008 150.323 -34.174 17.1 2.2 MW MEL
1996 06 06 0254 150.288 -34.128 19.9 2.8 MW MEL
1996 07 02 1042 150.626 -34.495 14.2 1.9 MW MEL
1996 08 30 1635 150.478 -34.139 18.8 2.2 MW MEL
1996 12 07 1120 150.375 -34.327 13.0 2.0 MW MEL
1997 01 06 0953 151.096 -34.037 5.5 2.2 MW MEL
1997 03 03 2356 150.385 -34.057 13.3 2.2 MW MEL
1997 03 29 0252 150.269 -34.189 8.6 1.8 MW MEL
1997 04 07 0546 150.475 -33.686 16.3 2.0 MW MEL
1997 04 14 0625 150.491 -34.518 8.0 2.0 MW MEL
1997 07 12 1319 150.206 -34.282 7.0 1.8 MW MEL
1997 07 13 1553 150.518 -33.726 10.6 2.0 MW MEL
1997 10 16 1326 150.479 -33.649 2.0 1.8 MW MEL
1997 10 27 2154 150.353 -34.199 15.3 2.1 MW MEL
1997 11 14 0914 150.462 -33.584 12.1 2.4 MW MEL
1997 12 16 1451 150.353 -33.822 15.0 2.3 MW MEL
1997 12 18 0059 150.549 -34.419 14.1 2.2 MW MEL
1998 04 10 0341 151.071 -34.042 5.3 1.8 MW MEL
1998 06 25 1201 150.517 -34.140 9.6 1.8 MW MEL
1998 08 01 1304 150.287 -34.228 11.0 2.0 MW MEL
1998 08 15 0741 150.550 -34.574 7.3 2.0 MW MEL
1998 08 29 1258 150.231 -34.462 7.0 2.2 MW MEL
1998 10 30 0203 150.771 -33.918 6.6 2.4 MW MEL
1998 11 08 2016 150.324 -34.487 14.3 2.2 MW MEL
1998 11 18 0527 150.663 -34.512 13.7 2.1 MW MEL
1998 11 19 0801 150.567 -34.469 16.2 2.1 MW MEL
1998 12 28 1002 150.334 -34.013 7.0 2.0 MW MEL
1999 01 09 1801 150.503 -34.138 10.0 1.8 MW MEL
1999 05 17 2054 150.437 -33.707 15.4 2.1 MW MEL
1999 08 06 0636 150.203 -34.644 10.0 1.9 MW MEL
1999 08 12 1638 150.452 -33.689 3.4 2.0 MW MEL
1999 08 24 0622 150.439 -33.983 0.0 2.0 MW MEL
1999 09 29 0042 150.492 -34.523 7.0 2.7 MW MEL
1999 10 11 2024 150.459 -33.521 11.5 2.5 MW MEL
1999 10 18 0307 150.352 -34.162 16.3 2.3 MW MEL
1999 11 02 0245 150.613 -33.886 0.0 2.2 MW MEL
1999 12 03 1903 150.340 -33.829 16.9 2.1 MW MEL
1999 12 18 0750 150.263 -34.687 10.0 2.1 MW MEL
2000 01 08 0954 150.359 -33.756 10.0 2.0 MW MEL
2000 01 31 1828 150.515 -34.494 10.0 1.9 MW MEL
2000 04 28 1441 150.858 -34.340 6.6 2.1 MW MEL
2000 05 15 1011 150.567 -33.798 12.8 2.0 MW MEL
2000 07 17 0714 150.643 -34.664 10.0 1.7 MW MEL
2000 08 14 2254 150.417 -34.080 15.0 1.8 MW MEL
2000 09 06 2319 150.822 -34.342 11.1 2.3 MW MEL
2000 10 08 0352 150.936 -33.920 19.9 2.7 MW MEL
2000 10 21 1655 150.453 -34.044 10.0 1.9 MW MEL
2000 10 27 1740 150.770 -34.471 15.2 2.5 MW MEL
2000 11 06 0321 150.326 -34.161 9.1 2.0 MW MEL
2000 12 12 1344 150.743 -34.232 2.1 1.8 MW MEL
2001 06 01 0044 150.485 -34.463 7.0 2.0 MW MEL
2001 06 26 1015 150.266 -34.201 14.8 2.3 MW MEL
2002 01 07 0051 150.707 -34.220 3.8 2.1 MW MEL
2002 03 03 0223 150.389 -34.023 10.0 2.0 MW MEL
2002 06 23 0359 150.585 -33.636 10.0 2.3 MW MEL
2003 02 10 2046 150.303 -34.329 10.0 2.1 MW MEL
2003 04 30 0250 150.789 -34.153 15.3 1.9 MW MEL
2003 06 25 0247 150.511 -34.695 2.8 1.9 MW MEL
2003 11 08 0453 150.258 -34.205 9.8 2.1 MW MEL
2004 02 17 1734 150.474 -34.291 10.0 2.0 MW MEL
2004 03 26 2011 150.756 -33.949 13.2 2.5 MW MEL
2004 04 12 1720 150.436 -34.054 10.0 2.1 MW MEL
2004 08 10 1030 150.539 -34.324 3.0 2.1 MW MEL
2004 08 30 2008 150.479 -34.507 10.0 2.5 MW MEL
2004 12 02 0844 150.462 -33.910 8.7 2.4 MW MEL
2004 12 29 0548 150.730 -33.933 9.6 2.9 MW AUST
2005 05 19 1330 150.729 -33.884 10.0 2.3 MW MEL
2005 08 16 1016 150.282 -34.467 5.0 2.0 MW MEL
2005 11 13 1854 150.247 -34.440 10.0 2.1 MW MEL
2005 11 25 1951 150.276 -34.467 5.6 2.4 MW MEL
2006 01 23 1055 150.547 -34.190 10.0 1.9 MW MEL
2006 02 02 0608 150.567 -34.337 10.0 2.1 MW MEL
2006 02 14 1957 150.753 -34.489 10.0 1.9 MW MEL
2006 03 04 1240 150.665 -33.916 2.0 2.3 MW AUST
2006 03 04 1242 150.778 -34.004 4.4 2.1 MW MEL
2006 04 29 2107 150.528 -33.749 12.4 2.3 MW MEL
2006 06 05 1125 150.495 -34.525 4.2 2.1 MW MEL
2006 11 06 1424 150.370 -33.820 8.3 1.9 MW MEL
2006 11 10 0122 150.468 -33.559 6.0 2.7 MW MEL
2006 11 18 1804 150.282 -34.086 5.0 2.4 MW MEL
2006 12 22 2153 150.448 -34.004 8.8 2.3 MW MEL
2007 02 11 0614 150.232 -34.191 6.6 2.3 MW MEL
2007 02 19 0043 150.754 -34.217 6.9 2.1 MW MEL
2007 04 12 2327 150.465 -33.572 10.0 2.2 MW MEL
2007 06 12 1615 150.767 -33.906 10.0 2.1 MW MEL
2007 09 02 1015 150.424 -33.738 14.7 2.2 MW MEL
2007 09 03 1811 150.391 -34.164 7.9 2.4 MW MEL
2008 01 21 1829 150.574 -34.414 10.0 2.3 MW MEL
2008 01 29 0142 150.411 -33.889 10.0 2.1 MW MEL
2008 02 09 0105 151.064 -33.917 7.0 2.8 MW MEL
2008 02 10 1253 150.519 -33.266 7.2 2.9 MW MEL
2008 04 07 1516 150.691 -33.839 11.5 2.4 MW MEL
2008 06 12 0712 150.594 -33.383 10.0 2.4 MW MEL
2008 08 30 1757 150.760 -34.180 6.2 2.3 MW MEL
2008 10 13 1059 150.402 -33.834 2.6 2.5 MW MEL
2008 12 22 0829 150.315 -34.027 10.0 2.1 MW MEL
2009 01 04 1753 150.378 -34.762 7.5 2.6 MW AUST
2009 01 18 1557 150.488 -34.065 9.7 2.4 MW AUST
2009 01 28 1259 150.413 -34.049 10.0 2.3 MW MEL
2009 05 02 1629 150.324 -35.218 10.0 2.1 MW MEL
2009 08 31 0813 150.340 -34.531 10.0 1.9 MW MEL
2009 10 09 1940 150.433 -34.043 10.0 2.0 MW MEL
2009 10 20 0427 150.345 -33.826 16.0 2.1 MW MEL
2010 01 11 0535 150.509 -34.530 10.0 2.1 MW MEL
2010 01 31 1758 150.357 -33.800 10.0 2.2 MW MEL
2010 02 23 2227 150.457 -33.287 10.0 2.7 MW MEL
2010 03 25 1737 150.756 -34.164 0.8 2.3 MW MEL
2010 07 28 1259 150.416 -35.239 0.6 2.5 MW AUST
