1873 12 15 0400 127.500 -26.250 0.0 6.1 MW E.T.
1963 02 26 1410 121.200 -22.200 18.0 5.4 MW MGO
1962 01 01 2329 125.700 -34.100 18.0 3.5 MW MGO
1969 01 24 1444 135.392 -35.681 24.1 3.5 MW ADE
1964 05 23 1633 136.705 -36.759 0.0 3.1 MW ADE
1969 02 17 0905 132.195 -33.485 3.4 3.7 MW ADE
1964 07 25 1456 135.186 -34.888 6.5 2.2 MW ADE
1965 10 04 0044 123.300 -28.100 18.0 3.3 MW MGO
1971 09 10 1634 127.280 -26.310 0.0 3.9 MW BMR
1965 12 09 0816 136.225 -36.279 0.0 2.7 MW ADE
1972 02 05 1620 125.610 -27.070 0.0 3.6 MW BMR
1967 07 25 0429 137.950 -37.650 10.0 2.6 MW ADE
1972 05 20 0347 124.600 -28.100 0.0 3.7 MW MGO
1967 11 21 1037 124.700 -28.600 18.0 2.6 MW MGO
1975 05 11 0046 122.770 -21.150 10.0 3.8 MW MGO
1977 05 15 1916 117.950 -35.000 10.0 3.9 MW MGO
1971 01 17 1128 128.680 -27.327 2.2 3.2 MW ADE
1977 08 17 2116 125.424 -29.797 0.0 3.9 MW ISC
1979 04 24 2314 129.160 -26.340 0.0 4.1 MW BMR
1971 09 18 1352 124.170 -28.260 0.0 3.0 MW BMR
1981 04 24 2103 129.100 -26.330 10.0 3.6 MW MGO
1982 11 10 0931 137.437 -37.945 17.6 3.8 MW ADE
1984 06 11 1321 122.780 -26.180 0.0 3.6 MW BMR
1972 05 30 2316 135.660 -35.259 11.9 3.3 MW ADE
1984 07 07 0439 126.659 -28.219 33.0 4.1 MW ISC
1977 10 24 1220 124.510 -23.860 0.0 3.1 MW MGO
1977 11 07 0517 136.936 -37.368 9.9 3.3 MW ADE
1978 01 28 0842 120.730 -26.800 0.0 3.1 MW MGO
1978 03 08 1757 120.470 -22.668 23.0 3.1 MW ISC
1978 05 31 1725 125.250 -32.760 10.0 3.0 MW MGO
1978 07 12 0900 122.490 -21.400 0.0 2.3 MW MGO
1978 11 23 1620 126.030 -25.890 0.0 2.8 MW MGO
1979 07 21 1728 120.940 -26.790 10.0 3.0 MW MGO
1980 10 02 0557 137.136 -37.036 22.9 3.0 MW ADE
1981 07 26 1324 127.060 -26.390 0.0 3.3 MW MGO
1981 09 20 0919 121.360 -24.640 10.0 2.5 MW MGO
1982 01 27 2312 125.390 -27.350 10.0 3.2 MW MGO
1982 03 13 1817 120.710 -23.360 10.0 3.1 MW MGO
1982 05 12 2243 117.930 -35.040 10.0 2.5 MW MGO
1982 05 26 1755 120.830 -22.240 10.0 3.4 MW MGO
1982 07 01 1720 127.220 -33.520 37.0 3.0 MW MGO
1983 01 09 1942 125.690 -33.680 10.0 2.7 MW MGO
1983 05 27 1340 134.939 -31.562 0.0 2.3 MW ADE
1983 10 02 1729 137.937 -37.781 13.8 3.0 MW ADE
1983 12 21 1819 124.190 -27.360 10.0 2.8 MW MGO
1984 01 03 0318 126.850 -26.320 10.0 3.4 MW MGO
1984 01 28 0625 121.020 -28.290 10.0 2.8 MW MGO
1984 02 03 1502 119.570 -34.370 10.0 3.2 MW MGO
1984 03 24 0735 122.430 -25.420 10.0 2.9 MW MGO
1984 03 30 1015 124.550 -27.140 10.0 3.3 MW MGO
1984 05 17 0412 123.060 -21.370 15.0 3.3 MW MGO
1984 09 22 2036 127.070 -26.420 10.0 3.0 MW MGO
1984 09 30 1819 120.690 -28.300 10.0 3.2 MW MGO
1984 12 13 1648 124.910 -26.250 10.0 3.3 MW MGO
1984 12 22 2259 124.320 -27.700 10.0 2.8 MW MGO
1985 07 02 2345 125.300 -27.700 10.0 3.4 MW MGO
1985 07 29 0713 124.260 -28.100 10.0 3.3 MW MGO
1985 12 08 1853 134.707 -34.600 0.0 2.7 MW ADE
1986 03 30 2020 120.850 -24.810 5.0 2.6 MW MGO
1986 06 05 1115 129.340 -28.238 29.9 3.3 MW ADE
1986 06 15 0233 125.930 -25.340 5.0 3.1 MW MGO
1986 09 04 1910 133.333 -33.619 21.9 3.4 MW ADE
1986 10 01 1319 126.240 -32.250 5.0 3.0 MW MGO
1986 10 14 1123 136.760 -36.432 36.1 2.7 MW ADE
1987 03 20 0000 137.244 -37.187 38.0 2.9 MW ADE
1987 06 03 1501 123.590 -35.180 5.0 3.0 MW MGO
1987 06 14 2155 136.187 -36.562 30.9 2.9 MW ADE
1987 10 12 0453 118.470 -34.910 5.0 3.3 MW MGO
1987 12 08 1443 140.775 -41.032 36.0 3.3 MW MEL
1987 12 13 1529 126.270 -29.610 5.0 3.2 MW MGO
1988 01 02 0706 136.560 -36.967 6.6 2.6 MW ADE
1988 04 09 0834 137.011 -37.105 10.0 2.9 MW ADE
1988 07 05 0900 123.070 -22.500 5.0 3.4 MW MGO
1988 08 20 0900 126.600 -24.960 5.0 2.9 MW MGO
1988 09 08 2117 132.363 -29.217 5.0 2.9 MW ADE
1988 11 04 0734 128.030 -29.940 5.0 3.2 MW MGO
1989 06 25 1441 128.194 -26.144 5.0 2.9 MW MGO
1989 07 27 0607 125.467 -26.092 5.0 3.2 MW MGO
1989 08 27 0927 122.599 -27.880 5.0 2.5 MW MGO
1989 11 29 0339 136.599 -36.233 27.6 2.7 MW ADE
1989 12 11 1617 135.304 -34.949 8.8 2.9 MW ADE
1989 12 22 0312 116.401 -35.882 5.0 3.3 MW MGO
1990 01 20 1853 122.896 -27.367 5.0 2.7 MW MGO
1990 02 07 0130 133.774 -34.352 35.7 2.7 MW ADE
1990 02 08 2221 134.063 -34.441 1.4 2.8 MW ADE
1990 03 05 1258 127.775 -26.262 3.0 3.1 MW MGO
1990 04 21 2136 127.301 -26.144 10.0 3.3 MW MGO
1990 07 22 1824 126.170 -26.901 5.0 2.6 MW MGO
1990 12 26 1004 125.305 -30.079 4.0 2.9 MW MGO
1991 02 13 0735 125.653 -29.775 1.0 3.1 MW MGO
1991 02 22 2201 117.688 -36.098 5.0 2.8 MW MGO
1991 03 15 0429 124.655 -29.360 1.0 3.2 MW MGO
1991 04 30 0513 145.400 -43.850 10.0 2.6 MW TAU
1991 05 22 0445 129.311 -34.495 5.0 2.9 MW MGO
1991 08 09 1859 123.667 -35.234 5.0 2.9 MW MGO
1991 09 10 1815 123.653 -35.141 5.0 2.9 MW MGO
1991 09 11 0408 118.851 -34.822 5.0 2.9 MW MGO
1991 09 21 1808 123.653 -35.298 34.0 3.0 MW MGO
1991 09 22 1701 117.831 -35.086 1.0 2.8 MW MGO
1991 10 21 1944 123.493 -35.208 5.0 3.1 MW MGO
1991 11 17 1504 123.395 -35.175 5.0 2.7 MW MGO
1991 12 17 0546 123.454 -35.194 5.0 2.9 MW MGO
1991 12 20 0110 128.873 -31.319 5.0 2.7 MW MGO
1992 02 27 1012 121.229 -23.947 5.0 2.6 MW MGO
1992 03 07 0529 123.681 -27.159 5.0 2.7 MW MGO
1992 03 07 2056 123.636 -35.221 5.0 2.9 MW MGO
1992 03 15 0631 124.663 -28.752 5.0 3.1 MW MGO
1992 03 21 2005 124.541 -27.346 5.0 2.9 MW MGO
1992 10 31 1107 123.624 -35.197 5.0 3.1 MW MGO
1993 01 11 1820 134.018 -34.640 12.8 3.0 MW ADE
1993 04 05 1754 127.593 -25.768 5.0 3.2 MW MGO
1993 06 14 1603 116.652 -35.452 5.0 2.4 MW MGO
1993 06 15 1405 124.859 -22.966 5.0 2.9 MW MGO
1993 09 24 2246 123.456 -35.194 5.0 2.9 MW MGO
1993 11 11 0207 144.133 -43.117 10.0 2.7 MW TAU
1993 11 30 0051 125.087 -29.892 5.0 3.3 MW MGO
1993 12 15 1903 124.131 -28.247 5.0 2.8 MW MGO
1994 02 10 0142 136.909 -36.512 15.5 2.9 MW ADE
1994 03 11 0942 120.332 -25.499 5.0 2.7 MW MGO
1994 04 05 0358 126.969 -32.551 5.0 2.9 MW MGO
1994 04 15 0558 125.455 -24.808 5.0 2.8 MW MGO
1994 06 02 1740 122.789 -26.710 5.0 2.7 MW MGO
1994 06 23 1355 117.634 -36.238 5.0 3.2 MW MGO
1994 06 26 0736 133.815 -33.605 13.3 3.3 MW ADE
1994 09 14 1604 133.399 -33.364 9.8 2.8 MW ADE
1994 09 23 2259 116.393 -35.701 5.0 2.7 MW MGO
1994 10 04 2149 137.129 -36.854 16.6 3.1 MW ADE
1994 10 19 2007 123.602 -35.208 5.0 3.4 MW MGO
1994 12 10 1702 118.519 -34.969 1.0 3.0 MW MGO
1995 01 03 1303 135.880 -35.438 3.7 2.5 MW ADE
1995 01 07 0330 126.620 -28.153 5.0 3.1 MW MGO
1995 03 28 0732 120.440 -27.696 5.0 3.1 MW MGO
1995 06 06 0450 119.395 -34.957 5.0 2.9 MW MGO
1995 06 17 2054 125.614 -29.884 5.0 2.8 MW MGO
1995 07 21 0609 135.133 -35.315 8.0 2.8 MW ADE
1996 07 09 0926 129.936 -26.990 5.0 3.3 MW MGO
1996 07 10 1432 135.666 -35.789 8.0 2.2 MW ADE
1996 08 18 1142 123.668 -35.210 5.0 3.2 MW AGSO
1996 08 28 2351 137.192 -36.795 25.0 2.5 MW ADE
1996 12 07 1443 120.464 -27.701 5.0 2.8 MW MGO
1997 02 21 0826 125.243 -27.411 5.0 3.1 MW MGO
1997 06 06 0617 125.812 -24.156 5.0 3.2 MW MGO
1997 09 11 1619 126.262 -30.968 5.0 3.2 MW MGO
1997 11 02 0718 129.606 -28.066 5.0 3.0 MW MGO
1997 11 20 0950 128.982 -26.271 5.0 3.0 MW MGO
1998 07 31 0046 125.694 -24.301 5.0 3.3 MW MGO
1998 11 23 0954 120.611 -26.420 5.0 2.9 MW MGO
1999 01 05 1734 123.039 -27.792 5.0 2.9 MW MGO
1999 02 22 2355 122.552 -22.334 5.0 2.9 MW MGO
1999 12 01 1525 126.590 -27.180 5.0 3.3 MW MGO
1999 12 18 0701 124.840 -26.260 5.0 2.9 MW MGO
1999 12 22 1741 125.640 -33.190 5.0 2.9 MW MGO
2000 01 10 2057 124.082 -28.554 10.0 3.2 MW ISC
2000 02 29 0327 120.110 -23.530 5.0 3.0 MW MGO
2000 04 03 1109 134.790 -35.087 14.1 3.2 MW ADE
2000 04 21 1152 134.389 -35.382 7.9 3.2 MW ADE
2000 06 05 1504 131.850 -29.544 10.0 2.9 MW ADE
2000 08 11 0401 121.788 -34.639 0.0 3.1 MW AGSO
2000 11 11 2200 126.172 -27.637 2.0 3.4 MW ISC
2000 12 13 0634 134.903 -35.751 10.0 2.9 MW ADE
2001 01 10 1003 126.635 -27.890 0.0 3.1 MW ISC
2001 01 19 0700 122.425 -28.258 11.0 3.1 MW AGSO
2001 08 18 0205 122.548 -33.568 0.0 3.2 MW AUST
2001 09 06 1843 135.860 -35.413 8.7 3.1 MW ADE
2001 09 08 1031 133.529 -34.272 7.2 3.2 MW ADE
2001 10 13 0507 129.014 -30.501 12.6 3.1 MW AUST
2001 12 07 2138 123.695 -35.240 10.0 3.1 MW AUST
2002 03 17 0109 125.388 -27.539 5.0 3.4 MW AUST
2002 04 15 0930 120.350 -28.084 5.0 2.4 MW AUST
2002 06 25 0900 133.623 -33.529 10.1 3.0 MW ADE
2002 08 05 1151 125.115 -29.136 5.0 2.7 MW AUST
2002 09 29 0613 125.579 -29.576 10.0 2.9 MW AUST
2002 12 06 0833 144.680 -43.194 10.0 3.0 MW MEL
2003 04 25 2102 125.630 -33.199 0.0 2.9 MW AUST
2003 05 27 1023 135.607 -35.217 8.8 3.3 MW ADE
2003 07 01 1247 136.517 -36.297 25.1 2.5 MW ADE
2003 07 18 1319 119.609 -34.372 5.0 3.1 MW AUST
2003 10 26 0132 134.311 -34.944 1.2 2.9 MW ADE
2004 09 15 1623 125.035 -29.645 12.0 3.1 MW AUST
2005 02 16 1826 131.537 -31.461 9.2 3.1 MW ADE
2005 03 14 1126 131.719 -34.143 10.9 3.1 MW ADE
2006 01 05 0844 136.315 -36.512 0.1 2.7 MW ADE
2006 03 01 1220 136.798 -36.754 10.0 2.6 MW ADE
2006 05 01 0459 124.340 -23.140 10.0 2.7 MW AUST
2006 11 28 2151 123.951 -28.561 9.0 3.3 MW AUST
2007 03 08 1212 124.327 -27.993 10.0 2.9 MW AUST
2007 08 12 1410 136.733 -36.437 1.8 2.5 MW ADE
2007 08 24 2306 136.466 -36.042 10.9 2.8 MW ADE
2007 10 13 0545 136.895 -36.650 5.7 2.6 MW ADE
2008 02 02 0549 136.657 -36.342 10.0 2.6 MW ADE
2008 03 20 0515 126.017 -23.696 0.0 3.2 MW AUST
2008 04 19 2006 134.507 -34.454 13.5 2.7 MW ADE
2008 05 01 1352 124.316 -28.028 8.0 3.1 MW AUST
2009 01 14 2257 133.172 -29.228 12.5 3.2 MW ADE
2009 04 07 0728 135.769 -35.351 9.9 3.0 MW ADE
2009 12 13 1236 137.157 -36.677 12.0 2.7 MW ADE
2010 01 02 1300 136.763 -36.449 22.3 3.1 MW ADE
2010 06 09 1541 123.256 -22.166 0.1 3.4 MW AUST
2010 07 17 1624 123.154 -34.823 13.5 2.9 MW AUST
