1965 10 04 0044 123.300 -28.100 18.0 4.1 ML MGO
1968 07 04 0648 117.100 -20.800 18.0 4.8 mb MGO
1971 09 13 2158 117.560 -20.190 0.0 4.4 mb BMR
1972 01 29 0410 124.500 -21.000 0.0 3.8 ML MGO
1972 04 20 0929 118.200 -23.330 0.0 4.1 mb BMR
1974 02 16 2042 117.620 -27.160 nan 4.0 mb MGO
1975 03 07 2013 126.580 -25.860 nan 4.9 mb MGO
1975 05 11 0046 122.770 -21.150 10.0 4.6 ML MGO
1977 05 15 1916 117.950 -35.000 10.0 4.5 ML MGO
1977 06 02 1337 117.950 -35.000 nan 4.0 ML MGO
1977 10 24 1220 124.510 -23.860 0.0 3.6 ML MGO
1980 12 24 0626 116.670 -34.690 nan 3.2 ML MGO
1982 03 13 1817 120.710 -23.360 10.0 3.0 ML MGO
1984 02 03 1502 119.570 -34.370 10.0 3.3 ML MGO
1984 03 24 0735 122.430 -25.420 10.0 3.2 ML MGO
1984 05 17 0412 123.060 -21.370 15.0 3.6 ML MGO
1984 06 11 1321 122.780 -26.180 0.0 4.2 ML BMR
1984 06 11 1331 122.510 -26.280 10.0 3.3 ML MGO
1984 09 30 1819 120.690 -28.300 10.0 3.2 ML MGO
1985 03 22 0023 125.570 -22.840 10.0 4.0 ML MGO
1985 08 10 0724 121.456 -30.783 0.0 3.3 ML MGO
1986 10 02 0343 121.426 -30.771 5.0 3.0 ML MGO
1986 12 18 0658 116.820 -27.830 5.0 4.3 ML MGO
1987 05 02 2349 121.428 -30.710 5.0 3.5 ML MGO
1987 08 19 1621 128.619 -24.455 0.0 3.4 ML BMR
1987 10 09 0358 121.262 -30.913 16.0 4.5 ML MGO
1987 10 12 0453 118.470 -34.910 5.0 3.2 ML MGO
1987 10 21 1832 121.294 -30.939 5.0 3.3 ML MGO
1987 10 22 2113 121.252 -30.935 5.0 3.6 ML MGO
1987 12 20 1211 121.083 -30.483 5.0 3.8 ML MGO
1988 05 08 1553 124.730 -22.830 5.0 3.5 ML MGO
1988 05 26 1704 116.910 -27.900 5.0 3.0 ML MGO
1988 07 05 0900 123.070 -22.500 5.0 3.3 ML MGO
1988 11 23 2007 122.990 -27.433 5.0 3.6 ML BMR
1988 12 25 1001 117.730 -27.420 5.0 3.0 ML MGO
1989 03 03 0051 121.570 -21.690 5.0 3.0 ML MGO
1989 10 12 0403 122.916 -27.686 5.0 3.5 ML MGO
1990 07 17 0513 121.477 -30.769 1.0 3.2 ML MGO
1991 03 09 0136 121.423 -30.761 11.0 4.2 ML MGO
1991 04 09 1400 116.993 -20.647 5.0 3.4 ML MGO
1991 04 10 0606 121.416 -30.717 5.0 3.1 ML MGO
1993 01 28 2046 116.865 -27.890 5.0 3.1 ML MGO
1993 04 05 1754 127.593 -25.768 5.0 3.0 ML MGO
1993 05 28 1503 121.806 -28.218 1.0 3.6 ML MGO
1994 03 23 1150 117.714 -20.292 5.0 3.7 ML MGO
1995 06 04 2036 125.796 -24.119 5.0 3.7 ML MGO
1996 06 01 0715 121.468 -30.743 1.0 3.1 ML MGO
1996 12 03 0755 119.749 -32.004 1.0 3.1 ML MGO
1997 06 06 0617 125.812 -24.156 5.0 3.0 ML MGO
1998 03 13 0657 122.182 -31.465 5.0 3.7 ML MGO
1998 03 22 1753 122.164 -31.516 5.0 4.0 ML MGO
1998 06 27 0701 121.605 -30.815 5.0 3.5 ML MGO
1998 07 31 0046 125.694 -24.301 5.0 3.2 ML MGO
1998 10 14 2226 121.320 -31.033 5.0 3.6 ML MGO
1999 03 06 1530 118.213 -23.589 10.0 3.6 ML ISC
1999 11 09 0505 121.390 -28.820 5.0 3.6 ML MGO
1999 12 31 0459 119.780 -32.110 1.0 3.0 ML MGO
2001 02 02 0322 122.410 -20.915 20.0 3.1 ML AGSO
2001 03 08 1049 120.326 -31.457 10.0 4.1 ML ISC
2002 07 18 0423 119.872 -32.195 10.0 4.0 M? MEL
2002 07 24 2048 121.243 -30.382 10.0 3.2 ML AUST
2002 08 02 1343 121.207 -30.917 3.0 3.8 ML AUST
2003 02 04 0753 116.974 -20.752 5.0 3.5 ML AUST
2003 07 03 0536 120.149 -25.795 21.8 3.6 ML AUST
2003 08 15 0541 122.647 -28.608 0.0 3.1 ML IDC
2004 05 31 2232 121.760 -31.326 0.0 3.7 ML AUST
2004 07 18 1417 116.900 -20.800 nan 3.0 MD GG
2005 01 27 1717 119.236 -31.416 5.4 3.5 ML AUST
2006 07 04 1608 121.526 -30.779 7.0 3.2 ML AUST
2007 09 28 0840 120.660 -23.150 0.0 3.1 ML IDC
2008 03 20 0515 126.017 -23.696 0.0 3.0 ML AUST
2008 07 02 0240 121.473 -30.739 0.0 3.3 ML AUST
2009 04 07 2126 121.461 -30.785 0.0 3.1 ML AUST
2009 04 28 1906 121.553 -30.644 3.0 3.1 ML AUST
2010 04 20 0017 121.770 -30.745 10.0 4.9 mb ISC
2010 06 09 1541 123.256 -22.166 0.0 3.3 ML AUST
2011 02 24 0226 120.084 -26.564 10.0 3.0 ML AUST
2011 05 20 2003 119.504 -23.567 10.0 4.5 mb ISC
2011 07 27 0402 121.529 -30.573 nan 3.3 ML AUST
2011 08 18 0942 116.250 -21.177 0.0 3.1 ML AUST
2012 09 26 1737 121.072 -30.996 10.0 3.0 ML AUST
2012 10 07 0320 120.630 -27.768 0.0 3.2 ML AUST
2013 01 05 0232 120.611 -27.808 0.0 3.0 ML AUST
2013 03 03 2136 119.276 -32.375 1.0 3.4 ML AUST
2013 03 08 2159 122.228 -21.738 10.0 3.4 ML AUST
2013 08 02 1746 121.413 -26.146 10.0 3.0 ML AUST
2013 08 17 2144 121.210 -28.123 10.0 3.0 ML AUST
2013 09 30 2114 121.498 -31.898 12.0 3.7 ML AUST
2013 10 30 2225 120.746 -27.786 0.0 3.7 ML AUST
2013 12 16 1838 125.154 -21.811 15.0 3.2 ML AUST
2014 02 26 0000 121.187 -30.679 0.0 4.6 ML AUST
2014 04 04 1303 121.176 -30.723 0.0 3.0 ML AUST
2014 05 13 1351 122.339 -28.327 9.0 3.0 ML AUST
2014 07 29 0650 123.863 -26.105 10.0 3.5 ML AUST
2014 10 31 1915 121.232 -30.815 10.0 4.2 ML AUST
2015 02 13 2215 121.532 -30.627 13.0 3.3 ML AUST
2015 04 26 2242 121.234 -30.760 15.0 3.1 ML AUST
2015 10 13 2219 121.356 -30.771 10.0 3.0 ML SRC
2016 03 11 0148 121.576 -26.102 10.0 3.0 ML AUST
2016 04 25 2030 121.233 -30.650 10.0 3.1 ML AUST
