1964 01 21 2150 140.226 -32.071 5.8 2.4 MW ADE
1966 09 14 1725 141.643 -31.895 12.2 3.2 MW ADE
1977 09 28 1918 139.309 -32.273 9.7 3.6 MW ADE
1965 06 20 1325 139.183 -32.428 16.9 2.3 MW ADE
1968 02 28 1501 139.657 -32.063 12.3 3.0 MW ADE
1969 01 26 1648 140.887 -32.271 16.3 3.4 MW ADE
1965 09 21 2324 139.200 -32.250 1.0 2.0 MW ADE
1973 09 13 0257 139.447 -32.907 3.0 3.3 MW ADE
1974 10 16 1638 142.280 -31.440 0.0 3.1 MW BMR
1966 11 11 1004 139.516 -33.150 24.5 2.3 MW ADE
1975 03 15 1620 139.692 -33.055 0.0 3.4 MW ADE
1966 11 18 2337 140.104 -32.001 4.4 2.9 MW ADE
1966 12 05 1707 139.178 -33.225 26.2 2.4 MW ADE
1980 01 06 1803 139.211 -33.209 1.3 3.0 MW ADE
1967 04 13 0301 139.235 -32.950 0.0 2.0 MW ADE
1985 08 26 2259 141.932 -30.644 38.0 3.2 MW ADE
1985 09 22 0947 141.518 -30.337 30.0 3.4 MW BMR
1969 09 19 1154 140.022 -32.076 1.4 2.7 MW ADE
1969 09 30 1519 139.557 -32.851 0.1 2.4 MW ADE
1969 10 11 1749 139.851 -32.638 8.3 2.4 MW ADE
1969 11 30 0741 139.229 -32.214 11.6 2.5 MW ADE
1969 11 30 0902 139.347 -32.765 2.3 2.9 MW ADE
1970 09 06 0200 139.458 -33.225 7.3 2.5 MW ADE
1971 10 08 1547 139.485 -32.545 10.4 2.6 MW ADE
1972 02 24 0948 139.201 -32.318 7.6 2.3 MW ADE
1972 04 09 0358 139.792 -32.035 5.0 2.8 MW ADE
1972 04 25 1812 139.264 -33.015 6.2 2.2 MW ADE
1972 06 11 2237 139.273 -33.158 8.4 2.8 MW ADE
1972 07 14 1423 139.844 -31.970 1.9 2.5 MW ADE
1973 07 17 1554 139.639 -32.929 15.7 2.2 MW ADE
1973 08 08 2009 140.591 -32.592 1.3 2.7 MW ADE
1973 12 16 0851 139.239 -32.110 6.5 2.9 MW ADE
1974 03 21 1915 139.287 -33.410 0.0 2.7 MW ADE
1974 07 31 1414 139.187 -32.909 11.0 2.4 MW ADE
1975 03 03 1010 139.620 -32.250 10.0 2.6 MW ADE
1976 06 20 0555 139.261 -32.621 9.1 2.5 MW ADE
1977 06 09 1817 139.256 -32.322 4.0 2.9 MW ADE
1978 03 07 1926 139.588 -33.050 32.5 2.2 MW ADE
1978 09 26 1809 139.376 -33.285 2.9 2.0 MW ADE
1979 04 29 1728 141.096 -32.287 8.5 2.8 MW ADE
1979 06 06 1330 141.517 -31.890 13.0 2.3 MW ADE
1979 07 14 2111 139.426 -33.057 5.5 2.9 MW ADE
1979 08 09 2020 139.423 -32.303 0.0 2.5 MW ADE
1979 09 09 2007 139.289 -33.411 4.1 2.2 MW ADE
1979 09 27 0314 139.189 -33.296 18.0 2.0 MW ADE
1979 10 08 0828 139.208 -33.212 0.6 2.9 MW ADE
1979 12 09 1129 139.304 -33.403 4.5 1.9 MW ADE
1979 12 10 1512 139.225 -33.377 2.3 2.3 MW ADE
1979 12 21 1527 139.231 -33.328 18.5 2.0 MW ADE
1980 03 03 2159 139.438 -32.242 16.3 2.5 MW ADE
1980 05 16 0804 139.652 -32.898 16.8 2.0 MW ADE
1980 08 11 1456 139.389 -33.182 17.9 2.0 MW ADE
1980 09 17 0827 141.316 -32.196 7.1 2.8 MW ADE
1980 09 17 2251 139.442 -33.243 16.7 1.9 MW ADE
1980 12 17 2339 140.632 -32.451 0.8 2.6 MW ADE
1981 03 19 2332 139.638 -32.963 18.6 2.5 MW ADE
1981 05 27 1538 139.164 -33.233 0.0 2.3 MW ADE
1981 09 15 2238 139.162 -32.909 28.4 1.9 MW ADE
1981 11 12 1506 139.262 -32.201 5.1 2.5 MW ADE
1981 12 24 2337 139.280 -32.961 37.3 1.9 MW ADE
1981 12 26 0405 139.129 -32.902 0.5 2.7 MW ADE
1982 06 16 1430 139.773 -32.656 4.8 2.1 MW ADE
1982 06 23 1008 139.211 -33.397 17.4 2.1 MW ADE
1982 10 02 0617 139.546 -32.809 10.9 2.1 MW ADE
1982 10 03 1302 139.132 -33.154 26.6 2.1 MW ADE
1982 10 27 1336 141.536 -31.921 2.9 2.7 MW ADE
1983 02 08 2246 139.118 -32.977 15.7 2.0 MW ADE
1983 02 23 1529 141.642 -31.931 14.8 2.7 MW ADE
1983 03 01 1546 141.595 -32.107 12.7 2.6 MW ADE
1983 04 22 0545 141.812 -31.850 5.8 2.5 MW ADE
1983 07 14 2201 139.523 -32.888 26.4 2.2 MW ADE
1983 10 13 0746 139.210 -33.272 22.1 2.0 MW ADE
1983 10 29 0903 139.296 -33.295 20.3 2.3 MW ADE
1983 10 30 1013 139.264 -33.205 0.0 2.3 MW ADE
1983 10 31 0843 139.434 -32.617 16.6 2.1 MW ADE
1983 11 14 0000 139.095 -32.558 21.2 2.1 MW ADE
1984 01 12 2241 139.354 -33.234 1.7 2.6 MW ADE
1984 02 03 2202 139.242 -33.291 1.3 2.3 MW ADE
1984 04 07 0754 139.297 -33.211 3.8 2.7 MW ADE
1984 04 18 1239 139.241 -33.252 0.0 2.3 MW ADE
1984 04 20 1805 139.192 -33.284 7.9 2.3 MW ADE
1984 05 21 1222 141.541 -31.906 0.0 2.6 MW ADE
1984 05 22 2101 139.217 -33.248 2.1 2.6 MW ADE
1984 06 10 2152 141.577 -30.698 27.7 2.6 MW ADE
1984 08 06 1132 139.159 -33.256 9.7 2.6 MW ADE
1984 12 21 1650 139.247 -33.358 16.3 2.2 MW ADE
1985 01 26 0257 139.202 -33.246 6.0 2.1 MW ADE
1985 11 26 1122 139.272 -32.540 21.6 2.1 MW ADE
1986 02 13 0650 139.111 -32.725 22.0 2.4 MW ADE
1986 10 11 0328 139.494 -33.108 23.4 2.1 MW ADE
1986 12 04 1140 139.086 -32.394 25.8 2.7 MW ADE
1987 02 28 0853 139.474 -32.861 34.5 2.1 MW ADE
1987 05 27 0228 139.326 -32.685 4.6 2.2 MW ADE
1987 08 14 1126 139.194 -32.245 2.1 2.1 MW ADE
1988 01 25 0903 139.184 -32.171 15.4 1.9 MW ADE
1988 02 07 1336 141.516 -31.877 16.7 2.4 MW ADE
1988 06 06 0804 140.229 -32.181 19.3 2.1 MW ADE
1988 09 04 1346 139.797 -32.000 10.0 1.9 MW ADE
1988 10 16 1857 139.283 -33.266 17.1 2.5 MW ADE
1989 02 20 0150 139.356 -33.010 5.5 2.4 MW ADE
1989 06 13 0328 139.275 -33.366 22.7 2.5 MW ADE
1989 11 01 2012 139.323 -32.234 12.2 2.1 MW ADE
1990 01 25 1405 139.587 -32.802 16.5 2.1 MW ADE
1990 05 28 0748 139.273 -33.267 5.7 2.3 MW ADE
1990 08 16 1544 139.231 -33.344 14.6 2.0 MW ADE
1991 01 28 1513 139.225 -33.281 15.2 2.2 MW ADE
1991 03 01 0430 141.530 -31.738 0.5 2.4 MW ADE
1991 03 26 0323 139.230 -33.275 3.6 2.5 MW ADE
1991 10 15 2127 141.356 -31.853 2.2 2.6 MW ADE
1991 12 21 1442 139.141 -32.660 10.4 2.7 MW ADE
1992 01 04 2330 139.211 -33.308 8.3 2.8 MW ADE
1992 01 22 0753 140.029 -32.592 11.3 2.7 MW ADE
1992 01 29 2214 139.249 -32.392 1.0 2.0 MW ADE
1992 02 12 1301 139.137 -33.214 7.2 2.7 MW ADE
1992 06 14 0016 139.796 -32.410 5.7 2.3 MW ADE
1993 01 22 2026 141.627 -31.972 11.9 2.4 MW ADE
1993 04 02 1213 139.306 -33.490 15.7 2.1 MW ADE
1993 05 19 1412 141.484 -32.095 10.5 2.5 MW ADE
1993 05 26 1923 141.831 -30.503 5.0 2.5 MW AUST
1994 02 20 1250 139.580 -32.227 15.5 2.5 MW ADE
1994 07 15 0632 139.603 -33.189 16.0 2.1 MW ADE
1994 10 07 1419 139.292 -33.475 7.4 2.1 MW ADE
1994 10 13 2208 141.689 -31.886 4.8 2.5 MW ADE
1995 10 06 2129 140.608 -32.533 9.7 2.0 MW ADE
1995 11 29 0345 139.271 -33.277 19.9 2.1 MW ADE
1996 05 18 2331 139.414 -33.091 10.0 2.2 MW ADE
1996 08 22 0906 140.552 -32.409 8.4 2.3 MW ADE
1997 06 25 0714 139.445 -32.940 6.5 2.1 MW ADE
1997 11 24 2120 140.297 -32.415 10.0 2.1 MW ADE
1998 01 08 1057 139.133 -32.684 2.3 2.4 MW ADE
1998 08 10 2350 139.182 -32.626 3.8 2.5 MW ADE
1999 07 13 1357 139.263 -32.525 9.7 2.3 MW ADE
1999 11 09 0920 139.141 -32.745 1.6 2.6 MW ADE
2000 07 01 0049 141.653 -31.747 9.2 2.7 MW ADE
2000 07 05 0645 141.400 -31.900 0.0 2.2 MW AUST
2001 02 17 1312 139.352 -32.510 10.1 2.3 MW ADE
2001 05 07 2021 139.237 -32.961 15.9 2.4 MW ADE
2001 12 12 1317 142.200 -31.790 1.7 2.6 MW ADE
2001 12 21 0944 139.322 -33.193 2.7 2.3 MW ADE
2002 02 07 0428 139.255 -33.368 6.1 2.3 MW ADE
2002 03 01 2041 139.671 -32.162 12.5 2.2 MW ADE
2002 08 26 0121 139.387 -32.964 11.4 2.3 MW ADE
2002 08 29 2345 139.254 -33.265 10.7 2.2 MW ADE
2003 04 25 0146 140.726 -32.357 11.3 2.7 MW ADE
2004 07 21 1555 141.489 -31.721 14.8 2.9 MW ADE
2005 02 26 2229 139.995 -32.913 8.3 2.8 MW ADE
2005 03 07 1135 141.626 -31.903 13.9 2.7 MW ADE
2005 08 06 0946 139.401 -32.929 7.1 2.3 MW ADE
2005 08 12 0928 139.112 -32.711 6.6 2.1 MW ADE
2005 09 08 0347 139.583 -32.514 4.6 2.4 MW ADE
2005 12 08 2019 141.123 -32.004 1.5 2.4 MW ADE
2006 07 06 1622 139.314 -33.259 2.8 2.5 MW ADE
2007 10 22 1652 141.773 -32.031 10.0 2.6 MW ADE
2008 06 15 0102 139.236 -33.192 2.1 2.3 MW ADE
2008 07 07 0658 139.276 -33.216 6.1 2.7 MW ADE
2008 12 21 1157 139.203 -33.298 11.1 2.1 MW ADE
2009 01 31 2054 140.831 -32.515 11.1 2.6 MW ADE
2009 02 13 1755 139.160 -33.212 7.5 2.1 MW ADE
2009 02 14 0259 139.259 -33.354 8.7 2.2 MW ADE
2009 06 10 1159 139.246 -32.400 0.6 2.1 MW ADE
