1973 01 25 1601 146.530 -34.720 0.0 3.7 ML CAN
1976 08 23 1914 146.470 -35.300 4.0 3.8 ML BMR
1982 03 13 2128 146.650 -33.900 0.0 3.3 ML CAN
1982 05 20 0736 147.237 -33.965 2.0 3.6 ML BMR
1982 09 25 1611 147.210 -33.950 12.0 3.3 ML CAN
1982 11 24 0707 147.235 -33.931 12.7 3.6 ML MEL
1982 11 30 0207 147.270 -33.930 13.0 3.1 ML CAN
1983 04 08 1001 146.960 -34.360 19.0 3.0 ML CAN
1983 04 15 0604 147.170 -33.970 12.0 3.2 ML CAN
1983 04 26 0905 146.800 -33.060 0.0 3.2 ML CAN
1983 08 12 0742 147.500 -32.300 0.0 3.3 ML CAN
1985 09 18 0605 147.270 -33.900 15.0 3.2 ML CAN
1989 01 05 2048 147.171 -33.842 5.4 3.9 ML MEL
1989 05 13 0217 147.000 -30.362 15.0 3.0 ML BMR
1989 10 14 0146 147.239 -33.932 0.0 3.1 ML BMR
1994 07 09 1430 144.997 -31.996 6.3 4.2 ML MEL
1995 01 14 0223 145.980 -30.815 10.0 3.6 ML MEL
1998 08 11 1825 144.432 -32.258 16.2 4.2 ML MEL
1998 08 17 0058 144.420 -32.090 0.0 3.0 ML AGSO
1998 10 21 0000 147.111 -34.048 3.6 3.1 ML MEL
1999 03 14 0013 147.070 -34.009 12.2 4.4 ML MEL
2001 03 13 1235 147.173 -33.923 3.6 3.3 ML MEL
2002 03 01 0559 146.980 -32.290 0.0 3.2 ML IDC
2005 01 18 1009 147.191 -33.845 13.0 3.7 ML AUST
2005 07 11 2019 144.777 -31.253 9.0 3.0 ML AUST
2007 08 12 1524 144.649 -32.448 10.0 3.5 ML MEL
2008 06 09 0137 146.881 -30.167 10.0 3.7 ML AUST
2014 02 27 0149 147.204 -33.850 0.0 3.2 ML AUST
2014 03 01 0513 147.003 -33.835 10.0 3.0 ML MEL
