1866 12 29 0400 142.600 -11.700 10.0 2.0 MW Qld Met
1873 12 15 0400 127.500 -26.250 0.0 6.1 MW E.T.
1924 12 09 1153 143.400 -10.200 10.0 5.1 MW ISS
1894 07 16 1245 143.500 -18.300 0.0 3.5 MW Rynn
1907 11 10 0000 142.100 -10.600 10.0 3.7 MW Rynn
1925 05 04 1128 140.000 -16.000 nan 4.5 MW ISS
1946 04 19 2113 114.500 -33.500 nan 5.0 MW MGO
1928 05 14 0246 144.000 -15.000 nan 4.6 MW ISS
1920 04 02 0105 143.400 -10.200 10.0 3.5 MW ISS
1921 03 16 1136 138.000 -13.000 10.0 3.9 MW ISS
1912 12 24 1600 142.500 -11.500 10.0 2.0 MW Rynn
1924 05 07 0017 140.000 -16.000 nan 3.8 MW ISS
1923 08 29 0000 143.300 -12.000 nan 2.8 MW BRS
1964 03 09 1135 121.500 -30.800 18.0 4.3 MW MGO
1958 07 07 1706 144.000 -15.400 5.0 3.8 MW BRS
1959 10 03 1207 114.500 -34.500 18.0 3.6 MW Doyle
1932 08 05 0400 142.500 -10.600 10.0 1.9 MW BRS
1938 02 02 1900 139.500 -16.500 10.0 2.0 MW BRS
1961 06 12 1800 114.500 -34.200 18.0 3.5 MW MGO
1961 02 27 1628 144.000 -16.500 10.0 3.0 MW BRS
1938 03 01 1900 139.500 -16.500 nan 2.6 MW BRS
1962 02 16 1216 144.000 -14.000 5.0 3.5 MW BRS
1962 01 01 2329 125.700 -34.100 18.0 3.2 MW MGO
1968 03 12 2124 143.100 -15.200 0.0 3.6 MW BRS
1965 10 04 0044 123.300 -28.100 18.0 3.3 MW MGO
1961 08 28 1029 116.200 -27.500 18.0 2.7 MW MGO
1969 02 17 0905 132.195 -33.485 3.4 3.5 MW ADE
1963 06 15 1945 114.900 -34.500 nan 2.3 MW MGO
1969 01 24 1444 135.392 -35.681 24.1 3.2 MW ADE
1963 11 16 0034 116.200 -36.000 nan 2.4 MW MGO
1965 07 14 2307 117.300 -26.600 18.0 2.4 MW MGO
1966 04 26 0329 121.600 -31.400 nan 2.4 MW MGO
1966 05 10 1012 118.700 -27.100 0.0 1.8 MW MGO
1966 06 09 1946 115.000 -33.700 nan 2.8 MW MGO
1967 11 21 1037 124.700 -28.600 18.0 2.4 MW MGO
1972 01 08 1705 121.530 -30.820 1.0 3.3 MW BMR
1967 12 14 1417 124.100 -29.000 18.0 2.3 MW MGO
1967 12 29 1824 144.003 -15.900 3.0 2.9 MW BRS
1972 02 05 1620 125.610 -27.070 0.0 3.4 MW BMR
1968 02 01 1855 120.800 -30.800 nan 2.3 MW MGO
1972 04 08 0751 126.800 -23.140 0.0 3.3 MW BMR
1968 06 06 1931 123.800 -30.700 nan 1.8 MW MGO
1973 01 26 0441 138.350 -25.510 0.0 3.3 MW BMR
1973 01 28 1203 135.787 -32.160 21.0 3.3 MW ISC
1973 07 24 1117 126.533 -22.009 10.0 3.4 MW ISC
1969 11 01 0740 115.150 -31.090 nan 2.0 MW MGO
1971 01 17 1128 128.680 -27.327 2.2 2.8 MW ADE
1974 09 26 1638 128.130 -17.240 nan 3.4 MW MGO
1971 03 30 0818 137.159 -31.372 0.5 1.6 MW ADE
1971 09 17 2213 144.000 -16.600 10.0 2.9 MW BRS
1971 09 18 1352 124.170 -28.260 0.0 2.6 MW BMR
1971 09 28 0424 116.980 -22.750 0.0 2.6 MW BMR
1975 05 11 0046 122.770 -21.150 10.0 3.4 MW MGO
1972 01 16 0343 124.000 -31.000 0.0 2.9 MW MGO
1972 01 25 1737 117.100 -29.850 0.0 2.6 MW MGO
1975 08 05 1127 127.420 -16.450 nan 3.4 MW MGO
1972 01 29 0410 124.500 -21.000 0.0 2.7 MW MGO
1972 03 10 2250 144.000 -16.900 15.0 2.7 MW BRS
1976 11 19 1937 137.547 -25.838 8.1 3.4 MW ADE
1977 01 10 0834 115.100 -29.500 nan 3.3 MW MGO
1977 04 08 1657 137.460 -25.925 13.7 3.3 MW ADE
1972 05 28 1359 128.600 -16.500 0.0 2.8 MW MGO
1977 05 18 0611 126.700 -17.500 nan 3.0 MW MGO
1977 07 27 2109 128.560 -16.987 33.0 3.2 MW ISC
1977 08 15 0210 118.538 -26.530 -0.5 3.2 MW BMR
1973 01 07 1818 128.550 -16.600 10.0 2.3 MW MGO
1977 12 26 1740 123.700 -30.600 nan 3.1 MW MGO
1978 03 23 0235 131.000 -22.980 10.0 3.1 MW BMR
1973 03 25 0612 116.790 -29.550 10.0 2.5 MW MGO
1978 06 29 1906 126.498 -22.043 19.0 3.3 MW ISC
1973 04 25 1527 128.200 -16.300 10.0 2.1 MW MGO
1978 08 05 1208 130.770 -23.230 0.0 3.1 MW BMR
1973 05 11 2320 128.500 -16.600 10.0 1.7 MW MGO
1973 05 30 0854 128.200 -16.700 10.0 2.2 MW MGO
1978 10 27 1718 126.406 -22.068 19.0 3.1 MW ISC
1973 09 24 2029 128.600 -16.600 10.0 2.3 MW MGO
1973 10 15 0649 136.198 -25.792 38.1 2.8 MW ADE
1974 03 08 1200 128.500 -17.200 nan 2.5 MW MGO
1978 12 24 2343 126.500 -21.960 0.0 3.2 MW MGO
1979 06 18 2015 123.925 -29.643 0.0 3.3 MW ISC
1974 05 08 0149 128.700 -16.200 nan 2.0 MW MGO
1974 07 14 1132 128.700 -16.200 nan 1.8 MW MGO
1979 11 05 0942 127.300 -16.450 0.0 3.0 MW MGO
1974 08 01 1815 129.000 -16.200 nan 1.2 MW MGO
1974 08 07 1651 128.900 -16.100 nan 2.0 MW MGO
1974 09 07 0800 128.500 -16.600 nan 1.9 MW MGO
1974 09 15 0451 128.600 -16.300 nan 1.7 MW MGO
1974 09 21 1605 128.900 -16.600 nan 2.1 MW MGO
1974 11 06 0843 136.772 -24.900 7.5 2.5 MW ADE
1975 01 06 0900 128.900 -16.180 nan 2.7 MW MGO
1975 02 20 1703 128.800 -16.200 nan 1.7 MW MGO
1975 03 30 0210 129.500 -16.200 nan 2.7 MW MGO
1975 04 13 1038 128.700 -16.050 nan 2.1 MW MGO
1975 04 18 1445 128.640 -16.040 nan 2.6 MW MGO
1975 05 06 0149 128.800 -16.600 nan 1.9 MW MGO
1975 05 06 0657 128.800 -16.600 nan 1.9 MW MGO
1975 08 19 1404 143.500 -18.200 nan 2.9 MW BRS
1975 09 19 1404 143.500 -18.200 0.0 2.9 MW AUST
1975 10 10 0620 128.300 -16.500 nan 2.3 MW MGO
1976 03 28 0735 127.600 -17.000 nan 2.4 MW MGO
1976 03 29 0126 127.700 -16.900 nan 2.5 MW MGO
1976 04 12 1524 128.100 -16.400 nan 2.1 MW MGO
1976 05 21 0543 128.250 -16.450 nan 2.4 MW MGO
1976 06 11 0427 125.250 -18.670 nan 2.9 MW MGO
1976 09 14 1415 128.000 -16.400 nan 2.0 MW MGO
1976 09 27 0217 128.688 -16.719 5.0 1.9 MW ISC
1976 10 10 1218 128.420 -16.560 nan 2.3 MW MGO
1976 12 04 2027 128.100 -17.100 nan 2.7 MW MGO
1977 02 26 0549 128.360 -16.500 nan 2.5 MW MGO
1977 03 11 0228 134.749 -29.236 4.6 2.7 MW ADE
1977 04 06 0122 129.050 -16.530 nan 2.2 MW MGO
1977 05 16 2127 122.900 -28.000 nan 2.4 MW MGO
1977 10 24 1220 124.510 -23.860 0.0 2.7 MW MGO
1977 11 30 0719 137.041 -31.496 0.0 1.5 MW ADE
1978 01 01 1836 136.245 -32.209 21.4 1.9 MW ADE
1978 01 28 0842 120.730 -26.800 0.0 2.6 MW MGO
1978 02 07 2143 126.481 -21.949 35.0 2.8 MW ISC
1978 02 13 0614 128.660 -16.500 nan 2.4 MW MGO
1978 03 06 0159 127.260 -17.980 9.0 2.3 MW MGO
1978 03 18 0614 128.780 -16.050 nan 2.1 MW MGO
1978 04 03 1539 126.000 -27.300 nan 2.0 MW MGO
1978 04 16 1047 134.000 -23.500 0.0 2.2 MW BMR
1978 05 31 1725 125.250 -32.760 10.0 2.6 MW MGO
1978 06 09 1231 115.200 -33.930 5.0 2.6 MW MGO
1978 07 12 0900 122.490 -21.400 0.0 2.1 MW MGO
1978 07 15 1204 128.800 -17.600 nan 2.4 MW MGO
1978 08 02 2019 130.230 -16.660 nan 2.6 MW MGO
1978 08 31 0128 136.375 -30.939 17.7 2.7 MW ADE
1978 11 03 0132 135.332 -32.692 11.4 1.7 MW ADE
1978 11 12 0909 128.440 -12.570 0.0 2.5 MW AUST
1978 11 23 1620 126.030 -25.890 0.0 2.4 MW MGO
1978 11 27 0422 128.930 -14.320 0.0 2.6 MW AUST
1978 11 28 1146 124.570 -30.140 15.0 2.5 MW MGO
1978 12 25 1340 128.200 -15.660 0.0 2.3 MW MGO
1979 03 17 0345 137.192 -25.128 26.4 2.6 MW ADE
1979 03 26 0014 126.070 -16.350 nan 2.7 MW MGO
1979 03 31 0445 127.030 -18.040 nan 2.9 MW MGO
1979 04 25 0511 137.167 -31.690 10.0 1.4 MW ADE
1979 05 23 1056 129.590 -15.350 0.0 2.5 MW BMR
1979 06 26 1913 124.190 -31.790 10.0 2.2 MW MGO
1979 07 16 2242 137.219 -31.659 20.0 1.3 MW ADE
1979 07 21 1728 120.940 -26.790 10.0 2.6 MW MGO
1979 07 25 1906 121.720 -32.260 10.0 2.6 MW MGO
1979 08 09 0617 114.410 -33.520 nan 2.2 MW MGO
1979 08 16 0112 136.103 -29.661 13.5 2.5 MW ADE
1979 08 17 0806 126.590 -21.890 19.0 2.6 MW MGO
1979 08 20 1554 124.520 -32.300 10.0 2.6 MW MGO
1979 09 30 0641 137.151 -31.675 5.4 1.4 MW ADE
1979 10 02 0705 137.132 -31.698 5.6 1.7 MW ADE
1979 10 06 0651 116.260 -29.550 nan 2.2 MW MGO
1979 10 19 0812 137.185 -31.664 15.4 1.7 MW ADE
1979 10 20 2353 136.967 -31.503 0.0 1.8 MW ADE
1979 10 26 0256 128.570 -16.460 nan 2.9 MW MGO
1979 11 10 0927 137.190 -31.671 11.6 1.4 MW ADE
1979 11 15 0005 137.139 -31.701 5.9 1.3 MW ADE
1979 12 01 0803 137.325 -31.581 29.4 1.8 MW ADE
1980 01 28 0227 117.310 -29.590 37.0 2.0 MW MGO
1980 02 18 1247 128.480 -15.850 nan 1.6 MW MGO
1980 03 18 0546 127.550 -17.620 10.0 2.4 MW MGO
1980 03 24 2133 137.160 -31.677 1.6 1.4 MW ADE
1980 06 03 1401 127.840 -21.260 0.0 2.8 MW BMR
1980 06 07 0515 130.260 -22.100 0.0 2.6 MW BMR
1980 07 04 1811 122.820 -28.620 10.0 2.2 MW MGO
1980 07 14 0117 128.650 -16.240 10.0 1.8 MW MGO
1980 07 16 0655 128.650 -16.240 nan 2.0 MW MGO
1980 07 19 0515 128.630 -16.530 nan 2.2 MW MGO
1980 07 26 0641 128.370 -16.880 19.0 2.6 MW MGO
1980 08 01 1824 128.710 -16.440 37.0 2.6 MW MGO
1980 08 02 0531 124.820 -29.410 nan 2.6 MW MGO
1980 08 11 0020 116.510 -29.850 nan 2.3 MW MGO
1980 11 18 0549 143.200 -18.200 nan 2.8 MW BRS
1980 11 29 1338 125.040 -18.190 37.0 2.5 MW MGO
1980 12 05 0841 128.370 -16.650 nan 2.6 MW MGO
1981 01 09 2033 120.960 -30.880 nan 2.4 MW MGO
1981 04 16 1913 121.460 -33.100 10.0 2.9 MW MGO
1981 05 06 1835 123.320 -19.230 10.0 2.5 MW MGO
1981 06 28 0823 126.500 -17.880 17.0 2.7 MW MGO
1981 07 03 1739 128.760 -16.530 10.0 2.8 MW MGO
1981 07 04 1710 115.880 -29.550 10.0 1.9 MW MGO
1981 09 12 1320 124.090 -30.880 37.0 2.6 MW MGO
1981 09 20 0919 121.360 -24.640 10.0 2.0 MW MGO
1981 10 25 1032 130.130 -25.050 10.0 2.7 MW BMR
1981 11 01 1546 117.267 -26.490 33.0 2.9 MW ISC
1981 11 06 2051 127.360 -17.610 10.0 2.4 MW MGO
1981 11 11 0559 128.710 -16.020 10.0 2.4 MW MGO
1981 12 06 1255 128.730 -16.820 10.0 2.8 MW MGO
1981 12 12 2338 128.860 -17.020 10.0 2.3 MW MGO
1981 12 15 0043 125.120 -19.400 0.0 2.8 MW ISC
1982 01 13 0837 127.910 -15.770 10.0 2.1 MW MGO
1982 02 08 1423 123.433 -12.627 37.0 2.6 MW ISC
1982 02 14 1119 126.600 -22.000 10.0 2.5 MW MGO
1982 03 13 1817 120.710 -23.360 10.0 2.6 MW MGO
1982 05 21 1603 119.490 -31.460 10.0 2.0 MW MGO
1982 06 23 1139 126.600 -22.000 10.0 2.5 MW MGO
1982 07 01 1720 127.220 -33.520 37.0 2.6 MW MGO
1982 07 04 0705 131.010 -26.470 10.0 2.7 MW MGO
1982 08 04 2200 117.310 -29.280 10.0 2.7 MW MGO
1982 12 03 1514 134.995 -29.231 25.9 1.7 MW ADE
1982 12 14 1254 126.390 -22.000 10.0 2.6 MW MGO
1983 01 09 1942 125.690 -33.680 10.0 2.2 MW MGO
1983 01 12 0201 137.054 -31.390 14.6 1.5 MW ADE
1983 02 01 1500 126.270 -21.760 10.0 2.7 MW MGO
1983 02 03 1745 137.612 -25.946 9.0 2.7 MW ADE
1983 02 08 1945 121.360 -30.740 0.0 2.7 MW MGO
1983 02 26 0659 121.360 -30.740 0.0 2.7 MW MGO
1983 03 10 0104 128.680 -16.530 10.0 2.0 MW MGO
1983 03 12 0400 117.240 -26.770 10.0 2.7 MW MGO
1983 03 14 0329 128.597 -16.676 10.0 2.8 MW ISC
1983 04 06 1939 124.080 -29.200 10.0 2.0 MW MGO
1983 04 11 0508 126.420 -21.940 37.0 2.2 MW MGO
1983 05 04 0115 124.560 -29.590 10.0 2.6 MW MGO
1983 05 04 0703 117.420 -26.320 10.0 2.1 MW MGO
1983 05 27 1340 134.939 -31.562 0.0 1.7 MW ADE
1983 07 06 1941 122.290 -32.650 10.0 2.7 MW MGO
1983 07 11 0539 137.114 -31.465 17.9 1.4 MW ADE
1983 07 25 1503 122.850 -28.540 10.0 2.3 MW MGO
1983 08 08 0311 137.161 -31.438 17.3 1.7 MW ADE
1983 08 09 0757 128.530 -16.560 10.0 1.9 MW MGO
1983 09 08 1846 126.220 -16.940 10.0 2.5 MW MGO
1983 09 14 2051 130.320 -11.290 10.0 2.7 MW AUST
1983 09 23 2234 137.167 -31.688 5.6 1.4 MW ADE
1983 09 25 0516 126.270 -21.800 37.0 2.5 MW MGO
1983 09 26 1219 131.440 -26.920 10.0 2.7 MW MGO
1983 10 04 0012 130.250 -24.140 10.0 2.8 MW MGO
1983 11 21 0304 138.099 -25.749 0.0 2.7 MW BMR
1983 12 21 1819 124.190 -27.360 10.0 2.3 MW MGO
1983 12 25 0306 120.090 -33.480 10.0 2.6 MW MGO
1984 01 01 1839 114.000 -33.000 10.0 2.1 MW MGO
1984 01 04 1618 126.860 -15.670 10.0 2.6 MW MGO
1984 01 09 0829 130.920 -26.170 0.0 2.9 MW BMR
1984 01 11 1048 138.715 -26.758 30.3 2.9 MW ADE
1984 01 15 2145 116.500 -29.820 10.0 2.2 MW MGO
1984 01 16 0225 133.400 -22.100 0.0 2.7 MW BMR
1984 01 18 0120 115.620 -29.160 10.0 2.1 MW MGO
1984 01 28 0625 121.020 -28.290 10.0 2.2 MW MGO
1984 01 31 0501 115.510 -29.480 10.0 1.9 MW MGO
1984 02 03 1502 119.570 -34.370 10.0 2.9 MW MGO
1984 02 09 1643 130.150 -25.410 10.0 2.2 MW MGO
1984 03 12 0524 133.200 -11.800 nan 2.7 MW AUST
1984 03 24 0735 122.430 -25.420 10.0 2.5 MW MGO
1984 03 27 0726 116.500 -29.820 10.0 2.0 MW MGO
1984 03 30 1015 124.550 -27.140 10.0 2.9 MW MGO
1984 04 12 2046 129.883 -21.512 18.0 2.9 MW ISC
1984 04 18 1220 132.190 -21.260 0.0 2.5 MW BMR
1984 04 23 1359 126.040 -21.120 10.0 2.4 MW MGO
1984 04 24 0911 135.600 -12.400 nan 2.4 MW AUST
1984 05 17 0412 123.060 -21.370 15.0 2.9 MW MGO
1984 06 09 0704 121.530 -30.750 0.0 2.5 MW MGO
1984 07 20 0150 128.580 -16.500 10.0 2.0 MW MGO
1984 07 25 1156 129.700 -21.000 nan 2.3 MW BMR
1984 08 19 0618 137.124 -31.340 12.6 1.5 MW ADE
1984 08 23 0729 137.102 -31.425 4.7 1.7 MW ADE
1984 08 25 0626 137.089 -31.455 0.3 1.6 MW ADE
1984 08 29 0732 137.199 -31.370 0.0 1.9 MW ADE
1984 09 03 1205 128.720 -16.420 10.0 2.2 MW MGO
1984 09 06 0734 137.165 -31.433 21.2 1.7 MW ADE
1984 09 10 0154 123.250 -20.090 10.0 2.7 MW MGO
1984 09 10 0751 123.550 -31.590 10.0 2.9 MW MGO
1984 09 15 0731 137.139 -31.457 19.8 1.7 MW ADE
1984 09 15 1623 130.860 -26.050 0.0 2.8 MW BMR
1984 09 21 2020 129.560 -16.100 10.0 1.9 MW MGO
1984 09 22 2036 127.070 -26.420 10.0 2.6 MW MGO
1984 09 30 1819 120.690 -28.300 10.0 2.7 MW MGO
1984 10 01 1547 126.830 -18.760 10.0 2.9 MW MGO
1984 10 15 0032 128.790 -16.490 10.0 2.1 MW MGO
1984 10 16 1357 131.630 -10.350 10.0 2.8 MW AUST
1984 12 13 1648 124.910 -26.250 10.0 2.9 MW MGO
1984 12 15 1050 129.460 -23.550 10.0 2.3 MW MGO
1984 12 22 2259 124.320 -27.700 10.0 2.3 MW MGO
1984 12 28 2148 125.810 -19.270 10.0 2.7 MW MGO
1985 01 14 2116 128.480 -16.490 10.0 1.9 MW MGO
1985 03 03 1104 126.590 -18.270 10.0 2.8 MW MGO
1985 04 01 2058 126.450 -22.100 10.0 2.3 MW MGO
1985 06 01 2353 130.530 -27.020 10.0 2.3 MW MGO
1985 06 05 0341 122.430 -32.650 10.0 2.8 MW MGO
1985 06 19 0149 115.360 -29.150 10.0 1.9 MW MGO
1985 06 30 2321 131.900 -25.560 10.0 2.7 MW MGO
1985 07 10 0824 132.000 -25.500 nan 2.8 MW BMR
1985 07 29 0713 124.260 -28.100 10.0 2.9 MW MGO
1985 08 06 1842 137.010 -25.120 0.0 2.5 MW AUST
1985 08 06 1843 137.200 -24.800 nan 2.5 MW BMR
1985 08 10 0724 121.456 -30.783 0.0 1.8 MW MGO
1985 08 31 0750 121.438 -30.757 0.0 2.4 MW MGO
1985 09 10 0336 115.850 -29.290 10.0 2.0 MW MGO
1985 09 13 2116 127.970 -17.750 10.0 2.6 MW MGO
1985 09 22 0557 129.230 -16.440 10.0 2.3 MW MGO
1985 10 16 0915 128.630 -15.760 5.0 1.7 MW MGO
1985 12 08 1853 134.707 -34.600 0.0 2.1 MW ADE
1985 12 18 1902 128.520 -16.260 10.0 2.3 MW MGO
1986 01 09 1454 129.350 -24.430 5.0 2.5 MW MGO
1986 02 16 2131 128.160 -16.650 5.0 2.3 MW MGO
1986 02 17 1116 129.410 -24.530 5.0 2.4 MW MGO
1986 03 04 0701 128.460 -16.580 5.0 2.1 MW MGO
1986 03 30 2020 120.850 -24.810 5.0 2.0 MW MGO
1986 04 14 0633 126.270 -21.760 5.0 2.7 MW MGO
1986 04 16 0601 123.480 -20.450 5.0 2.9 MW MGO
1986 04 24 0823 127.880 -18.090 5.0 2.7 MW MGO
1986 05 09 0836 121.038 -31.109 5.0 2.4 MW MGO
1986 06 05 1115 129.340 -28.238 29.9 2.9 MW ADE
1986 06 15 0233 125.930 -25.340 5.0 2.7 MW MGO
1986 06 16 0442 129.360 -21.200 5.0 2.6 MW MGO
1986 06 27 0013 140.195 -25.515 5.0 2.6 MW SA
1986 06 27 0130 140.195 -25.515 4.8 2.6 MW ADE
1986 07 09 1137 129.440 -20.840 5.0 2.4 MW MGO
1986 07 11 0613 130.555 -25.699 0.0 2.5 MW BMR
1986 07 20 0125 126.460 -21.980 5.0 2.8 MW MGO
1986 08 08 1414 121.012 -31.087 5.0 2.3 MW MGO
1986 08 11 1515 121.089 -31.168 5.0 2.3 MW MGO
1986 09 06 1041 119.050 -22.730 5.0 2.8 MW MGO
1986 10 01 1141 114.980 -32.680 5.0 2.0 MW MGO
1986 10 01 1319 126.240 -32.250 5.0 2.6 MW MGO
1986 10 18 0405 118.580 -28.630 5.0 2.0 MW MGO
1986 10 23 0239 137.196 -31.454 30.6 1.4 MW ADE
1986 10 27 1708 128.220 -23.110 5.0 2.6 MW MGO
1986 11 07 2153 139.860 -24.796 17.5 2.5 MW ADE
1986 11 23 1043 128.700 -16.530 5.0 2.3 MW MGO
1986 12 19 0606 130.800 -22.700 0.0 2.1 MW BMR
1986 12 31 0713 131.000 -22.800 0.0 2.3 MW BMR
1987 01 23 2140 128.560 -16.590 5.0 2.1 MW MGO
1987 02 04 0742 136.779 -30.616 14.8 1.5 MW ADE
1987 02 24 0810 122.220 -32.510 5.0 2.7 MW MGO
1987 04 10 1211 121.094 -31.170 5.0 2.2 MW MGO
1987 04 19 2241 122.260 -32.610 5.0 2.8 MW MGO
1987 05 08 1335 122.220 -32.510 5.0 2.7 MW MGO
1987 05 11 0311 135.820 -13.760 0.0 2.4 MW AUST
1987 05 11 0921 116.060 -29.510 5.0 2.1 MW MGO
1987 05 13 0645 131.430 -16.530 5.0 2.5 MW BMR
1987 06 03 1501 123.590 -35.180 5.0 2.6 MW MGO
1987 06 08 0355 127.039 -21.994 5.0 2.3 MW BMR
1987 06 14 2155 136.187 -36.562 30.9 2.5 MW ADE
1987 07 15 0606 136.060 -13.550 0.0 2.2 MW AUST
1987 07 24 0019 129.663 -22.573 25.0 2.7 MW BMR
1987 08 19 1621 128.619 -24.455 0.0 2.9 MW BMR
1987 08 21 0939 122.370 -32.660 5.0 2.7 MW MGO
1987 09 26 0437 130.230 -19.500 5.0 2.2 MW BMR
1987 10 05 0219 116.200 -29.770 5.0 1.9 MW MGO
1987 11 01 1527 126.600 -22.080 5.0 2.8 MW MGO
1987 11 02 2111 137.170 -23.150 9.0 2.4 MW AUST
1987 11 15 1227 122.220 -32.510 5.0 2.8 MW MGO
1987 12 13 1529 126.270 -29.610 5.0 2.8 MW MGO
1988 01 06 0656 128.460 -17.040 5.0 2.5 MW MGO
1988 01 09 1613 126.690 -17.670 5.0 2.9 MW MGO
1988 01 18 0302 122.220 -32.510 5.0 2.6 MW MGO
1988 03 12 1359 128.829 -16.640 5.0 2.8 MW BMR
1988 04 09 0658 138.740 -28.153 36.1 2.1 MW ADE
1988 05 26 1704 116.910 -27.900 5.0 2.8 MW MGO
1988 06 22 0631 140.128 -26.514 0.0 2.5 MW BMR
1988 07 24 2103 126.070 -21.630 5.0 2.8 MW MGO
1988 08 13 1920 126.320 -22.080 5.0 2.8 MW MGO
1988 08 20 0900 126.600 -24.960 5.0 2.5 MW MGO
1988 08 20 0935 119.540 -31.390 5.0 2.0 MW MGO
1988 09 08 2117 132.363 -29.217 5.0 2.4 MW ADE
1988 10 09 0315 119.480 -28.360 12.0 2.5 MW MGO
1988 10 16 0937 119.460 -31.160 5.0 2.3 MW MGO
1988 10 16 1113 131.592 -25.530 5.0 2.4 MW BMR
1988 10 31 0900 137.164 -31.540 12.8 1.4 MW ADE
1988 11 04 0734 128.030 -29.940 5.0 2.8 MW MGO
1988 11 08 0749 137.132 -31.486 12.3 1.4 MW ADE
1988 12 18 0409 123.790 -28.940 5.0 2.8 MW MGO
1988 12 25 1001 117.730 -27.420 5.0 2.8 MW MGO
1989 01 07 0403 119.660 -31.840 6.0 2.2 MW MGO
1989 01 11 0937 119.660 -31.840 5.0 2.0 MW MGO
1989 01 19 1508 128.590 -16.870 5.0 2.5 MW MGO
1989 03 07 1706 124.750 -30.720 5.0 2.5 MW MGO
1989 03 13 1457 135.608 -32.055 1.7 1.9 MW ADE
1989 03 17 0928 121.780 -27.780 5.0 2.6 MW MGO
1989 04 02 0856 137.178 -31.539 17.4 1.4 MW ADE
1989 04 05 0201 136.941 -31.499 0.8 1.5 MW ADE
1989 04 11 0524 137.141 -31.590 2.3 1.4 MW ADE
1989 04 18 0931 121.695 -27.695 5.0 2.3 MW MGO
1989 05 15 1547 124.140 -30.470 5.0 2.4 MW MGO
1989 05 17 0527 137.063 -31.612 7.8 1.7 MW ADE
1989 05 24 1634 122.790 -32.750 5.0 2.2 MW MGO
1989 05 26 0500 137.041 -31.609 12.4 1.5 MW ADE
1989 06 06 0507 127.736 -18.368 5.0 2.4 MW MGO
1989 06 09 0349 137.207 -31.575 12.2 1.3 MW ADE
1989 06 09 1833 121.407 -30.755 12.0 2.4 MW MGO
1989 06 21 0934 117.015 -29.746 5.0 2.1 MW MGO
1989 06 22 2205 130.260 -25.360 5.0 2.5 MW MGO
1989 06 25 1441 128.194 -26.144 5.0 2.4 MW MGO
1989 06 28 0913 135.852 -29.360 12.4 2.2 MW ADE
1989 06 28 1711 122.316 -32.552 7.0 2.6 MW MGO
1989 07 03 0936 117.130 -29.675 5.0 2.0 MW MGO
1989 07 04 2229 114.581 -33.953 5.0 2.0 MW MGO
1989 07 12 0106 137.097 -31.579 8.0 1.5 MW ADE
1989 07 17 2152 137.174 -31.588 6.5 1.2 MW ADE
1989 07 26 0755 117.668 -27.401 0.0 2.5 MW MGO
1989 07 27 0607 125.467 -26.092 5.0 2.8 MW MGO
1989 07 29 0640 126.635 -21.967 4.0 2.3 MW MGO
1989 07 30 0703 137.189 -31.526 11.6 1.2 MW ADE
1989 07 30 1351 136.537 -30.572 6.3 1.9 MW ADE
1989 08 10 1545 124.696 -29.952 5.0 2.9 MW MGO
1989 08 14 0758 128.620 -16.560 5.0 2.2 MW MGO
1989 08 17 0918 122.568 -28.881 5.0 2.0 MW MGO
1989 08 27 0927 122.599 -27.880 5.0 2.0 MW MGO
1989 09 04 0811 128.784 -16.457 5.0 2.0 MW MGO
1989 09 21 0953 118.453 -25.315 5.0 2.1 MW MGO
1989 10 02 1156 116.260 -28.970 5.0 2.1 MW MGO
1989 11 13 1940 136.815 -25.969 10.0 2.3 MW ADE
1989 11 27 1705 116.320 -29.781 1.0 2.1 MW MGO
1989 11 30 2030 127.126 -16.785 5.0 2.2 MW MGO
1989 12 09 1609 141.090 -22.200 5.0 2.7 MW AGSO
1990 01 20 1853 122.896 -27.367 5.0 2.2 MW MGO
1990 02 07 0130 133.774 -34.352 35.7 2.1 MW ADE
1990 02 08 2221 134.063 -34.441 1.4 2.3 MW ADE
1990 02 14 0203 119.819 -32.216 5.0 1.9 MW MGO
1990 02 14 1350 137.633 -26.313 13.5 2.9 MW ADE
1990 02 20 1418 128.532 -16.713 10.0 2.9 MW ISC
1990 03 03 0631 138.177 -25.859 8.4 2.8 MW ADE
1990 03 05 1258 127.775 -26.262 3.0 2.7 MW MGO
1990 03 05 1520 115.122 -34.410 5.0 2.0 MW MGO
1990 03 12 0730 124.700 -19.220 5.0 2.0 MW MGO
1990 03 24 1545 137.799 -25.945 5.8 2.2 MW ADE
1990 03 28 0713 121.485 -30.760 1.0 2.7 MW MGO
1990 04 13 1722 136.920 -19.844 5.0 2.6 MW AUST
1990 04 21 2136 127.301 -26.144 10.0 2.9 MW MGO
1990 07 10 1445 126.545 -21.906 5.0 2.3 MW MGO
1990 07 22 1824 126.170 -26.901 5.0 2.1 MW MGO
1990 08 18 1947 118.529 -26.271 49.0 2.5 MW MGO
1990 09 03 1703 123.510 -31.180 9.0 2.5 MW MGO
1990 09 28 0421 123.620 -30.030 5.0 2.1 MW MGO
1990 11 06 0911 122.970 -29.180 5.0 2.1 MW MGO
1990 11 25 2146 126.400 -21.730 5.0 2.8 MW MGO
1990 11 27 1849 128.440 -16.680 2.0 2.4 MW MGO
1990 11 28 1812 118.100 -25.400 2.0 2.1 MW MGO
1990 12 03 0446 135.800 -26.100 5.0 2.4 MW BMR
1990 12 15 1734 128.650 -16.542 5.0 2.1 MW MGO
1990 12 26 1004 125.305 -30.079 4.0 2.5 MW MGO
1991 01 07 1141 121.333 -30.722 1.0 2.2 MW MGO
1991 02 02 2342 119.397 -30.092 4.0 2.4 MW MGO
1991 02 06 0302 128.580 -16.680 5.0 2.3 MW MGO
1991 02 13 0735 125.653 -29.775 1.0 2.7 MW MGO
1991 02 22 2201 117.688 -36.098 5.0 2.3 MW MGO
1991 02 27 1317 136.035 -31.337 10.0 1.6 MW ADE
1991 03 07 0809 117.186 -29.589 1.0 2.0 MW MGO
1991 03 15 0429 124.655 -29.360 1.0 2.8 MW MGO
1991 03 23 1513 132.097 -26.446 10.0 2.5 MW ADE
1991 04 10 0606 121.416 -30.717 5.0 2.9 MW MGO
1991 04 18 0450 132.807 -26.447 10.0 2.8 MW ADE
1991 04 26 0359 119.441 -31.289 5.0 2.1 MW MGO
1991 05 02 0556 115.886 -33.738 2.0 2.5 MW MGO
1991 05 06 0709 131.000 -13.910 5.0 2.8 MW AUST
1991 05 21 0212 125.486 -15.455 5.0 2.8 MW MGO
1991 05 22 0445 129.311 -34.495 5.0 2.4 MW MGO
1991 07 11 1642 119.749 -32.784 1.0 2.0 MW MGO
1991 07 20 0207 121.538 -30.998 5.0 2.5 MW MGO
1991 08 04 0655 119.594 -31.778 23.0 1.8 MW MGO
1991 08 09 1859 123.667 -35.234 5.0 2.5 MW MGO
1991 08 17 0008 115.699 -29.127 5.0 2.7 MW MGO
1991 09 10 1815 123.653 -35.141 5.0 2.5 MW MGO
1991 09 21 1808 123.653 -35.298 34.0 2.5 MW MGO
1991 10 08 1429 126.463 -22.099 5.0 2.1 MW MGO
1991 10 11 1209 117.010 -29.787 5.0 1.8 MW MGO
1991 10 21 1944 123.493 -35.208 5.0 2.6 MW MGO
1991 10 25 2330 136.613 -31.050 2.2 2.4 MW ADE
1991 11 17 1504 123.395 -35.175 5.0 2.2 MW MGO
1991 12 09 0721 113.461 -33.366 5.0 2.1 MW MGO
1991 12 17 0546 123.454 -35.194 5.0 2.5 MW MGO
1991 12 20 0110 128.873 -31.319 5.0 2.2 MW MGO
1991 12 21 0631 121.464 -31.129 5.0 2.1 MW MGO
1991 12 22 1601 128.547 -16.383 5.0 2.6 MW MGO
1991 12 24 2006 126.197 -17.289 5.0 2.4 MW MGO
1992 01 07 0631 123.374 -30.496 37.0 2.9 MW MGO
1992 01 15 2059 119.385 -33.725 5.0 2.3 MW MGO
1992 01 18 0249 126.708 -19.856 5.0 2.8 MW MGO
1992 02 22 0417 127.305 -23.016 5.0 2.5 MW MGO
1992 02 27 1012 121.229 -23.947 5.0 2.1 MW MGO
1992 03 07 0529 123.681 -27.159 5.0 2.2 MW MGO
1992 03 07 2056 123.636 -35.221 5.0 2.5 MW MGO
1992 03 15 0631 124.663 -28.752 5.0 2.6 MW MGO
1992 03 21 2005 124.541 -27.346 5.0 2.4 MW MGO
1992 04 26 0821 129.720 -24.800 5.0 2.8 MW ISC
1992 05 14 0132 122.210 -32.309 5.0 2.7 MW MGO
1992 05 14 0146 122.221 -32.477 5.0 2.3 MW MGO
1992 06 14 1528 129.200 -21.450 10.0 2.9 MW ISC
1992 07 08 0142 116.506 -29.773 5.0 1.7 MW MGO
1992 07 12 1746 123.066 -19.903 5.0 2.8 MW MGO
1992 07 16 0349 126.407 -21.747 1.0 2.6 MW MGO
1992 07 27 0940 129.286 -24.284 5.0 2.8 MW MGO
1992 08 02 1751 117.858 -23.771 5.0 1.9 MW MGO
1992 08 10 0024 136.387 -25.822 5.0 2.6 MW AUST
1992 08 20 1845 130.075 -23.693 5.0 2.5 MW AUST
1992 08 21 1131 137.671 -25.888 5.0 2.5 MW AUST
1992 08 23 1104 131.065 -25.927 5.0 2.4 MW AUST
1992 08 23 1718 130.663 -25.346 6.0 2.1 MW AUST
1992 08 26 1452 137.692 -25.836 5.0 2.3 MW AUST
1992 08 29 0431 115.878 -33.856 5.0 2.2 MW MGO
1992 09 06 0639 122.425 -32.497 5.0 2.0 MW MGO
1992 09 15 1559 126.584 -21.832 5.0 2.5 MW MGO
1992 10 11 1546 126.694 -21.912 5.0 2.8 MW MGO
1992 10 31 1107 123.624 -35.197 5.0 2.6 MW MGO
1992 12 02 1138 125.960 -32.066 5.0 2.6 MW MGO
1992 12 20 1934 117.753 -29.938 5.0 2.1 MW MGO
1992 12 21 2021 121.520 -31.025 5.0 2.4 MW MGO
1992 12 25 1100 116.848 -28.831 5.0 1.8 MW MGO
1993 01 11 1820 134.018 -34.640 12.8 2.5 MW ADE
1993 01 28 2046 116.865 -27.890 5.0 2.9 MW MGO
1993 02 17 1454 126.506 -21.931 5.0 2.5 MW MGO
1993 02 23 2255 132.241 -23.306 5.0 2.4 MW MGO
1993 04 03 1005 124.503 -30.467 5.0 2.1 MW MGO
1993 04 05 1754 127.593 -25.768 5.0 2.8 MW MGO
1993 04 12 1322 131.347 -25.625 5.0 2.4 MW MGO
1993 05 26 0327 122.196 -32.533 5.0 2.5 MW MGO
1993 06 05 1657 122.089 -32.578 5.0 2.1 MW MGO
1993 06 14 1603 116.652 -35.452 5.0 1.8 MW MGO
1993 06 15 1405 124.859 -22.966 5.0 2.5 MW MGO
1993 06 15 1930 121.311 -30.997 5.0 2.0 MW MGO
1993 06 23 1619 132.728 -21.584 5.0 2.5 MW AUST
1993 08 20 2207 143.762 -16.859 8.0 2.7 MW BRS
1993 09 19 2002 127.403 -15.764 5.0 2.6 MW MGO
1993 09 24 2246 123.456 -35.194 5.0 2.4 MW MGO
1993 09 29 1749 140.448 -26.115 5.0 2.5 MW AUST
1993 10 20 1233 128.081 -21.593 5.0 2.4 MW MGO
1993 11 18 1230 134.049 -23.407 5.0 2.2 MW AUST
1993 12 15 1903 124.131 -28.247 5.0 2.3 MW MGO
1993 12 15 1918 115.188 -33.975 19.0 2.5 MW MGO
1993 12 31 1040 126.731 -19.881 5.0 2.5 MW MGO
1993 12 31 1940 126.731 -19.881 0.0 2.5 MW MGO
1994 01 07 1213 122.297 -32.425 5.0 2.8 MW MGO
1994 01 07 1312 128.547 -16.575 5.0 2.5 MW MGO
1994 01 26 1733 122.316 -32.372 5.0 2.5 MW MGO
1994 01 31 0148 128.624 -16.567 5.0 2.2 MW MGO
1994 02 05 1805 117.315 -26.480 5.0 2.0 MW MGO
1994 02 06 1109 130.208 -23.105 5.0 2.5 MW AUST
1994 02 09 1605 135.417 -32.585 8.8 1.7 MW ADE
1994 02 25 1048 128.508 -16.622 5.0 2.0 MW MGO
1994 03 11 0942 120.332 -25.499 5.0 2.2 MW MGO
1994 03 24 1632 116.458 -29.704 5.0 1.9 MW MGO
1994 04 03 0308 116.114 -29.845 1.0 1.8 MW MGO
1994 04 05 0358 126.969 -32.551 5.0 2.5 MW MGO
1994 04 07 0138 116.207 -29.802 1.0 2.4 MW MGO
1994 04 07 2057 134.800 -11.980 33.0 2.8 MW AUST
1994 04 15 0558 125.455 -24.808 5.0 2.3 MW MGO
1994 04 26 0408 128.632 -16.477 5.0 2.5 MW MGO
1994 05 11 1927 117.399 -27.099 5.0 1.8 MW MGO
1994 05 11 2140 116.979 -26.616 5.0 2.0 MW MGO
1994 05 13 0007 117.779 -27.451 5.0 2.0 MW MGO
1994 06 02 1740 122.789 -26.710 5.0 2.2 MW MGO
1994 06 23 1355 117.634 -36.238 5.0 2.8 MW MGO
1994 06 24 1653 139.572 -28.280 12.5 2.5 MW ADE
1994 06 30 0734 119.132 -27.448 5.0 2.4 MW MGO
1994 07 26 2346 136.297 -30.620 9.7 1.7 MW ADE
1994 09 01 0625 130.459 -22.873 5.0 2.9 MW AGSO
1994 09 14 1604 133.399 -33.364 9.8 2.3 MW ADE
1994 09 23 2259 116.393 -35.701 5.0 2.2 MW MGO
1994 11 14 1847 121.634 -31.135 5.0 2.1 MW MGO
1994 11 21 1633 116.403 -29.511 5.0 1.4 MW MGO
1994 11 26 0650 115.490 -29.975 5.0 1.9 MW MGO
1994 12 27 1910 130.248 -23.649 5.0 2.8 MW AGSO
1994 12 29 1329 119.753 -32.297 5.0 2.0 MW MGO
1995 01 07 0330 126.620 -28.153 5.0 2.6 MW MGO
1995 01 11 2238 132.052 -23.401 3.0 2.6 MW AUST
1995 01 18 1302 131.906 -25.995 5.0 2.6 MW AUST
1995 01 28 0720 121.450 -30.773 0.0 2.6 MW MGO
1995 02 23 1609 128.280 -16.550 5.0 2.0 MW MGO
1995 03 16 2301 130.406 -23.347 5.0 2.8 MW AGSO
1995 03 27 1148 128.695 -16.460 5.0 2.0 MW MGO
1995 03 28 0732 120.440 -27.696 5.0 2.7 MW MGO
1995 04 06 0402 129.025 -17.909 5.0 2.6 MW MGO
1995 05 11 0006 140.960 -19.220 0.0 2.8 MW AGSO
1995 06 06 0450 119.395 -34.957 5.0 2.4 MW MGO
1995 06 17 2054 125.614 -29.884 5.0 2.3 MW MGO
1995 06 26 1049 128.605 -16.614 5.0 2.4 MW MEL
1995 07 21 0609 135.133 -35.315 8.0 2.3 MW ADE
1995 08 10 0650 131.704 -22.357 0.0 2.9 MW ISC
1995 08 15 0650 131.943 -22.396 5.0 2.1 MW AUST
1995 09 20 0206 128.631 -16.626 1.0 1.6 MW MGO
1995 11 10 1509 127.270 -20.922 5.0 2.6 MW MGO
1995 11 11 1034 131.767 -25.950 10.0 2.5 MW ISC
1995 11 11 2026 127.447 -20.939 5.0 2.8 MW MGO
1995 11 17 0350 128.592 -16.244 5.0 2.1 MW MGO
1995 12 09 1015 128.319 -16.635 5.0 2.5 MW MEL
1995 12 14 2139 123.730 -31.065 5.0 2.4 MW MGO
1995 12 25 1509 134.070 -18.917 0.0 2.9 MW ISC
1996 01 01 1135 127.461 -20.881 5.0 2.7 MW MGO
1996 01 06 0208 140.282 -25.688 0.0 2.7 MW ISC
1996 01 13 0942 128.935 -21.597 5.0 2.4 MW MGO
1996 02 03 2124 128.784 -16.584 5.0 2.0 MW MGO
1996 02 27 2215 134.340 -17.739 33.0 2.3 MW ISC
1996 03 10 1800 128.420 -20.540 5.0 2.8 MW MGO
1996 03 30 0717 121.454 -30.727 1.0 2.6 MW MGO
1996 03 30 1342 128.730 -16.593 5.0 2.1 MW MGO
1996 04 01 1507 128.231 -16.591 5.0 2.2 MW MGO
1996 04 08 0619 123.914 -31.266 5.0 2.5 MW MGO
1996 04 18 1659 129.002 -25.920 5.0 2.5 MW MGO
1996 04 24 0941 115.500 -28.824 5.0 2.1 MW MGO
1996 04 25 1011 119.097 -28.080 5.0 2.2 MW MGO
1996 04 28 2052 128.651 -16.663 18.0 2.8 MW MGO
1996 05 05 1230 129.437 -25.481 5.0 2.5 MW AUST
1996 06 01 0715 121.468 -30.743 1.0 2.9 MW MGO
1996 06 13 1552 142.488 -15.553 10.0 2.9 MW AGSO
1996 06 30 1646 119.731 -31.981 5.0 2.1 MW MGO
1996 07 01 0104 119.859 -31.895 5.0 2.2 MW MGO
1996 07 01 0237 119.745 -32.185 5.0 2.2 MW MGO
1996 07 02 1627 129.430 -10.850 0.0 2.9 MW EIDC
1996 07 04 1241 134.200 -20.080 0.0 2.6 MW EIDC
1996 07 16 1857 126.628 -18.083 5.0 2.6 MW MGO
1996 08 01 0618 131.610 -11.590 5.0 2.8 MW AUST
1996 08 07 1502 129.757 -16.643 5.0 2.6 MW MGO
1996 08 18 1142 123.668 -35.210 5.0 2.8 MW AGSO
1996 09 02 0546 128.652 -16.563 1.0 2.8 MW MGO
1996 09 04 1211 130.685 -26.444 0.0 2.8 MW AUST
1996 10 14 2039 127.949 -15.655 5.0 1.9 MW MGO
1996 10 29 2237 120.885 -33.092 5.0 2.2 MW MGO
1996 11 12 0502 130.005 -21.963 11.0 2.8 MW AUST
1996 11 23 2013 119.705 -31.962 2.0 2.1 MW MGO
1996 12 02 2154 129.228 -19.604 5.0 2.3 MW AUST
1996 12 03 0755 119.749 -32.004 1.0 2.9 MW MGO
1996 12 06 0401 128.704 -23.405 5.0 2.7 MW MGO
1996 12 07 1443 120.464 -27.701 5.0 2.3 MW MGO
1996 12 29 0745 128.583 -16.892 5.0 2.6 MW MGO
1997 01 26 2153 115.974 -29.907 9.0 1.7 MW MGO
1997 02 08 1337 129.310 -11.550 281.0 nan MW EIDC
1997 02 18 2009 122.345 -32.644 5.0 2.0 MW MGO
1997 03 03 1953 134.702 -37.350 13.4 3.2 MW ADE
1997 03 14 2358 130.550 -10.850 12.0 2.9 MW AUST
1997 03 17 1448 121.467 -30.750 1.0 2.5 MW MGO
1997 03 22 0358 115.814 -29.150 4.0 2.2 MW MGO
1997 06 06 0617 125.812 -24.156 5.0 2.8 MW MGO
1997 06 23 2044 131.870 -23.110 19.0 3.9 MW AGSO
1997 07 10 0139 119.756 -32.144 1.0 2.4 MW MGO
1997 07 29 0742 125.807 -28.360 10.0 3.9 MW MEL
1997 08 03 0117 116.059 -28.604 5.0 2.7 MW MGO
1997 08 09 2136 128.016 -21.140 5.0 2.5 MW MGO
1997 08 17 0514 115.586 -28.617 5.0 2.5 MW MGO
1997 08 31 0143 123.684 -29.980 5.0 2.4 MW MGO
1997 09 11 1619 126.262 -30.968 5.0 2.8 MW MGO
1997 09 26 0810 127.560 -22.792 5.0 2.7 MW MGO
1997 10 19 1859 115.584 -28.849 5.0 2.5 MW MGO
1997 10 21 0746 123.825 -29.558 5.0 2.5 MW MGO
1997 10 22 0324 115.771 -28.774 5.0 1.9 MW MGO
1997 10 27 1655 119.771 -32.260 0.0 2.0 MW MGO
1997 11 11 1226 128.168 -16.504 5.0 3.3 MW AGSO
1997 11 14 0709 127.986 -20.198 0.0 2.1 MW EIDC
1997 11 16 0043 119.709 -31.921 0.0 2.0 MW MGO
1997 11 20 0950 128.982 -26.271 5.0 2.5 MW MGO
1997 11 23 0420 128.496 -16.798 33.0 2.7 MW ISC
1997 11 28 0219 119.756 -32.143 1.0 2.1 MW MGO
1997 12 10 0313 123.166 -30.345 5.0 2.5 MW MGO
1997 12 20 0725 121.472 -30.704 1.0 2.0 MW MGO
1997 12 28 1556 122.313 -32.621 5.0 2.8 MW MGO
1998 01 10 0706 129.950 -22.990 10.0 1.8 MW AGSO
1998 01 30 1654 143.180 -13.250 10.0 3.3 MW AGSO
1998 02 22 0830 121.454 -30.744 0.0 2.6 MW MGO
1998 03 29 2006 129.280 -14.280 10.0 3.7 MW AUST
1998 04 03 1855 137.630 -25.820 10.0 2.4 MW AUST
1998 04 10 0346 122.343 -32.589 5.0 4.0 MW MGO
1998 04 13 2303 136.130 -12.940 10.0 3.0 MW AUST
1998 04 14 1844 126.114 -19.086 10.0 2.1 MW AGSO
1998 04 20 1134 121.872 -30.351 5.0 2.4 MW MGO
1998 04 22 1821 119.754 -32.105 5.0 2.4 MW MGO
1998 04 26 1312 124.063 -31.851 14.0 2.5 MW MGO
1998 04 29 2314 128.120 -11.480 0.0 2.9 MW EIDC
1998 05 25 0503 123.827 -13.827 0.0 3.1 MW EIDC
1998 05 26 0104 123.934 -30.701 5.0 2.5 MW MGO
1998 05 29 1057 138.767 -24.807 10.0 2.0 MW AUST
1998 06 18 1321 131.030 -12.210 0.0 3.3 MW EIDC
1998 06 23 0838 131.860 -26.080 10.0 2.9 MW AGSO
1998 06 23 1512 132.010 -13.340 0.0 2.9 MW EIDC
1998 06 27 0701 121.605 -30.815 5.0 3.3 MW MGO
1998 06 27 1642 120.886 -33.320 5.0 2.5 MW MGO
1998 07 05 0849 118.640 -26.249 5.0 2.7 MW MGO
1998 07 08 1044 121.416 -30.777 1.0 2.7 MW MGO
1998 07 17 1846 127.845 -26.502 11.0 3.2 MW MGO
1998 07 18 2319 123.793 -30.262 5.0 2.6 MW MGO
1998 07 21 2000 121.439 -30.819 5.0 2.4 MW MGO
1998 08 04 0145 132.530 -13.210 0.0 3.2 MW AUST
1998 08 17 0457 135.246 -28.994 8.3 3.3 MW ADE
1998 09 08 0935 128.882 -21.880 0.0 2.2 MW AGSO
1998 09 13 2250 123.208 -12.501 5.0 3.1 MW ISC
1998 09 14 0608 127.300 -17.155 5.0 2.5 MW MGO
1998 10 02 0943 136.390 -13.770 0.0 2.9 MW AUST
1998 10 14 2226 121.320 -31.033 5.0 3.3 MW MGO
1998 10 27 2240 128.472 -17.002 5.0 2.5 MW MGO
1998 11 13 1154 124.887 -19.132 7.0 3.5 MW ISC
1998 11 13 2352 129.120 -13.740 0.0 2.9 MW EIDC
1998 11 19 0642 137.790 -25.000 0.0 2.7 MW AGSO
1998 11 23 0318 135.340 -22.140 0.0 2.4 MW AGSO
1998 11 23 0954 120.611 -26.420 5.0 2.4 MW MGO
1998 12 05 2311 129.750 -10.270 560.0 nan MW EIDC
1998 12 12 0224 130.920 -22.620 0.0 2.5 MW AGSO
1998 12 14 2029 121.257 -30.987 5.0 2.5 MW MGO
1998 12 24 2342 135.452 -17.634 0.0 2.4 MW AGSO
1998 12 31 1113 121.410 -30.754 5.0 2.5 MW MGO
1999 01 02 0555 131.754 -20.418 0.0 2.5 MW AGSO
1999 01 05 1734 123.039 -27.792 5.0 2.4 MW MGO
1999 01 05 2349 135.496 -22.040 3.0 2.5 MW AGSO
1999 01 14 2235 133.803 -19.710 0.0 2.1 MW AUST
1999 02 02 1335 120.138 -33.829 5.0 2.0 MW MGO
1999 03 01 0128 137.590 -25.800 0.0 3.3 MW AGSO
1999 03 12 0029 130.670 -11.120 100.0 6.0 MW DJA
1999 03 22 0122 127.312 -16.692 5.0 3.3 MW MGO
1999 03 27 2209 124.441 -30.832 5.0 2.8 MW MGO
1999 04 10 2227 124.752 -19.621 5.0 3.0 MW MGO
1999 04 18 2143 122.766 -13.679 5.0 3.0 MW MGO
1999 05 18 1402 119.710 -32.590 5.0 2.2 MW MGO
1999 05 20 1135 124.640 -30.070 5.0 2.4 MW MGO
1999 05 22 1150 123.417 -12.170 101.0 4.4 MW EIDC
1999 05 24 1920 127.780 -15.470 5.0 2.5 MW MGO
1999 05 31 1915 140.140 -25.850 10.0 2.9 MW AGSO
1999 08 10 2118 126.610 -22.040 5.0 2.6 MW MGO
1999 08 14 1245 131.044 -26.170 10.0 3.4 MW ADE
1999 10 07 1044 119.740 -32.090 5.0 2.2 MW MGO
1999 10 10 1044 119.740 -32.090 5.0 2.2 MW MGO
1999 10 13 0459 114.640 -31.740 5.0 2.0 MW MGO
1999 10 14 0018 127.580 -16.710 5.0 2.5 MW MGO
1999 11 04 1836 127.480 -15.970 5.0 2.8 MW MGO
1999 11 13 0214 115.040 -33.890 1.0 2.2 MW MGO
1999 12 01 1525 126.590 -27.180 5.0 3.0 MW MGO
1999 12 14 1627 115.900 -35.350 5.0 2.1 MW MGO
1999 12 15 2236 119.730 -32.140 2.0 2.5 MW MGO
1999 12 16 1236 125.880 -16.840 5.0 2.8 MW MGO
1999 12 17 1226 115.920 -35.330 5.0 2.5 MW MGO
1999 12 18 0701 124.840 -26.260 5.0 2.5 MW MGO
1999 12 22 1741 125.640 -33.190 5.0 2.4 MW MGO
1999 12 31 0459 119.780 -32.110 1.0 2.8 MW MGO
2000 02 08 0426 128.814 -23.911 5.0 2.9 MW ISC
2000 02 15 1744 127.654 -14.118 0.0 3.2 MW AGSO
2000 02 17 1558 131.438 -25.729 0.0 2.5 MW AGSO
2000 02 18 1152 131.433 -25.882 0.0 2.1 MW AGSO
2000 02 21 1615 126.430 -16.740 5.0 2.6 MW MGO
2000 02 29 0327 120.110 -23.530 5.0 2.5 MW MGO
2000 03 01 0611 123.466 -12.610 5.0 3.0 MW MGO
2000 03 30 1555 128.560 -16.640 5.0 2.6 MW MGO
2000 04 11 1222 135.307 -22.979 0.0 2.2 MW AGSO
2000 04 13 0314 128.635 -16.421 15.0 3.5 MW AGSO
2000 04 21 1152 134.389 -35.382 7.9 2.8 MW ADE
2000 05 14 2220 119.741 -31.856 0.0 1.7 MW AUST
2000 06 05 1421 132.788 -20.069 0.0 2.4 MW AGSO
2000 06 05 1424 133.962 -19.737 0.0 2.1 MW AUST
2000 06 05 1504 131.850 -29.544 10.0 2.4 MW ADE
2000 06 12 2041 132.732 -19.911 0.0 2.6 MW AGSO
2000 06 19 0138 121.299 -33.551 0.0 2.4 MW AGSO
2000 06 19 2124 131.351 -23.464 0.0 2.5 MW AGSO
2000 06 20 1412 124.121 -11.736 2.0 3.1 MW AGSO
2000 07 25 2056 126.286 -22.291 10.0 2.7 MW ISC
2000 07 29 0331 123.760 -30.150 8.0 2.0 MW AUST
2000 08 08 1312 129.402 -13.458 0.0 1.7 MW AUST
2000 08 08 2310 142.309 -10.647 4.0 4.3 MW ISC
2000 08 11 0401 121.788 -34.639 0.0 2.6 MW AGSO
2000 08 17 0653 128.743 -15.967 0.0 2.3 MW AUST
2000 08 22 1842 131.580 -21.558 0.0 2.1 MW AUST
2000 08 27 1639 115.978 -28.698 0.0 1.7 MW AUST
2000 09 07 0107 131.205 -23.264 10.0 2.9 MW ISC
2000 09 14 0933 116.800 -29.800 0.0 1.7 MW AUST
2000 09 21 2033 123.650 -31.200 0.0 2.3 MW AUST
2000 10 15 0827 128.902 -12.370 28.0 4.0 MW ISC
2000 10 21 1052 129.288 -13.802 19.0 3.1 MW AGSO
2000 10 27 0505 136.386 -31.074 10.0 2.0 MW ADE
2000 10 28 0624 136.327 -31.062 11.3 2.0 MW ADE
2000 10 28 1333 119.345 -26.808 10.0 2.6 MW AGSO
2000 11 05 2037 136.682 -30.527 3.1 2.1 MW ADE
2000 11 12 1942 132.108 -24.973 0.0 2.5 MW AGSO
2000 11 15 0848 126.540 -22.039 11.0 3.1 MW AGSO
2000 12 28 0528 130.763 -12.544 0.0 3.3 MW AGSO
2001 01 04 2123 123.887 -28.940 10.0 3.3 MW ISC
2001 01 10 1003 126.635 -27.890 0.0 2.7 MW ISC
2001 01 12 1157 129.889 -25.024 10.0 2.5 MW AGSO
2001 01 19 0700 122.425 -28.258 11.0 2.6 MW AGSO
2001 01 25 1406 126.450 -18.350 0.0 3.1 MW AGSO
2001 02 02 0322 122.410 -20.915 20.0 2.9 MW AGSO
2001 02 02 0833 123.052 -32.067 10.0 2.4 MW AGSO
2001 02 19 1805 129.240 -14.010 0.0 2.7 MW AUST
2001 03 25 2341 116.036 -28.691 0.0 1.7 MW AUST
2001 03 27 0458 122.408 -32.029 10.0 3.1 MW ISC
2001 03 28 1748 121.163 -33.401 0.0 2.4 MW AGSO
2001 04 21 0856 127.323 -19.826 14.0 3.2 MW AUST
2001 04 25 2337 124.280 -30.910 5.0 3.1 MW AGSO
2001 04 26 2026 136.691 -26.671 10.0 2.3 MW AGSO
2001 04 27 1423 121.779 -32.580 10.0 2.5 MW AGSO
2001 04 28 1558 137.620 -25.980 26.0 2.4 MW AGSO
2001 05 21 1119 119.780 -31.984 0.0 2.7 MW AGSO
2001 05 24 0951 122.638 -12.149 10.0 3.0 MW AGSO
2001 05 28 0743 131.680 -26.500 10.0 2.8 MW AGSO
2001 06 24 1017 119.740 -31.995 0.0 2.5 MW AUST
2001 06 27 1128 116.000 -28.700 0.0 2.1 MW AUST
2001 07 12 0526 131.084 -26.297 7.0 2.5 MW AUST
2001 08 10 1014 131.230 -12.490 5.0 2.8 MW AUST
2001 08 14 0803 127.580 -22.940 0.0 3.5 MW AGSO
2001 08 18 0205 122.548 -33.568 0.0 2.8 MW AUST
2001 09 08 1031 133.529 -34.272 7.2 2.8 MW ADE
2001 10 04 1801 134.293 -22.507 5.6 2.5 MW AUST
2001 10 19 0418 129.547 -23.601 1.0 3.7 MW AUST
2001 10 19 1743 120.628 -33.712 10.0 4.9 MW ISC
2001 10 30 0932 122.230 -28.770 0.0 2.2 MW AUST
2001 11 23 1407 126.310 -12.500 33.0 2.6 MW ISC
2001 12 07 2138 123.695 -35.240 10.0 2.7 MW AUST
2002 02 06 0448 120.413 -22.785 10.0 3.4 MW AUST
2002 02 08 0901 123.917 -11.959 77.2 5.0 MW EHB
2002 03 17 0109 125.388 -27.539 5.0 3.1 MW AUST
2002 03 24 1156 131.680 -26.691 2.0 3.1 MW ADE
2002 03 25 0752 131.042 -22.974 3.0 2.5 MW AUST
2002 04 15 2244 130.040 -23.151 3.0 3.2 MW AUST
2002 04 19 2312 123.583 -30.671 5.0 2.5 MW AUST
2002 04 30 1517 114.013 -32.993 10.0 3.2 MW AUST
2002 05 11 1450 116.287 -28.666 5.0 2.2 MW AUST
2002 06 25 0900 133.623 -33.529 10.1 2.5 MW ADE
2002 06 28 1257 130.090 -23.291 5.0 3.0 MW AUST
2002 07 15 1029 121.548 -30.642 0.0 2.1 MW AUST
2002 07 24 2048 121.243 -30.382 10.0 3.0 MW AUST
2002 08 05 1151 125.115 -29.136 5.0 2.1 MW AUST
2002 09 29 0613 125.579 -29.576 10.0 2.5 MW AUST
2002 10 25 0425 126.813 -32.415 5.0 3.3 MW AUST
2002 11 01 0855 129.900 -11.930 10.0 3.9 MW ISC
2002 11 05 0912 135.239 -22.479 10.0 2.9 MW AUST
2002 11 10 0517 117.628 -28.627 4.0 1.8 MW AUST
2002 11 18 0429 134.050 -19.900 3.0 1.8 MW AUST
2002 11 29 1304 119.241 -31.402 5.0 2.2 MW AUST
2003 01 15 0203 137.306 -25.947 10.0 3.0 MW ADE
2003 01 15 0204 137.548 -25.906 10.0 3.1 MW AUST
2003 01 16 1902 137.705 -26.304 10.0 2.6 MW ADE
2003 01 23 1048 129.944 -22.801 5.0 2.5 MW AUST
2003 01 27 0930 118.776 -28.990 1.0 2.1 MW AUST
2003 03 23 0732 134.729 -19.743 10.0 2.4 MW AUST
2003 03 27 1440 133.274 -33.780 24.1 3.3 MW ADE
2003 03 30 1524 129.665 -21.854 5.0 2.2 MW AUST
2003 04 01 0634 134.738 -19.759 10.0 2.1 MW AUST
2003 04 25 2102 125.630 -33.199 0.0 2.5 MW AUST
2003 05 16 0514 136.320 -11.500 5.0 2.8 MW AUST
2003 05 20 1232 128.431 -16.846 5.0 2.6 MW AUST
2003 05 31 2308 135.158 -23.415 10.0 2.2 MW AUST
2003 06 01 2356 132.888 -23.094 2.1 1.7 MW AUST
2003 06 04 2004 115.269 -33.552 5.0 2.5 MW AUST
2003 06 12 0956 135.681 -22.446 6.0 1.7 MW AUST
2003 07 02 2059 132.939 -21.258 26.0 2.3 MW AUST
2003 07 03 0536 120.149 -25.795 21.8 3.3 MW AUST
2003 07 18 1319 119.609 -34.372 5.0 2.7 MW AUST
2003 08 07 0510 129.882 -23.343 0.0 3.0 MW AUST
2003 09 16 1616 130.389 -22.676 0.0 3.0 MW AUST
2003 09 17 1127 144.000 -16.900 0.0 2.1 MW SRC
2003 10 26 0132 134.311 -34.944 1.2 2.5 MW ADE
2003 11 04 0252 129.482 -21.762 10.0 2.2 MW AUST
2003 11 05 0900 144.000 -16.900 0.0 1.9 MW SRC
2003 11 13 0728 144.000 -16.900 0.0 2.0 MW SRC
2003 11 19 1725 144.000 -16.900 0.0 1.9 MW SRC
2004 01 26 2039 131.849 -26.181 10.0 3.0 MW AUST
2004 02 11 0930 129.823 -22.680 12.5 4.9 MW AUST
2004 02 18 1541 131.671 -27.600 27.6 2.8 MW ADE
2004 03 01 2233 123.171 -32.423 1.7 2.9 MW AUST
2004 03 05 0011 127.084 -32.346 10.0 4.1 MW ISC
2004 03 13 0448 136.398 -31.085 7.6 2.2 MW ADE
2004 03 13 0455 136.334 -31.187 6.4 1.9 MW ADE
2004 03 24 0627 124.144 -29.849 10.0 2.9 MW AUST
2004 04 03 0729 128.715 -16.756 10.0 2.9 MW AUST
2004 04 10 0555 130.093 -25.064 10.0 2.9 MW ISC
2004 04 12 2034 144.000 -16.900 0.0 1.5 MW SRC
2004 04 14 1351 131.649 -13.559 10.2 1.9 MW AUST
2004 05 31 2232 121.760 -31.326 0.0 3.4 MW AUST
2004 07 04 0506 133.692 -19.856 10.0 3.0 MW ISC
2004 08 14 1537 130.950 -26.090 0.8 3.3 MW AUST
2004 08 28 1055 115.973 -28.667 0.0 1.9 MW AUST
2004 09 02 1056 131.885 -26.548 0.0 2.6 MW AUST
2004 09 15 1623 125.035 -29.645 12.0 2.6 MW AUST
2004 09 25 1510 129.152 -16.776 10.0 3.7 MW AUST
2004 09 26 0104 137.040 -25.660 0.0 2.0 MW AUST
2004 09 29 1809 123.412 -31.851 17.0 2.2 MW AUST
2004 11 01 1315 124.844 -19.111 8.9 3.6 MW AUST
2004 12 04 1445 137.558 -25.451 0.0 1.8 MW AUST
2004 12 16 0955 125.120 -17.597 11.8 3.3 MW AUST
2004 12 23 0643 134.566 -18.549 8.5 2.1 MW AUST
2005 01 27 1717 119.236 -31.416 5.4 3.3 MW AUST
2005 01 27 1729 122.381 -32.467 10.0 3.1 MW AUST
2005 02 16 1826 131.537 -31.461 9.2 2.7 MW ADE
2005 02 18 1757 121.085 -32.827 0.0 3.1 MW AUST
2005 03 02 0001 128.497 -22.695 10.0 2.1 MW AUST
2005 03 08 0933 119.475 -29.848 10.0 2.0 MW AUST
2005 03 13 0209 131.649 -26.265 18.6 4.5 MW ADE
2005 03 14 1126 131.719 -34.143 10.9 2.6 MW ADE
2005 03 28 0903 126.417 -17.877 4.0 2.3 MW AUST
2005 04 02 0914 127.241 -16.645 0.0 2.7 MW AUST
2005 05 04 1845 117.319 -25.932 9.0 3.0 MW AUST
2005 06 14 1123 116.746 -28.756 10.0 2.3 MW AUST
2005 06 15 0200 119.531 -30.046 10.0 1.9 MW AUST
2005 07 09 1348 124.660 -14.950 37.0 2.4 MW AUST
2005 07 14 0427 128.789 -16.209 10.0 1.8 MW AUST
2005 08 13 1516 127.740 -22.860 10.0 2.5 MW AUST
2005 09 10 1141 143.931 -16.878 10.0 2.5 MW RC
2005 09 25 1317 137.502 -25.915 0.0 2.3 MW AUST
2005 11 08 0922 143.969 -16.804 7.8 3.1 MW RC
2005 11 15 1450 128.666 -16.486 2.0 2.8 MW AUST
2005 11 23 1750 143.960 -16.922 10.0 1.5 MW RC
2005 12 20 1906 128.812 -16.104 10.0 2.2 MW AUST
2005 12 26 0750 128.746 -16.133 0.0 2.8 MW AUST
2005 12 26 1050 128.898 -15.613 0.0 1.9 MW AUST
2006 01 10 0755 143.801 -16.934 10.3 1.2 MW RC
2006 03 08 1429 127.303 -23.138 0.0 2.4 MW AUST
2006 04 01 0109 130.972 -26.046 10.0 3.4 MW ISC
2006 04 14 0927 119.161 -29.957 10.0 2.2 MW AUST
2006 04 16 0122 126.866 -18.534 5.0 2.1 MW AUST
2006 05 01 0459 124.340 -23.140 10.0 2.2 MW AUST
2006 05 02 0247 137.341 -25.877 10.0 3.3 MW ISC
2006 05 08 0122 127.859 -17.673 0.0 2.5 MW AUST
2006 05 14 0927 127.311 -18.327 0.0 2.5 MW AUST
2006 05 26 0738 128.691 -16.664 0.0 2.7 MW AUST
2006 06 06 1534 117.838 -25.119 10.0 4.2 MW ISC
2006 06 15 1520 131.777 -23.003 0.0 2.6 MW AUST
2006 06 17 2041 132.479 -21.248 0.0 2.6 MW AUST
2006 07 04 1054 127.119 -17.735 15.0 1.6 MW AUST
2006 07 04 1608 121.526 -30.779 7.0 3.0 MW AUST
2006 07 18 1104 133.102 -13.906 0.0 2.4 MW AUST
2006 07 18 2152 121.737 -30.443 16.0 1.7 MW AUST
2006 08 29 0037 133.958 -19.711 16.0 2.8 MW AUST
2006 09 14 1504 134.011 -19.759 18.0 1.7 MW AUST
2006 09 23 1612 143.476 -18.281 10.0 1.7 MW RC
2006 10 20 2153 134.141 -19.804 0.0 1.9 MW AUST
2006 10 25 1505 143.549 -18.187 10.0 2.2 MW RC
2006 10 26 1344 134.032 -19.937 0.0 1.8 MW AUST
2006 11 22 1322 134.035 -19.873 5.5 2.4 MW AUST
2006 12 01 0349 134.011 -19.715 14.0 2.1 MW AUST
2006 12 07 1058 117.411 -25.188 14.0 3.1 MW AUST
2006 12 21 1210 121.456 -30.731 0.0 2.7 MW AUST
2006 12 24 2323 133.955 -19.765 12.0 3.5 MW AUST
2007 02 04 0107 133.914 -19.782 5.0 2.5 MW AUST
2007 02 17 1344 126.617 -17.903 0.0 3.1 MW AUST
2007 03 08 1212 124.327 -27.993 10.0 2.5 MW AUST
2007 03 18 0800 125.622 -11.111 10.0 4.3 MW USGS
2007 04 07 1154 133.925 -19.770 10.0 2.5 MW AUST
2007 04 25 2027 127.151 -18.119 0.0 2.8 MW AUST
2007 05 25 1504 137.024 -21.253 0.0 2.2 MW AUST
2007 06 01 1809 133.939 -19.798 0.0 1.3 MW AUST
2007 06 11 2137 133.944 -19.852 15.0 2.7 MW AUST
2007 06 22 0840 133.925 -19.719 8.3 2.4 MW AUST
2007 08 12 0401 134.028 -19.932 12.0 2.1 MW AUST
2007 08 18 1625 134.040 -19.850 0.0 1.9 MW AUST
2007 08 28 0239 121.554 -30.778 9.0 2.1 MW AUST
2007 08 28 1533 115.942 -35.429 18.0 4.3 MW AUST
2007 09 04 1954 124.512 -11.973 23.0 2.6 MW ASx
2007 09 10 0320 130.369 -15.344 9.0 2.7 MW AUST
2007 09 18 1704 139.626 -15.156 nan 2.6 MW AUST
2007 10 24 0101 133.854 -19.645 10.0 2.9 MW AUST
2007 11 05 0641 129.666 -22.390 0.0 3.2 MW AUST
2007 11 18 1916 143.785 -16.823 4.0 2.4 MW AUST
2007 11 26 1005 123.719 -30.127 2.0 3.1 MW AUST
2007 12 11 1605 128.777 -16.430 9.0 2.5 MW AUST
2007 12 13 0529 122.823 -12.537 15.0 3.5 MW AUST
2008 01 13 1616 117.069 -26.650 2.5 2.7 MW AUST
2008 01 19 1224 122.127 -33.016 0.0 3.0 MW AUST
2008 03 17 0656 137.427 -25.975 10.0 3.4 MW AUST
2008 03 19 0717 134.047 -19.654 15.0 3.4 MW AUST
2008 03 20 0515 126.017 -23.696 0.0 2.8 MW AUST
2008 04 19 1624 125.698 -20.470 10.0 2.5 MW AUST
2008 05 20 0825 129.609 -23.363 0.0 3.3 MW AUST
2008 06 12 1100 144.736 -13.245 35.0 5.0 MW USGS
2008 06 12 1143 119.123 -33.024 0.0 2.1 MW AUST
2008 06 23 1317 127.722 -18.176 0.0 2.6 MW AUST
2008 07 04 1525 125.965 -31.700 0.6 2.5 MW AUST
2008 07 09 2345 125.223 -26.034 1.4 4.2 MW AUST
2008 07 16 1600 137.636 -25.762 10.0 2.4 MW ADE
2008 07 27 0644 127.744 -18.144 0.0 2.6 MW AUST
2008 10 16 2238 143.814 -17.234 10.0 0.9 MW MEL
2008 11 09 1529 121.615 -30.611 4.0 2.3 MW AUST
2008 11 14 2115 129.800 -12.600 0.0 2.6 MW AUST
2009 01 14 2257 133.172 -29.228 12.5 2.8 MW ADE
2009 04 03 1531 120.822 -31.973 0.0 2.5 MW AUST
2009 04 04 1240 133.943 -33.593 8.7 3.5 MW ADE
2009 04 07 2126 121.461 -30.785 0.0 2.9 MW AUST
2009 04 28 1906 121.553 -30.644 3.0 2.9 MW AUST
2009 05 20 2205 121.390 -30.856 0.0 1.7 MW AUST
2009 06 21 0608 124.631 -30.308 10.0 2.9 MW AUST
2009 09 05 0300 133.908 -19.804 12.5 3.4 MW AUST
2009 10 01 0821 133.932 -19.691 0.0 2.7 MW AUST
2009 11 03 0654 125.792 -27.579 9.5 3.2 MW AUST
2009 11 08 0541 138.819 -10.450 30.0 3.0 MW MEL
2009 11 23 0815 134.035 -19.732 0.0 2.6 MW AUST
2010 01 14 2135 120.278 -33.147 0.0 2.4 MW AUST
2010 02 17 0939 133.935 -19.811 0.6 2.0 MW AUST
2010 04 20 0017 121.489 -30.787 1.8 4.7 MW AUST
2010 06 06 1025 116.127 -28.674 0.0 1.9 MW AUST
2010 06 09 1541 123.256 -22.166 0.1 3.1 MW AUST
2010 06 11 1351 128.459 -16.213 7.9 2.2 MW AUST
2010 06 19 1809 116.171 -28.704 0.0 2.2 MW AUST
2010 06 21 0404 129.752 -21.524 5.4 3.3 MW AUST
2010 06 25 0858 115.793 -28.090 0.0 2.2 MW AUST
2010 07 05 1434 118.336 -24.916 0.0 2.4 MW AUST
2010 07 14 1727 116.219 -28.709 0.0 1.9 MW AUST
2010 07 15 1359 119.454 -33.905 10.0 2.4 MW AUST
2010 07 17 1624 123.154 -34.823 13.5 2.5 MW AUST
2010 07 18 2145 134.091 -19.846 0.0 2.0 MW AUST
2010 07 26 1838 121.343 -30.911 0.0 2.7 MW AUST
2010 08 05 1226 116.086 -28.695 0.0 2.0 MW AUST
2010 08 19 1411 116.112 -28.715 0.0 2.1 MW AUST
