1902 09 19 1035 138.000 -35.000 10.0 5.7 MW ADE
1954 02 28 1809 138.564 -35.033 4.0 5.2 MW ADE
1959 05 21 1128 139.000 -31.400 10.0 4.1 MW ADE
1959 09 09 0417 138.200 -32.700 10.0 4.0 MW ADE
1962 09 26 0550 138.330 -35.000 7.0 3.5 MW ADE
1963 03 29 2156 138.500 -31.100 0.0 3.9 MW ADE
1965 03 01 1339 138.105 -30.347 0.0 3.5 MW ADE
1965 03 02 1518 138.380 -30.570 33.0 4.7 MW ISC
1965 03 07 0156 138.669 -30.861 9.9 3.2 MW ADE
1965 03 14 1247 138.540 -31.950 26.0 4.5 MW ISC
1965 06 04 1045 138.479 -32.000 3.7 3.9 MW ADE
1965 06 05 2113 138.584 -33.219 17.3 3.0 MW ADE
1965 08 28 0026 138.297 -32.225 16.1 3.9 MW ADE
1965 12 11 1943 138.098 -32.912 3.1 3.2 MW ADE
1966 11 23 2048 139.303 -34.347 13.4 3.9 MW ADE
1966 12 07 0249 138.913 -33.339 18.6 3.4 MW ADE
1967 04 15 0035 138.857 -33.737 15.0 3.3 MW ADE
1967 05 04 2334 137.987 -32.557 13.6 3.7 MW ADE
1967 10 02 1947 137.982 -32.519 19.1 3.2 MW ADE
1968 03 20 2353 138.329 -32.589 5.2 3.4 MW ADE
1968 04 10 1825 138.813 -32.531 0.0 3.0 MW ADE
1968 08 01 1346 139.071 -31.244 1.8 3.5 MW ADE
1968 08 24 1324 137.951 -31.856 6.4 3.2 MW ADE
1968 12 07 0158 138.912 -31.159 0.0 3.4 MW ADE
1969 01 08 2223 138.925 -33.805 0.7 3.1 MW ADE
1969 01 29 1503 139.115 -31.797 20.3 3.9 MW ADE
1969 01 31 0946 138.040 -32.551 2.1 3.3 MW ADE
1969 03 04 0419 138.962 -30.728 2.0 3.4 MW ADE
1969 03 13 0754 138.466 -32.102 0.0 3.1 MW ADE
1969 06 01 1734 137.439 -29.618 0.0 3.1 MW ADE
1969 09 07 0706 138.583 -33.192 9.7 3.1 MW ADE
1969 10 09 0845 139.608 -31.757 10.0 3.6 MW ADE
1970 04 28 1144 138.601 -31.090 7.7 3.0 MW ADE
1970 07 27 0513 139.508 -31.726 10.4 3.5 MW ADE
1970 07 31 1820 138.930 -30.970 6.7 3.1 MW ADE
1970 09 16 1740 138.577 -33.209 0.0 3.5 MW ADE
1971 01 06 2354 138.560 -33.459 11.9 4.0 MW ADE
1971 05 21 2354 138.077 -33.300 5.6 3.1 MW ADE
1971 07 26 0750 138.756 -31.375 18.6 4.6 MW ADE
1971 10 05 0701 139.831 -31.735 1.5 3.7 MW ADE
1971 10 08 1542 138.977 -32.501 6.4 3.4 MW ADE
1971 10 18 1321 138.365 -31.310 10.7 3.7 MW ADE
1972 03 30 1046 138.888 -31.413 6.0 3.2 MW ADE
1972 04 18 2220 138.619 -31.578 11.9 5.1 MW ADE
1972 04 27 1150 138.891 -31.263 12.5 3.8 MW ADE
1972 10 11 2237 138.185 -33.198 6.1 3.0 MW ADE
1972 10 17 1240 138.513 -34.998 5.7 3.4 MW ADE
1972 11 07 1032 138.736 -32.409 6.8 3.2 MW ADE
1972 11 10 1400 139.054 -32.283 7.7 3.0 MW ADE
1973 02 07 1226 138.638 -33.459 9.8 3.1 MW ADE
1973 03 05 1917 137.975 -32.281 8.1 3.2 MW ADE
1973 06 30 1158 138.022 -29.811 1.7 3.0 MW ADE
1973 08 04 0739 138.207 -35.306 8.4 3.4 MW ADE
1973 09 13 0257 139.447 -32.907 3.0 3.2 MW ADE
1974 01 19 1954 138.796 -32.177 3.6 3.5 MW ADE
1974 04 30 0232 137.904 -32.279 6.9 3.2 MW ADE
1974 11 09 0958 138.070 -32.437 9.3 3.6 MW ADE
1975 01 03 0218 138.716 -31.243 6.4 3.8 MW ADE
1975 03 15 1620 139.692 -33.055 0.0 3.3 MW ADE
1975 04 06 1101 137.989 -35.693 20.9 3.5 MW ADE
1975 04 28 1618 138.577 -30.972 12.0 3.0 MW ADE
1975 04 29 2207 138.943 -32.164 0.0 3.7 MW ADE
1975 05 11 0943 139.031 -33.110 5.3 3.0 MW ADE
1975 05 23 1407 137.698 -29.533 13.8 3.4 MW ADE
1975 05 31 0419 139.026 -31.233 13.5 2.9 MW ADE
1975 06 23 0027 138.987 -32.790 14.8 3.2 MW ADE
1975 07 14 1802 138.579 -35.250 23.6 3.4 MW ADE
1975 08 29 1649 138.503 -31.663 16.2 3.0 MW ADE
1975 09 11 1238 138.362 -33.292 9.8 3.1 MW ADE
1975 09 24 2232 138.878 -31.126 10.5 3.0 MW ADE
1975 09 30 0448 138.462 -30.696 4.5 3.0 MW ADE
1975 10 26 2011 138.714 -31.900 12.9 3.1 MW ADE
1976 01 10 1700 138.857 -31.529 15.0 3.0 MW ISC
1976 01 29 0950 138.680 -30.700 10.0 2.9 MW ADE
1976 02 13 2112 137.366 -30.908 9.8 3.0 MW ADE
1976 02 27 1144 138.454 -33.296 7.9 3.1 MW ADE
1976 02 28 0652 137.102 -29.554 0.0 2.9 MW ADE
1976 03 31 0126 138.678 -31.293 7.6 3.0 MW ADE
1976 04 14 0736 138.596 -31.576 16.0 3.6 MW ADE
1976 04 30 0419 137.803 -32.062 7.0 3.0 MW ADE
1976 05 30 1714 138.732 -31.402 13.6 2.9 MW ADE
1976 09 13 0447 138.289 -32.818 11.4 3.0 MW ADE
1976 10 27 0555 138.478 -33.193 8.6 2.9 MW ADE
1976 11 04 0130 138.803 -32.383 10.6 3.4 MW ADE
1976 11 30 0247 138.242 -31.259 15.7 3.0 MW ADE
1976 12 13 1655 138.103 -32.211 10.3 2.8 MW ADE
1976 12 20 2041 138.497 -31.084 14.3 2.9 MW ADE
1977 03 04 1821 138.206 -32.846 13.0 2.9 MW ADE
1977 03 20 0400 138.239 -32.779 0.8 3.0 MW ADE
1977 04 16 1819 138.010 -32.433 0.0 3.7 MW ADE
1977 04 25 2021 137.568 -34.949 10.9 2.9 MW ADE
1977 06 09 1817 139.256 -32.322 4.0 2.8 MW ADE
1977 07 23 0604 138.016 -32.454 10.6 3.0 MW ADE
1977 08 20 2155 138.886 -34.909 21.8 3.2 MW ADE
1977 08 30 1413 138.474 -31.057 12.7 3.7 MW ADE
1977 09 17 1334 138.867 -34.462 2.3 2.9 MW ADE
1977 09 28 1918 139.309 -32.273 9.7 3.5 MW ADE
1977 10 14 0755 138.349 -33.346 15.8 3.3 MW ADE
1977 11 04 1237 138.632 -33.145 4.9 3.0 MW ADE
1977 11 18 1630 138.391 -33.090 13.4 2.8 MW ADE
1978 01 13 0042 138.960 -30.473 0.0 3.0 MW ADE
1978 01 17 0145 138.960 -32.025 0.0 3.0 MW ADE
1978 03 09 1415 139.099 -34.389 19.0 3.2 MW ADE
1978 03 26 2236 138.923 -32.389 16.4 3.8 MW ADE
1978 03 30 0232 138.521 -35.184 0.0 3.1 MW ADE
1978 03 31 0224 138.848 -34.905 8.0 3.1 MW ADE
1978 04 02 0144 138.391 -31.553 13.9 2.9 MW ADE
1978 04 03 0230 138.545 -35.051 0.0 3.1 MW ADE
1978 04 04 0111 138.657 -34.928 5.2 3.1 MW ADE
1978 04 05 0405 138.512 -35.040 4.0 3.1 MW ADE
1978 04 05 0437 138.543 -35.169 0.0 3.1 MW ADE
1978 04 06 0538 138.894 -34.897 0.0 3.1 MW ADE
1978 04 12 0020 138.582 -35.265 22.3 3.0 MW ADE
1978 04 12 0724 138.692 -34.856 8.7 3.1 MW ADE
1978 04 17 0213 138.564 -35.052 1.7 3.1 MW ADE
1978 04 17 0659 138.866 -34.898 0.0 3.1 MW ADE
1978 04 17 2353 138.531 -35.035 5.2 3.1 MW ADE
1978 04 18 0516 138.740 -34.844 9.0 3.1 MW ADE
1978 04 18 2306 138.531 -35.035 5.2 3.1 MW ADE
1978 04 18 2352 138.893 -34.901 0.0 3.1 MW ADE
1978 04 26 0916 138.254 -30.694 7.7 2.9 MW ADE
1978 05 08 0222 138.619 -30.774 31.3 3.6 MW ADE
1978 08 03 1209 138.906 -31.127 13.3 3.0 MW ADE
1978 09 15 0109 139.019 -31.455 14.1 2.9 MW ADE
1979 01 07 1533 138.221 -32.744 9.5 3.0 MW ADE
1979 01 10 1501 138.512 -33.093 10.8 2.8 MW ADE
1979 03 09 0003 138.430 -31.042 8.5 3.2 MW ADE
1979 03 15 2004 138.645 -32.414 6.3 3.3 MW ADE
1979 06 10 2225 138.774 -34.294 19.5 2.9 MW ADE
1979 06 13 1744 138.706 -33.375 5.9 3.0 MW ADE
1979 06 22 1621 137.143 -29.231 1.5 2.8 MW ADE
1979 07 04 0918 139.185 -34.388 4.2 3.4 MW ADE
1979 07 19 0324 139.249 -31.512 5.9 2.9 MW ADE
1979 08 03 0019 138.631 -33.163 6.2 3.3 MW ADE
1979 09 11 1043 139.161 -31.400 20.1 3.2 MW ADE
1979 10 02 0216 139.221 -33.910 6.3 2.9 MW ADE
1979 10 23 1854 138.919 -32.381 0.0 2.9 MW ADE
1979 11 12 2227 138.772 -31.633 16.8 3.1 MW ADE
1979 11 16 0943 139.370 -31.782 3.5 2.9 MW ADE
1980 01 06 0530 138.786 -31.177 17.1 2.6 MW ADE
1980 01 06 1803 139.211 -33.209 1.3 2.9 MW ADE
1980 01 13 1157 138.304 -33.232 14.1 2.6 MW ADE
1980 01 18 2029 138.538 -33.437 16.7 2.8 MW ADE
1980 02 08 1705 138.149 -33.000 4.9 2.8 MW ADE
1980 02 15 2351 138.259 -31.488 12.0 3.3 MW ADE
1980 02 29 2228 138.323 -33.221 13.8 3.0 MW ADE
1980 03 05 0751 138.974 -34.018 13.4 2.8 MW ADE
1980 03 16 0040 138.643 -31.807 1.9 3.0 MW ADE
1980 03 17 0803 138.742 -32.838 9.0 2.5 MW ADE
1980 03 22 0437 138.350 -32.789 11.2 2.7 MW ADE
1980 03 22 0506 138.717 -31.615 20.4 2.8 MW ADE
1980 03 23 0213 137.427 -29.182 16.5 2.9 MW ADE
1980 03 24 1024 138.599 -33.892 20.4 2.6 MW ADE
1980 03 26 0604 137.916 -29.798 10.9 2.5 MW ADE
1980 03 29 2015 137.953 -32.410 6.4 2.5 MW ADE
1980 04 13 1810 139.308 -29.208 21.5 2.8 MW ADE
1980 04 22 0124 138.722 -32.027 12.1 3.6 MW ADE
1980 04 29 0340 139.127 -32.232 6.8 2.6 MW ADE
1980 05 06 0818 138.609 -33.571 14.9 2.5 MW ADE
1980 05 08 1952 139.124 -33.794 7.7 2.6 MW ADE
1980 05 12 0011 137.545 -29.208 10.2 2.8 MW ADE
1980 05 13 0149 139.137 -30.761 34.7 2.8 MW ADE
1980 05 13 2145 138.434 -31.309 18.2 3.0 MW ADE
1980 05 21 0500 138.275 -33.055 8.0 2.6 MW ADE
1980 06 06 1108 138.650 -31.796 6.7 2.8 MW ADE
1980 06 18 0349 138.681 -31.799 16.7 2.7 MW ADE
1980 07 05 1742 137.982 -33.889 6.4 2.5 MW ADE
1980 07 23 0726 138.720 -31.879 14.2 2.6 MW ADE
1980 08 30 1423 139.361 -31.761 8.0 3.7 MW ADE
1980 10 02 0651 138.267 -32.317 19.8 2.8 MW ADE
1980 10 03 0431 138.073 -32.125 20.9 2.5 MW ADE
1980 10 06 1156 138.923 -33.667 7.9 2.5 MW ADE
1980 11 04 0708 138.553 -31.589 0.5 2.5 MW ADE
1980 11 08 0317 138.595 -32.176 18.4 3.1 MW ADE
1980 11 10 2151 138.056 -29.929 15.5 2.6 MW ADE
1980 11 12 0747 138.705 -33.171 0.0 2.8 MW ADE
1980 11 13 0856 138.825 -33.739 18.4 3.9 MW ADE
1980 11 15 1734 138.000 -32.522 11.0 2.6 MW ADE
1980 11 21 2007 138.296 -32.699 12.7 2.5 MW ADE
1980 12 03 0448 138.728 -31.600 19.3 2.6 MW ADE
1980 12 10 0624 138.702 -31.308 22.9 3.2 MW ADE
1980 12 20 1753 138.129 -30.073 1.5 2.8 MW ADE
1980 12 22 0424 139.363 -31.787 9.3 3.0 MW ADE
1980 12 28 0821 138.473 -33.400 17.1 2.8 MW ADE
1981 01 15 0629 139.459 -31.777 5.9 3.0 MW ADE
1981 01 29 1630 138.267 -32.750 14.2 3.0 MW ADE
1981 03 04 1058 138.638 -30.061 3.2 2.5 MW ADE
1981 04 02 2257 138.368 -32.233 0.0 2.5 MW ADE
1981 04 08 1730 138.761 -31.724 20.4 3.2 MW ADE
1981 04 10 1723 138.643 -31.702 6.0 2.6 MW ADE
1981 04 15 0703 139.317 -30.821 11.0 2.8 MW ADE
1981 04 15 0753 139.317 -30.821 10.8 2.8 MW ADE
1981 04 21 1929 138.347 -32.271 15.1 2.6 MW ADE
1981 04 22 2226 138.878 -31.963 26.3 2.5 MW ADE
1981 05 13 1749 138.283 -33.181 0.0 2.6 MW ADE
1981 05 15 0527 138.919 -32.167 1.8 2.5 MW ADE
1981 05 18 0530 138.321 -32.481 14.1 2.7 MW ADE
1981 05 22 2214 138.472 -32.568 5.9 2.5 MW ADE
1981 05 26 1245 138.568 -31.667 0.0 2.5 MW ADE
1981 06 22 0617 138.569 -33.534 11.1 3.2 MW ADE
1981 06 27 2233 137.767 -29.747 4.4 2.8 MW ADE
1981 07 15 0209 138.639 -31.366 23.6 3.6 MW ADE
1981 08 01 1506 139.216 -33.965 8.4 3.0 MW ADE
1981 08 01 2016 138.749 -31.630 14.4 3.0 MW ADE
1981 08 17 2144 138.501 -32.675 12.5 2.5 MW ADE
1981 08 19 0327 138.360 -32.783 14.1 2.5 MW ADE
1981 08 19 0729 138.291 -33.021 19.4 2.8 MW ADE
1981 08 27 1919 138.125 -32.685 18.1 3.1 MW ADE
1981 08 27 1933 138.281 -32.760 14.9 3.1 MW ADE
1981 08 31 1935 138.923 -34.709 24.7 3.0 MW ADE
1981 09 10 1748 139.391 -30.773 5.2 2.6 MW ADE
1981 10 01 1717 138.703 -30.196 0.0 2.8 MW ADE
1981 10 02 1755 138.878 -32.476 6.8 3.7 MW ADE
1981 10 15 0142 138.235 -32.736 14.1 3.0 MW ADE
1981 11 06 1949 137.956 -32.235 5.0 2.6 MW ADE
1981 12 06 1240 138.371 -33.383 15.8 2.7 MW ADE
1981 12 10 1720 138.139 -32.764 9.7 2.5 MW ADE
1981 12 11 0517 137.963 -32.200 20.5 3.5 MW ADE
1981 12 26 0405 139.129 -32.902 0.5 2.6 MW ADE
1981 12 26 1351 139.009 -32.284 0.0 3.2 MW ADE
1982 01 13 0657 138.972 -32.331 3.1 2.8 MW ADE
1982 01 15 2136 138.425 -31.514 21.7 2.6 MW ADE
1982 01 18 0316 138.772 -32.143 13.1 2.8 MW ADE
1982 01 22 2310 138.398 -33.323 2.8 2.5 MW ADE
1982 02 06 0352 138.796 -34.542 30.4 2.9 MW ADE
1982 02 07 0321 139.440 -29.123 0.0 2.5 MW ADE
1982 02 08 0138 139.082 -32.069 22.3 3.0 MW ADE
1982 03 21 0313 138.653 -31.715 20.1 3.0 MW ADE
1982 04 02 2137 138.647 -31.782 7.4 2.6 MW ADE
1982 04 09 2033 138.275 -30.509 7.0 2.8 MW ADE
1982 04 12 1811 138.669 -31.357 19.3 2.7 MW ADE
1982 04 18 0408 137.773 -29.647 22.7 2.6 MW ADE
1982 04 19 1558 138.610 -32.354 13.2 3.4 MW ADE
1982 05 28 1312 138.582 -31.569 0.0 2.5 MW ADE
1982 06 10 1346 138.987 -33.292 4.9 2.6 MW ADE
1982 06 14 1533 138.947 -31.355 12.5 2.6 MW ADE
1982 06 16 0043 138.511 -31.916 20.8 2.6 MW ADE
1982 06 16 1108 139.074 -31.381 0.1 2.6 MW ADE
1982 07 08 1432 138.628 -32.809 3.9 3.2 MW ADE
1982 07 15 0144 138.339 -31.048 17.7 3.7 MW ADE
1982 08 05 1526 138.644 -31.435 16.9 2.8 MW ADE
1982 08 09 0231 138.359 -33.131 23.1 2.8 MW ADE
1982 08 09 0852 139.207 -30.492 9.0 2.6 MW ADE
1982 08 27 1513 137.912 -33.033 9.4 2.5 MW ADE
1982 09 02 0749 138.536 -29.956 30.5 3.2 MW ADE
1982 10 20 0433 138.535 -33.102 0.7 2.5 MW ADE
1982 10 28 2029 138.713 -29.626 30.3 2.5 MW ADE
1982 11 07 0337 138.618 -31.265 21.0 3.3 MW ADE
1982 11 29 2011 139.003 -33.676 17.6 2.7 MW ADE
1982 12 15 1812 138.730 -32.891 4.8 2.7 MW ADE
1982 12 23 0817 138.332 -32.840 16.8 2.5 MW ADE
1982 12 24 1550 138.296 -31.619 8.3 2.6 MW ADE
1983 01 18 0938 139.494 -29.157 16.3 2.7 MW ADE
1983 02 08 0716 138.356 -30.702 24.9 2.8 MW ADE
1983 02 08 1538 137.960 -32.501 7.5 2.8 MW ADE
1983 02 25 1955 139.271 -34.188 9.1 3.5 MW ADE
1983 03 11 1930 138.433 -30.624 11.0 2.8 MW ADE
1983 06 15 2314 139.266 -30.066 11.2 2.6 MW ADE
1983 07 29 1714 138.284 -33.039 15.6 3.2 MW ADE
1983 08 10 0027 138.406 -33.445 5.2 2.6 MW ADE
1983 08 22 1724 138.432 -31.984 5.0 2.8 MW ADE
1983 08 30 1638 138.652 -32.230 5.4 2.9 MW ADE
1983 09 18 2026 138.408 -32.017 7.2 2.8 MW ADE
1983 09 21 2338 138.000 -29.827 1.5 2.9 MW ADE
1983 10 03 0754 139.512 -34.114 24.1 2.8 MW ADE
1983 10 29 1548 138.620 -31.386 16.1 3.0 MW ADE
1983 11 11 0232 138.669 -31.479 18.5 3.5 MW ADE
1983 11 21 1612 138.344 -30.708 27.1 2.6 MW ADE
1983 12 11 1003 139.189 -34.550 9.8 2.6 MW ADE
1983 12 29 1741 138.289 -30.755 20.0 4.0 MW ISC
1983 12 31 2304 139.057 -31.535 16.3 2.6 MW ADE
1984 01 12 2241 139.354 -33.234 1.7 2.5 MW ADE
1984 01 30 0101 139.307 -31.743 30.9 3.0 MW ADE
1984 02 01 1417 138.277 -32.859 18.5 2.8 MW ADE
1984 02 07 1802 138.493 -32.283 7.2 2.6 MW ADE
1984 02 11 2336 138.398 -30.814 13.6 2.6 MW ADE
1984 02 25 1350 137.561 -29.797 10.4 3.1 MW ADE
1984 03 04 1150 138.263 -33.063 5.4 2.5 MW ADE
1984 03 06 0902 138.000 -30.718 16.7 3.0 MW ADE
1984 03 13 0704 137.623 -29.667 28.2 2.6 MW ADE
1984 03 17 0423 139.158 -33.287 10.0 3.4 MW ADE
1984 03 23 0840 138.419 -32.009 7.7 3.0 MW ADE
1984 03 25 1042 139.376 -31.765 4.4 2.7 MW ADE
1984 04 02 0506 138.763 -32.313 2.5 2.8 MW ADE
1984 04 07 0100 138.505 -30.477 36.2 2.7 MW ADE
1984 04 07 0754 139.297 -33.211 3.8 2.6 MW ADE
1984 05 01 0733 138.506 -33.308 4.4 2.5 MW ADE
1984 05 06 0230 138.217 -32.851 15.6 2.7 MW ADE
1984 05 22 2101 139.217 -33.248 2.1 2.5 MW ADE
1984 06 03 0325 138.490 -30.450 0.0 3.4 MW BMR
1984 06 15 2000 138.641 -33.452 11.3 2.5 MW ADE
1984 07 01 0234 138.408 -30.701 30.4 2.6 MW ADE
1984 07 10 1413 138.918 -32.331 4.4 2.9 MW ADE
1984 07 17 2007 138.314 -33.173 9.3 2.5 MW ADE
1984 07 20 1405 138.577 -31.442 2.5 2.5 MW ADE
1984 07 26 0339 138.546 -31.929 19.6 2.8 MW ADE
1984 08 06 1132 139.159 -33.256 9.7 2.5 MW ADE
1984 08 15 0033 139.107 -33.751 18.4 2.6 MW ADE
1984 08 19 0612 138.583 -31.551 14.7 2.6 MW ADE
1984 08 21 1345 138.669 -30.484 30.3 3.1 MW ADE
1984 09 09 2034 139.158 -31.707 9.2 2.5 MW ADE
1984 09 22 0052 139.250 -30.153 1.1 2.8 MW ADE
1984 09 22 0205 138.387 -32.028 7.0 2.6 MW ADE
1984 10 06 1158 137.917 -29.974 6.3 2.8 MW ADE
1984 10 08 1639 138.632 -32.265 14.6 2.5 MW ADE
1984 10 15 1823 138.684 -31.324 19.4 2.5 MW ADE
1984 11 27 0632 139.220 -31.215 19.3 3.2 MW ADE
1984 12 07 1841 138.243 -33.054 7.3 2.7 MW ADE
1984 12 18 1612 139.151 -33.735 11.7 2.6 MW ADE
1984 12 30 0413 138.218 -30.994 14.7 3.0 MW ADE
1985 01 10 0312 138.556 -31.789 27.5 2.6 MW ADE
1985 02 06 2335 138.781 -31.917 10.0 2.6 MW ADE
1985 02 17 0112 138.453 -32.572 11.8 2.6 MW ADE
1985 03 10 0051 138.303 -30.445 33.0 3.6 MW ISC
1985 03 17 1401 139.497 -33.870 5.1 2.6 MW ADE
1985 04 06 0044 138.504 -33.536 0.0 2.6 MW ADE
1985 04 09 1118 138.713 -31.569 16.5 2.5 MW ADE
1985 04 16 2215 138.112 -31.370 8.3 2.8 MW ADE
1985 05 28 0400 139.372 -31.792 6.8 3.5 MW ADE
1985 06 16 1345 138.301 -32.799 7.9 2.6 MW ADE
1985 07 01 0039 138.339 -31.981 10.6 3.3 MW ADE
1985 07 04 2111 138.751 -31.430 0.5 3.1 MW ADE
1985 07 26 0359 138.552 -33.518 15.6 2.6 MW ADE
1985 08 04 0958 138.761 -32.962 3.9 2.5 MW ADE
1985 08 09 0437 139.433 -31.820 6.9 2.5 MW ADE
1985 08 09 0444 139.334 -31.795 7.3 3.6 MW ADE
1985 08 20 1540 139.369 -33.831 9.5 3.1 MW ADE
1985 08 31 0545 138.762 -31.215 9.7 2.5 MW ADE
1985 09 08 1545 137.284 -29.514 10.7 3.5 MW ADE
1985 09 16 1850 139.054 -33.877 9.1 2.5 MW ADE
1985 09 24 2322 138.536 -32.729 18.1 2.8 MW ADE
1985 09 24 2330 139.182 -34.419 0.9 2.6 MW ADE
1985 10 15 0040 139.057 -32.692 0.7 2.6 MW ADE
1985 10 19 1316 138.627 -31.372 4.0 2.8 MW ADE
1985 10 22 0917 138.248 -31.905 17.8 2.6 MW ADE
1985 11 04 2334 138.571 -31.081 17.1 2.5 MW ADE
1985 11 09 1554 138.149 -32.145 12.0 2.5 MW ADE
1985 11 10 2208 138.386 -32.740 20.4 3.6 MW ADE
1985 11 19 0439 139.062 -32.703 6.0 3.0 MW ADE
1985 11 21 0735 138.648 -33.169 4.6 2.9 MW ADE
1985 12 05 2127 138.643 -31.013 22.3 2.5 MW ADE
1985 12 21 0209 138.459 -32.291 20.5 2.8 MW ADE
1986 01 04 0626 138.718 -31.542 6.0 3.4 MW ISC
1986 01 09 0319 137.732 -30.012 25.4 2.8 MW ADE
1986 01 14 1411 138.600 -31.613 16.8 3.2 MW ADE
1986 01 19 0537 138.804 -31.939 3.1 2.8 MW ADE
1986 02 03 1705 138.597 -31.633 19.3 3.0 MW ADE
1986 04 09 1942 138.721 -31.517 0.0 2.5 MW ADE
1986 05 08 0818 138.229 -32.724 15.2 3.2 MW ADE
1986 05 20 1358 138.555 -32.610 9.4 3.0 MW ADE
1986 05 24 1858 138.979 -32.542 0.0 2.5 MW ADE
1986 05 28 0634 138.885 -34.090 27.2 2.9 MW ADE
1986 05 30 1612 138.496 -31.462 12.8 2.6 MW ADE
1986 07 15 1439 138.262 -32.624 16.9 2.5 MW ADE
1986 07 18 0429 137.190 -29.846 3.6 2.8 MW ADE
1986 08 25 1719 138.116 -32.462 11.1 2.8 MW ADE
1986 08 26 1953 139.413 -33.840 9.3 2.8 MW ADE
1986 08 28 0557 138.903 -31.310 36.2 2.5 MW ADE
1986 09 09 1752 138.545 -30.357 3.2 2.8 MW ADE
1986 09 09 1754 138.724 -30.293 34.4 2.9 MW ADE
1986 09 22 1211 138.497 -30.490 18.7 2.7 MW ADE
1986 09 27 0403 138.618 -30.127 28.7 2.8 MW ADE
1986 09 30 0805 138.230 -33.060 7.1 2.7 MW ADE
1986 10 10 1232 138.824 -32.241 0.0 2.6 MW ADE
1986 10 16 0318 138.615 -34.641 0.0 2.5 MW ADE
1986 11 07 0546 139.140 -33.508 11.0 2.5 MW ADE
1986 11 16 0449 137.987 -30.051 19.5 2.5 MW ADE
1986 11 25 1740 138.300 -33.089 13.4 2.7 MW ADE
1986 12 04 1140 139.086 -32.394 25.8 2.6 MW ADE
1986 12 25 1340 138.688 -34.012 1.9 2.5 MW ADE
1986 12 30 1607 137.906 -29.898 0.0 2.6 MW ADE
1987 01 08 0704 138.803 -32.159 28.1 2.6 MW ADE
1987 01 18 1710 138.308 -33.154 20.3 2.8 MW ADE
1987 01 20 0713 138.580 -30.389 4.1 2.7 MW ADE
1987 01 26 2252 138.381 -32.509 14.5 2.8 MW ADE
1987 02 09 1335 138.320 -31.302 12.1 2.7 MW ADE
1987 02 14 0403 138.270 -32.847 14.9 2.6 MW ADE
1987 02 24 2036 138.922 -31.547 15.0 2.6 MW ADE
1987 03 13 0452 137.881 -29.736 32.6 2.9 MW ADE
1987 03 22 1810 137.966 -29.927 0.0 2.7 MW ADE
1987 03 28 2131 139.053 -31.441 10.7 2.7 MW ADE
1987 04 12 1038 138.375 -30.780 12.2 2.6 MW ADE
1987 05 04 0602 138.226 -32.981 11.1 2.8 MW ADE
1987 05 07 1508 138.852 -32.276 0.0 2.6 MW ADE
1987 05 21 0454 138.977 -31.168 10.7 2.5 MW ADE
1987 06 19 0740 138.943 -31.999 7.3 2.5 MW ADE
1987 06 27 0844 137.982 -29.674 24.5 2.6 MW ADE
1987 07 01 0612 138.595 -31.500 17.4 2.6 MW ADE
1987 07 02 2343 138.160 -32.798 13.2 2.5 MW ADE
1987 07 09 0538 138.406 -32.514 16.4 2.6 MW ADE
1987 07 28 1637 139.140 -33.725 7.8 2.6 MW ADE
1987 08 18 0519 138.469 -33.399 18.8 2.8 MW ADE
1987 08 19 0325 138.515 -30.239 11.0 3.2 MW BMR
1987 08 20 1336 138.520 -35.369 25.5 2.6 MW ADE
1987 08 21 0658 138.692 -32.343 12.4 2.8 MW ADE
1987 09 07 0434 138.336 -32.266 12.3 2.5 MW ADE
1987 10 01 0013 139.196 -33.457 15.8 3.1 MW ADE
1987 10 06 0909 138.488 -31.566 2.7 2.6 MW ADE
1987 10 10 1951 138.347 -32.309 15.3 2.8 MW ADE
1987 10 12 1541 138.876 -30.961 35.7 2.6 MW ADE
1987 11 30 1954 138.982 -31.219 24.8 2.8 MW ADE
1987 12 22 1202 138.073 -32.706 12.5 3.1 MW ADE
1987 12 25 1701 138.749 -31.767 21.2 2.9 MW ADE
1988 01 06 0129 138.029 -32.696 15.6 3.0 MW ADE
1988 01 06 0853 138.199 -32.830 18.9 2.8 MW ADE
1988 01 07 0113 138.757 -33.701 21.6 3.1 MW ADE
1988 01 21 1313 138.312 -30.373 11.2 2.6 MW ADE
1988 03 16 0403 138.384 -31.667 3.1 2.6 MW ADE
1988 03 19 1526 138.601 -31.423 8.9 2.8 MW ADE
1988 04 11 0401 138.238 -32.358 23.9 2.6 MW ADE
1988 05 12 0546 138.624 -33.395 9.1 2.6 MW ADE
1988 05 22 0701 138.932 -33.671 10.0 2.5 MW ADE
1988 05 29 0907 138.540 -33.452 19.0 2.6 MW ADE
1988 06 15 1335 138.356 -33.335 10.7 2.5 MW ADE
1988 06 23 1105 139.071 -33.745 9.1 2.5 MW ADE
1988 06 23 1218 138.521 -30.792 9.6 2.8 MW ADE
1988 08 03 0739 138.921 -29.832 12.9 3.0 MW ADE
1988 08 25 0139 138.592 -31.660 14.2 3.1 MW ADE
1988 09 01 0040 138.296 -33.273 5.9 2.8 MW ADE
1988 09 11 0328 138.827 -31.631 8.3 3.0 MW ADE
1988 09 23 1753 138.829 -33.116 3.2 2.8 MW ADE
1988 09 30 0618 138.082 -32.058 5.2 2.6 MW ADE
1988 10 16 0827 138.678 -31.713 15.6 2.5 MW ADE
1988 10 24 1155 138.686 -31.474 15.9 3.2 MW ADE
1988 11 07 0615 138.309 -32.463 8.4 2.6 MW ADE
1989 01 06 1305 139.629 -30.197 2.0 2.5 MW ADE
1989 01 11 0551 138.985 -33.281 11.8 2.9 MW ADE
1989 01 27 0051 138.676 -31.684 10.0 2.7 MW ADE
1989 01 28 0420 138.396 -32.451 0.0 2.6 MW ADE
1989 02 21 1510 139.071 -31.561 10.0 2.6 MW ADE
1989 02 27 0935 139.211 -34.596 15.2 2.7 MW ADE
1989 02 28 1023 138.327 -32.528 16.6 2.5 MW ADE
1989 03 03 1210 137.972 -29.540 23.0 2.8 MW ADE
1989 04 08 0418 138.575 -32.818 0.0 2.8 MW ADE
1989 04 23 0926 138.648 -31.435 17.1 2.7 MW ADE
1989 04 24 1840 138.316 -32.017 12.1 2.5 MW ADE
1989 05 03 0432 138.398 -32.720 20.8 2.8 MW ADE
1989 05 03 0606 139.014 -31.520 16.8 3.2 MW ADE
1989 05 06 2235 138.229 -32.714 10.4 2.6 MW ADE
1989 05 16 0231 137.976 -32.286 6.6 2.8 MW ADE
1989 06 01 1557 138.608 -31.228 11.4 2.5 MW ADE
1989 06 01 2353 139.678 -33.849 12.9 3.0 MW ADE
1989 06 12 0345 138.189 -32.070 13.0 2.8 MW ADE
1989 06 14 1716 138.887 -31.852 10.1 2.6 MW ADE
1989 06 19 1814 138.196 -29.861 16.0 2.8 MW ADE
1989 06 26 1118 138.546 -31.438 14.5 3.6 MW ADE
1989 06 30 0120 138.566 -33.485 8.7 2.6 MW ADE
1989 07 02 1021 138.632 -35.311 3.2 2.5 MW ADE
1989 07 06 1224 137.834 -35.001 7.6 2.7 MW ADE
1989 07 12 0229 138.607 -32.825 8.9 2.6 MW ADE
1989 07 13 0946 138.426 -33.104 10.9 2.5 MW ADE
1989 08 07 0340 138.549 -31.598 12.6 2.6 MW ADE
1989 08 08 0642 139.212 -31.929 14.7 2.7 MW ADE
1989 08 21 0913 139.339 -34.095 7.3 2.5 MW ADE
1989 09 02 0308 138.097 -30.407 10.3 2.5 MW ADE
1989 09 07 2351 139.069 -34.109 7.7 2.5 MW ADE
1989 09 21 0312 138.327 -33.312 6.1 2.6 MW ADE
1989 09 21 0615 138.651 -33.846 5.4 2.8 MW ADE
1989 09 29 2203 138.757 -31.915 13.4 2.8 MW ADE
1989 10 09 1425 138.194 -32.718 9.5 2.5 MW ADE
1989 10 15 1135 138.668 -32.272 15.0 3.1 MW ADE
1989 11 02 1140 138.070 -31.884 8.7 2.5 MW ADE
1989 12 05 1702 138.382 -30.338 15.8 2.6 MW ADE
1989 12 30 1552 137.782 -30.099 8.9 2.6 MW ADE
1990 01 02 1446 138.927 -31.757 0.5 2.6 MW ADE
1990 01 19 1621 139.361 -33.802 7.5 3.0 MW ADE
1990 02 11 0937 139.472 -30.282 6.7 2.6 MW ADE
1990 02 15 0444 138.816 -33.998 14.1 2.6 MW ADE
1990 03 05 0655 139.047 -33.047 6.6 3.1 MW ADE
1990 03 10 2244 138.355 -33.798 19.8 2.7 MW ADE
1990 03 25 2124 138.350 -32.396 8.7 2.5 MW ADE
1990 03 31 2018 138.927 -32.223 2.0 2.8 MW ADE
1990 04 05 1002 138.511 -31.108 15.8 3.0 MW ADE
1990 04 09 1846 138.718 -30.029 17.0 2.7 MW ADE
1990 04 10 0627 138.130 -29.300 9.3 2.8 MW ADE
1990 04 11 1300 138.808 -29.854 10.0 2.6 MW ADE
1990 05 04 1400 138.318 -32.430 7.7 2.5 MW ADE
1990 05 06 1003 139.346 -33.895 8.2 3.2 MW ADE
1990 05 27 1020 138.791 -33.280 13.5 2.5 MW ADE
1990 06 02 0549 138.055 -34.600 10.9 2.8 MW ADE
1990 06 11 1508 138.446 -33.699 18.4 2.9 MW ADE
1990 06 13 2023 138.318 -33.160 14.6 3.1 MW ADE
1990 07 02 0144 137.670 -29.638 9.9 2.5 MW ADE
1990 07 09 0227 138.438 -32.228 7.5 2.6 MW ADE
1990 08 11 0040 138.595 -31.313 7.3 2.5 MW ADE
1990 08 20 1356 138.706 -31.115 10.9 3.0 MW ADE
1990 08 21 1049 138.691 -32.016 6.1 2.8 MW ADE
1990 08 23 0740 138.276 -31.892 1.8 2.8 MW ADE
1990 08 26 0139 138.686 -32.102 8.9 2.7 MW ADE
1990 08 29 0225 139.544 -33.789 9.4 2.6 MW ADE
1990 09 07 0128 138.909 -31.674 12.2 2.6 MW ADE
1990 09 09 1126 138.613 -33.465 16.3 2.6 MW ADE
1990 09 28 1107 138.584 -32.634 1.0 2.5 MW ADE
1990 10 04 1220 138.720 -31.468 9.5 2.5 MW ADE
1990 10 20 0033 137.984 -32.399 7.3 2.8 MW ADE
1990 11 07 1701 138.457 -31.837 12.9 2.6 MW ADE
1990 11 18 1642 138.208 -30.522 18.0 2.8 MW ADE
1990 12 03 1318 139.260 -31.565 4.5 3.7 MW ADE
1990 12 13 0628 138.987 -33.017 6.0 3.0 MW ADE
1991 01 10 0407 138.185 -32.335 26.9 3.2 MW ADE
1991 01 13 0303 138.984 -32.063 8.0 2.8 MW ADE
1991 01 13 1609 138.532 -33.247 5.5 2.6 MW ADE
1991 01 26 0312 138.144 -32.328 24.9 2.7 MW ADE
1991 02 12 1818 137.687 -34.511 8.6 2.8 MW ADE
1991 02 18 0306 138.346 -31.867 12.7 2.8 MW ADE
1991 02 23 2001 138.777 -32.022 8.9 2.7 MW ADE
1991 04 01 1020 138.301 -33.282 10.0 2.6 MW ADE
1991 04 03 1929 138.233 -32.663 10.7 2.5 MW ADE
1991 04 12 2306 138.405 -32.560 10.0 2.6 MW ADE
1991 04 16 2359 138.775 -31.666 16.7 2.6 MW ADE
1991 04 20 0014 138.186 -35.760 8.0 2.6 MW ADE
1991 04 20 0015 138.626 -31.313 15.9 2.7 MW ADE
1991 04 24 1518 139.055 -34.111 8.2 2.6 MW ADE
1991 05 05 1426 139.203 -31.028 2.7 3.2 MW ADE
1991 05 11 2103 138.292 -33.144 9.3 2.5 MW ADE
1991 05 16 1443 139.005 -32.342 10.0 2.8 MW ADE
1991 05 26 0017 138.543 -32.629 12.4 2.5 MW ADE
1991 06 01 0852 137.995 -32.277 10.8 2.6 MW ADE
1991 07 06 1125 138.351 -33.349 5.5 2.5 MW ADE
1991 08 15 2235 138.399 -30.459 10.0 2.5 MW ADE
1991 08 17 0628 139.085 -34.365 12.9 3.7 MW ADE
1991 09 02 2213 138.998 -32.724 2.8 3.6 MW ADE
1991 10 08 1515 138.867 -32.210 12.6 2.8 MW ADE
1991 10 14 1412 138.689 -33.220 9.6 2.6 MW ADE
1991 10 26 1326 138.228 -33.999 7.0 2.8 MW ADE
1991 11 03 1155 138.712 -33.169 13.0 3.0 MW ADE
1991 11 08 2029 137.920 -33.015 12.2 2.5 MW ADE
1991 11 29 0945 138.359 -31.527 8.5 3.5 MW ADE
1991 12 04 1209 138.040 -34.112 10.3 2.6 MW ADE
1991 12 08 0928 138.694 -32.020 11.5 2.5 MW ADE
1991 12 21 1442 139.141 -32.660 10.4 2.6 MW ADE
1991 12 26 0006 138.824 -31.360 6.4 2.8 MW ADE
1992 01 03 1817 138.044 -31.327 9.4 2.6 MW ADE
1992 01 03 2120 138.253 -31.441 4.0 2.6 MW ADE
1992 01 04 2330 139.211 -33.308 8.3 2.7 MW ADE
1992 01 06 0007 138.333 -31.509 4.0 2.7 MW ADE
1992 01 06 1804 139.206 -33.979 8.0 2.5 MW ADE
1992 01 22 2247 138.053 -33.102 6.5 2.6 MW ADE
1992 01 23 0733 138.358 -31.566 4.2 2.8 MW ADE
1992 01 29 2242 138.317 -32.678 7.2 2.6 MW ADE
1992 01 30 1510 138.326 -31.405 6.8 2.8 MW ADE
1992 01 30 1515 138.330 -31.520 8.0 2.6 MW ADE
1992 02 04 0045 138.365 -31.506 14.7 2.6 MW ADE
1992 02 12 1301 139.137 -33.214 7.2 2.6 MW ADE
1992 02 16 1909 139.456 -31.006 3.4 2.6 MW ADE
1992 02 25 2006 138.115 -33.333 4.5 2.8 MW ADE
1992 03 24 1555 138.439 -33.419 2.0 2.8 MW ADE
1992 03 24 1930 138.344 -32.520 4.2 2.8 MW ADE
1992 05 08 2158 139.386 -31.496 7.3 2.5 MW ADE
1992 05 18 2209 138.625 -32.126 16.1 2.6 MW ADE
1992 05 27 1017 138.487 -33.076 2.2 3.0 MW ADE
1992 06 11 1914 138.267 -33.167 5.0 3.2 MW ADE
1992 07 28 0933 138.783 -31.221 13.2 3.6 MW ADE
1992 08 17 2001 138.556 -33.905 11.4 3.2 MW ADE
1992 09 01 1104 138.659 -31.758 10.2 2.8 MW ADE
1992 10 02 0021 138.807 -31.631 16.0 2.6 MW ADE
1992 10 10 1919 138.431 -30.839 14.4 3.0 MW ADE
1992 10 19 0251 138.330 -33.251 6.2 2.7 MW ADE
1992 10 21 1340 138.384 -33.463 8.1 2.5 MW ADE
1992 11 12 0412 138.617 -30.026 13.9 2.5 MW ADE
1992 12 12 1818 139.184 -33.736 16.6 2.8 MW ADE
1992 12 15 0135 138.347 -31.534 7.9 3.2 MW ADE
1992 12 17 1803 138.996 -33.030 6.5 3.5 MW ADE
1992 12 29 2303 138.852 -32.610 12.4 2.5 MW ADE
1993 01 08 2104 138.395 -32.633 12.4 2.7 MW ADE
1993 01 18 2305 138.943 -33.095 12.9 2.8 MW ADE
1993 01 29 0546 138.420 -29.383 2.0 2.5 MW ADE
1993 02 09 1534 139.016 -30.985 11.5 3.0 MW ADE
1993 03 08 0404 139.149 -33.672 12.3 2.9 MW ADE
1993 03 19 1315 138.649 -31.386 12.5 2.8 MW ADE
1993 04 05 2142 138.915 -33.070 9.3 2.8 MW ADE
1993 04 20 1446 138.909 -33.035 8.4 3.3 MW ADE
1993 04 29 1914 137.903 -33.171 11.1 2.6 MW ADE
1993 05 08 1119 138.158 -31.896 7.9 3.0 MW ADE
1993 05 08 1159 138.034 -31.860 4.3 2.6 MW ADE
1993 05 08 1600 138.572 -35.296 5.0 2.6 MW ADE
1993 05 10 0821 138.261 -32.865 18.1 3.2 MW ADE
1993 05 21 0354 139.001 -33.761 11.6 2.8 MW ADE
1993 06 24 0659 139.145 -31.597 11.0 3.0 MW ADE
1993 07 22 1619 138.062 -29.962 6.3 2.6 MW ADE
1993 07 27 1808 139.078 -33.776 8.0 2.5 MW ADE
1993 07 29 0045 138.308 -33.225 10.0 2.6 MW ADE
1993 08 13 0036 139.025 -33.073 2.9 3.0 MW ADE
1993 08 25 0933 138.929 -31.366 5.8 2.6 MW ADE
1993 08 28 1159 138.997 -33.053 5.6 2.5 MW ADE
1993 09 05 1018 139.010 -31.414 16.1 2.9 MW ADE
1993 09 16 0558 139.040 -34.434 12.0 2.6 MW ADE
1993 09 19 2327 138.795 -32.080 9.4 2.8 MW ADE
1993 09 24 1819 138.357 -32.437 1.7 3.0 MW ADE
1993 10 17 0909 139.023 -34.443 12.0 2.6 MW ADE
1993 10 27 1410 138.032 -32.194 12.2 2.5 MW ADE
1993 10 28 1317 139.009 -33.041 4.4 2.7 MW ADE
1993 10 28 1658 138.960 -33.725 8.3 3.0 MW ADE
1993 11 07 1920 137.726 -29.710 9.9 2.8 MW ADE
1993 11 16 1806 138.511 -32.407 0.9 2.5 MW ADE
1993 12 26 1300 138.894 -33.770 8.3 2.6 MW ADE
1994 01 01 1642 138.475 -33.138 12.2 2.7 MW ADE
1994 01 10 0134 138.119 -31.874 9.2 2.5 MW ADE
1994 02 09 1746 138.021 -30.381 9.0 2.7 MW ADE
1994 04 17 1258 138.973 -33.035 8.3 3.1 MW ADE
1994 05 09 1432 138.996 -33.045 5.8 2.5 MW ADE
1994 06 07 0254 138.436 -31.571 4.1 2.6 MW ADE
1994 06 19 0224 138.363 -33.168 11.4 3.2 MW ADE
1994 06 19 0451 138.098 -30.962 3.2 2.5 MW ADE
1994 06 21 0042 138.314 -30.410 17.4 2.8 MW ADE
1994 06 24 0559 138.640 -30.647 12.6 3.0 MW ADE
1994 07 06 1208 138.508 -31.059 11.3 2.6 MW ADE
1994 07 08 1840 138.913 -30.556 13.7 3.3 MW ADE
1994 07 20 1505 138.872 -33.829 15.2 3.0 MW ADE
1994 08 10 2037 139.150 -34.161 17.7 3.2 MW ADE
1994 08 29 1113 138.538 -30.775 3.5 2.6 MW ADE
1994 09 04 2144 137.987 -30.302 7.5 3.1 MW ADE
1994 09 12 2123 138.969 -33.032 5.0 2.8 MW ADE
1994 09 28 1721 138.768 -33.662 2.0 2.7 MW ADE
1994 09 28 2146 139.478 -34.201 9.2 2.8 MW ADE
1994 10 04 2114 138.011 -30.454 9.3 2.7 MW ADE
1994 10 06 0403 138.989 -30.054 7.5 2.5 MW ADE
1994 10 30 0233 138.922 -33.099 10.5 2.5 MW ADE
1994 11 02 1412 139.018 -33.760 16.8 2.6 MW ADE
1994 11 03 1120 138.804 -33.482 18.3 2.7 MW ADE
1994 11 06 2330 138.097 -32.248 15.4 2.8 MW ADE
1994 11 30 1953 138.157 -30.402 5.1 3.8 MW ADE
1994 12 25 0003 137.607 -29.343 9.3 2.5 MW ADE
1995 01 16 2017 138.895 -33.578 15.4 2.6 MW ADE
1995 02 11 2059 138.458 -30.474 0.5 2.5 MW ADE
1995 03 12 1136 138.354 -32.623 10.4 3.0 MW ADE
1995 03 20 0716 138.626 -31.496 19.8 2.6 MW ADE
1995 04 11 1549 138.905 -31.251 5.4 3.1 MW ADE
1995 04 26 0740 138.475 -33.433 6.1 2.8 MW ADE
1995 05 11 0008 139.293 -30.676 4.7 2.7 MW ADE
1995 05 17 1746 138.705 -32.116 15.4 2.8 MW ADE
1995 05 20 2352 138.631 -31.591 9.5 2.8 MW ADE
1995 06 25 0644 138.625 -33.563 11.0 2.6 MW ADE
1995 06 27 2307 138.440 -33.010 12.3 2.6 MW ADE
1995 07 27 0420 138.289 -33.145 9.2 2.6 MW ADE
1995 08 16 1821 138.328 -32.797 9.4 2.8 MW ADE
1995 08 19 1804 138.820 -31.877 6.0 2.5 MW ADE
1995 08 27 2044 138.440 -31.157 14.9 2.6 MW ADE
1995 09 01 0653 137.879 -29.777 9.3 2.5 MW ADE
1995 10 10 0414 138.510 -32.601 5.0 2.8 MW ADE
1995 10 21 0741 138.625 -32.475 3.5 2.6 MW ADE
1995 10 26 0025 138.983 -33.737 9.8 2.6 MW ADE
1995 10 29 1341 139.481 -28.895 10.0 2.5 MW ADE
1995 11 05 0734 137.000 -29.880 9.3 2.9 MW ADE
1995 11 13 0400 138.466 -32.584 7.8 3.6 MW ADE
1995 11 18 1325 138.757 -31.196 19.1 3.0 MW ADE
1995 11 20 1559 138.860 -31.784 4.3 2.7 MW ADE
1995 12 04 1931 137.834 -35.394 17.9 2.7 MW ADE
1995 12 22 1057 138.591 -31.630 9.3 2.7 MW ADE
1995 12 24 1712 138.444 -35.205 19.4 2.8 MW ADE
1996 01 02 0459 138.360 -30.380 0.0 3.0 MW EIDC
1996 01 09 2059 138.705 -30.075 0.0 3.2 MW ISC
1996 01 10 2129 139.104 -34.290 9.6 2.6 MW ADE
1996 01 13 0459 138.460 -30.270 0.0 3.1 MW EIDC
1996 01 23 1520 138.467 -32.449 6.3 2.6 MW ADE
1996 01 24 2059 138.346 -30.333 0.0 3.1 MW ISC
1996 02 26 1718 138.977 -33.732 3.1 2.6 MW ADE
1996 02 26 1939 137.860 -32.918 11.0 2.6 MW ADE
1996 03 15 1859 138.666 -31.350 17.0 2.8 MW ADE
1996 03 23 1610 138.709 -31.335 9.0 3.1 MW ADE
1996 04 04 0459 138.908 -33.705 11.5 2.8 MW ADE
1996 04 25 2344 138.969 -31.628 13.6 2.8 MW ADE
1996 05 16 0221 138.643 -31.377 14.4 2.8 MW ADE
1996 06 18 2140 139.228 -33.975 7.9 2.6 MW ADE
1996 06 27 0133 138.711 -32.116 10.4 2.8 MW ADE
1996 07 22 1009 138.872 -31.190 6.8 3.7 MW ADE
1996 08 10 1414 138.425 -31.488 12.2 2.8 MW ADE
1996 08 15 1425 138.363 -32.026 5.0 2.6 MW ADE
1996 08 31 0855 138.625 -31.223 3.7 3.0 MW ADE
1996 09 03 0559 138.330 -30.920 0.0 3.0 MW EIDC
1996 09 29 0029 138.790 -30.110 0.0 2.8 MW EIDC
1996 10 15 0559 138.370 -30.390 0.0 2.9 MW EIDC
1996 10 17 1735 138.272 -32.417 13.3 2.5 MW ADE
1996 11 03 0953 138.331 -32.751 9.3 2.5 MW ADE
1996 11 09 1126 139.140 -30.130 0.0 3.0 MW EIDC
1996 11 19 0459 137.950 -30.590 0.0 3.0 MW EIDC
1996 11 21 0606 139.183 -31.732 16.8 2.9 MW ADE
1996 11 25 1650 139.313 -31.207 7.6 2.6 MW ADE
1996 12 01 0440 138.467 -32.599 9.5 2.6 MW ADE
1996 12 03 1734 137.973 -29.396 8.1 2.8 MW ADE
1996 12 16 2302 138.983 -33.530 11.1 3.0 MW ADE
1996 12 22 1236 138.584 -33.461 7.6 2.5 MW ADE
1997 01 13 1227 138.279 -30.773 12.6 2.6 MW ADE
1997 01 14 0615 139.253 -34.014 9.9 2.5 MW ADE
1997 03 05 0615 138.979 -33.817 21.7 4.7 MW ADE
1997 03 25 0335 139.008 -33.068 9.9 2.5 MW ADE
1997 03 28 1042 137.954 -32.248 8.4 2.6 MW ADE
1997 04 03 1556 138.598 -31.044 14.1 3.0 MW ADE
1997 05 01 1602 138.343 -32.471 13.3 2.5 MW ADE
1997 05 03 2254 138.616 -33.735 5.0 3.3 MW ADE
1997 05 16 2134 138.091 -29.638 19.0 2.7 MW ADE
1997 05 23 0008 138.251 -32.403 9.6 2.6 MW ADE
1997 05 23 1326 138.212 -32.853 14.5 2.5 MW ADE
1997 07 23 1601 138.960 -33.730 0.0 2.6 MW ADE
1997 08 03 0708 138.583 -32.917 2.0 2.6 MW ADE
1997 08 14 2231 138.850 -32.605 2.9 2.5 MW ADE
1997 08 26 0047 137.516 -29.529 6.8 2.6 MW ADE
1997 09 08 1528 138.544 -32.906 10.3 2.8 MW ADE
1997 09 11 0911 138.643 -31.698 22.2 2.8 MW ADE
1997 10 22 1516 138.748 -32.551 11.3 2.6 MW ADE
1997 11 25 1543 138.386 -31.154 1.7 2.6 MW ADE
1997 11 29 0519 139.341 -33.856 8.1 2.9 MW ADE
1997 12 13 2310 138.793 -32.380 8.7 2.9 MW ADE
1997 12 26 0804 138.313 -32.967 22.7 2.7 MW ADE
1998 01 13 0802 138.689 -35.230 16.1 2.5 MW ADE
1998 01 28 0845 138.598 -32.885 4.6 3.3 MW ADE
1998 01 28 1554 138.601 -33.558 11.7 2.8 MW ADE
1998 01 31 0747 137.566 -29.793 6.7 2.6 MW ADE
1998 02 15 0805 137.768 -30.956 15.0 2.5 MW ADE
1998 02 25 0124 138.284 -33.260 10.6 2.5 MW ADE
1998 03 22 1716 138.537 -32.229 16.8 2.6 MW ADE
1998 04 05 0951 137.890 -29.986 7.2 2.5 MW ADE
1998 04 19 1350 137.986 -30.277 11.4 2.5 MW ADE
1998 04 27 1749 137.891 -29.577 10.0 2.6 MW ADE
1998 05 14 1625 138.493 -33.181 7.3 2.7 MW ADE
1998 07 07 0808 138.994 -31.991 12.1 2.6 MW ADE
1998 07 09 0558 138.253 -33.519 10.2 2.8 MW ADE
1998 07 16 1540 138.570 -31.876 5.6 2.6 MW ADE
1998 08 07 1706 137.593 -34.871 17.8 2.5 MW ADE
1998 08 26 1548 138.084 -35.519 26.1 2.5 MW ADE
1998 09 10 2028 138.788 -33.090 3.7 2.8 MW ADE
1998 09 20 1518 138.023 -30.365 10.0 2.6 MW ADE
1998 09 21 0906 137.438 -29.330 15.8 3.2 MW ADE
1998 10 16 1709 137.903 -30.234 4.4 2.8 MW ADE
1998 10 31 0719 138.315 -32.678 15.6 2.7 MW ADE
1998 11 14 1747 139.316 -31.213 12.7 2.8 MW ADE
1998 11 15 0939 139.400 -34.126 10.0 3.0 MW ADE
1998 11 22 1337 137.667 -29.506 15.9 3.0 MW ADE
1998 12 17 0617 138.206 -32.917 11.2 3.0 MW ADE
1998 12 17 2354 138.371 -32.382 8.4 3.1 MW ADE
1999 01 02 0545 138.457 -32.203 13.0 2.5 MW ADE
1999 01 09 0059 138.304 -30.321 10.0 2.9 MW ISC
1999 01 13 1111 138.301 -33.049 13.1 2.6 MW ADE
1999 01 20 0314 138.593 -32.791 6.9 2.6 MW ADE
1999 01 22 1515 139.078 -33.795 20.7 3.4 MW ADE
1999 01 26 0536 139.329 -33.928 23.0 3.2 MW ADE
1999 02 04 1332 138.295 -35.632 18.2 2.6 MW ADE
1999 02 07 0745 138.996 -33.793 0.2 2.8 MW ADE
1999 03 17 0721 138.845 -30.969 2.4 3.2 MW ADE
1999 03 25 1654 138.600 -32.221 15.8 2.6 MW ADE
1999 03 29 1041 138.849 -32.623 3.2 3.0 MW ADE
1999 04 04 0126 138.657 -31.619 9.5 2.8 MW ADE
1999 04 20 0146 138.766 -33.128 9.2 3.0 MW ADE
1999 04 22 1141 138.317 -32.697 14.5 2.7 MW ADE
1999 04 22 2230 138.682 -31.390 8.7 2.5 MW ADE
1999 04 22 2314 138.977 -32.236 1.5 2.7 MW ADE
1999 04 29 0842 138.755 -33.146 7.8 2.5 MW ADE
1999 05 10 0351 138.576 -31.730 14.7 2.8 MW ADE
1999 05 10 1652 138.599 -33.524 12.2 2.6 MW ADE
1999 06 10 2024 138.756 -32.296 16.8 2.5 MW ADE
1999 06 28 1659 138.668 -33.128 11.2 2.5 MW ADE
1999 08 06 0033 138.325 -31.860 18.8 3.2 MW ADE
1999 08 06 0821 138.276 -32.836 16.9 3.1 MW ADE
1999 08 18 1101 138.464 -33.274 19.5 3.9 MW ADE
1999 09 02 0016 138.326 -32.313 12.7 3.2 MW ADE
1999 09 04 2304 138.507 -30.907 0.5 2.5 MW ADE
1999 09 06 0837 138.400 -31.875 11.1 3.3 MW ADE
1999 09 24 2058 139.341 -34.354 9.2 2.9 MW ADE
1999 10 17 1311 139.075 -30.445 12.4 2.8 MW ADE
1999 10 20 0228 138.016 -34.567 12.4 2.6 MW ADE
1999 10 31 1236 138.572 -32.407 5.2 3.3 MW ADE
1999 11 09 0920 139.141 -32.745 1.6 2.5 MW ADE
1999 12 31 0848 139.366 -33.163 6.0 2.9 MW ADE
2000 01 09 2135 138.594 -31.142 7.7 2.8 MW ADE
2000 02 11 1726 138.977 -34.494 12.9 2.7 MW ADE
2000 02 29 0421 138.924 -33.380 7.4 2.6 MW ADE
2000 03 01 2048 139.042 -33.282 2.6 2.5 MW ADE
2000 03 10 0322 137.934 -35.573 18.3 2.7 MW ADE
2000 03 11 0329 138.443 -33.727 21.8 3.0 MW ADE
2000 03 11 0702 138.810 -31.597 21.1 2.6 MW ADE
2000 03 27 0548 137.455 -29.344 12.0 3.4 MW ADE
2000 04 01 0801 138.391 -31.851 7.6 3.0 MW ADE
2000 04 02 0724 138.726 -32.318 7.4 2.6 MW ADE
2000 06 05 2249 138.835 -33.546 10.8 2.7 MW ADE
2000 07 01 1029 138.349 -32.723 5.5 2.6 MW ADE
2000 07 12 2121 138.534 -32.596 13.8 3.0 MW ADE
2000 07 24 0337 139.320 -29.445 16.2 2.9 MW ADE
2000 08 04 0244 138.822 -33.032 2.4 2.5 MW ADE
2000 08 30 1704 138.700 -32.601 18.8 2.6 MW ADE
2000 10 01 0623 137.683 -29.782 12.1 3.5 MW ADE
2000 10 12 2322 138.777 -31.641 23.8 2.9 MW ADE
2000 11 01 1029 138.739 -32.134 12.2 2.6 MW ADE
2001 01 21 1441 138.576 -32.329 12.8 2.6 MW ADE
2001 01 25 2304 138.916 -32.325 5.6 2.7 MW ADE
2001 01 29 0831 138.444 -30.972 11.6 3.0 MW ADE
2001 03 07 0520 137.752 -29.782 1.0 2.7 MW ADE
2001 03 09 2250 138.265 -30.180 6.6 2.6 MW ADE
2001 03 14 0243 139.116 -33.765 18.8 2.5 MW ADE
2001 03 24 0732 138.377 -31.944 12.5 2.6 MW ADE
2001 03 29 0600 138.757 -29.607 33.0 3.0 MW ISC
2001 03 30 0659 138.332 -30.322 6.7 2.8 MW ISC
2001 04 04 1417 138.949 -33.149 7.6 3.0 MW ADE
2001 04 12 0727 138.271 -33.210 15.9 3.2 MW ADE
2001 04 13 0621 138.305 -33.418 10.0 2.6 MW ADE
2001 04 13 1732 138.364 -35.554 7.9 2.7 MW ADE
2001 05 09 0218 138.618 -33.669 22.7 3.0 MW ADE
2001 05 14 0743 138.797 -32.383 5.1 2.6 MW ADE
2001 05 21 1323 138.550 -33.486 10.6 2.7 MW ADE
2001 06 03 2354 137.755 -29.773 10.2 2.7 MW ADE
2001 06 07 1242 138.547 -32.492 10.7 2.5 MW ADE
2001 06 14 1205 138.130 -31.837 18.0 3.7 MW ADE
2001 09 26 2059 138.653 -32.888 10.0 2.5 MW ADE
2001 10 12 0550 138.387 -32.673 19.6 2.7 MW ADE
2001 11 08 1050 138.172 -34.846 22.1 3.0 MW ADE
2001 11 10 0207 138.432 -33.469 10.9 2.8 MW ADE
2001 11 13 0415 138.259 -32.840 15.8 2.6 MW ADE
2001 11 22 1629 138.702 -31.453 19.5 3.3 MW ADE
2001 12 06 1731 138.448 -31.921 13.9 3.2 MW ADE
2001 12 17 0459 138.123 -30.657 10.0 2.7 MW ISC
2002 01 28 2247 138.865 -34.155 13.2 2.5 MW ADE
2002 02 10 1917 139.443 -33.964 7.9 2.6 MW ADE
2002 02 18 1913 138.410 -31.558 11.3 2.6 MW ADE
2002 02 24 1829 138.570 -31.499 10.5 2.8 MW ADE
2002 03 01 1538 138.534 -31.914 15.5 2.6 MW ADE
2002 03 11 2229 138.343 -30.313 10.0 2.8 MW ISC
2002 03 12 2324 138.197 -31.903 10.7 2.5 MW ADE
2002 03 16 1807 138.612 -33.846 13.2 2.6 MW ADE
2002 03 19 0059 137.682 -30.796 10.0 2.9 MW ISC
2002 04 07 0641 138.338 -32.888 13.0 2.6 MW ADE
2002 05 04 1847 138.745 -31.751 17.4 3.0 MW ADE
2002 05 06 0803 138.511 -31.052 8.9 2.7 MW ADE
2002 06 13 0241 139.337 -31.891 10.8 2.5 MW ADE
2002 07 03 1509 138.941 -34.398 5.8 2.5 MW ADE
2002 07 04 0410 138.566 -31.489 1.2 2.5 MW ADE
2002 07 23 1417 138.583 -33.449 11.5 2.5 MW ADE
2002 07 31 2358 138.682 -31.854 12.3 2.6 MW ADE
2002 08 01 1858 138.730 -32.289 11.8 3.0 MW ADE
2002 08 03 1113 138.327 -33.371 18.1 2.7 MW ADE
2002 08 18 0918 138.926 -32.298 13.7 2.7 MW ADE
2002 08 21 1322 138.696 -33.741 8.9 3.0 MW ADE
2002 08 26 0733 138.143 -31.885 10.3 2.8 MW ADE
2002 08 26 1959 137.708 -29.541 13.3 2.6 MW ADE
2002 08 28 0918 138.573 -31.684 12.0 2.6 MW ADE
2002 09 25 0251 139.266 -29.579 3.5 2.5 MW ADE
2002 09 29 0613 138.161 -32.528 18.4 2.8 MW ADE
2002 10 03 1815 138.452 -31.935 13.8 3.2 MW ADE
2002 10 19 0401 139.218 -33.966 7.7 2.6 MW ADE
2002 11 23 1326 138.374 -30.747 9.0 3.0 MW ADE
2002 12 09 1128 138.166 -31.846 11.2 3.0 MW ADE
2002 12 15 2145 138.495 -33.731 15.6 2.6 MW ADE
2002 12 24 1551 138.587 -33.436 16.9 2.5 MW ADE
2002 12 30 1801 138.613 -33.101 8.7 2.9 MW ADE
2003 01 11 0621 138.303 -33.341 6.7 2.8 MW ADE
2003 02 08 2231 138.417 -32.571 14.6 2.8 MW ADE
2003 02 16 1013 138.870 -31.575 23.1 2.6 MW ADE
2003 02 26 1118 138.399 -34.188 9.7 2.5 MW ADE
2003 04 20 0014 139.298 -34.040 13.9 2.6 MW ADE
2003 04 25 0338 138.113 -32.091 9.2 2.8 MW ADE
2003 05 02 1441 137.986 -33.878 19.2 3.0 MW ADE
2003 05 17 0452 139.037 -32.982 1.4 2.9 MW ADE
2003 06 15 1034 138.360 -31.802 12.5 2.8 MW ADE
2003 06 16 0559 138.533 -30.125 10.0 2.6 MW ISC
2003 06 16 1032 138.527 -33.480 8.3 2.6 MW ADE
2003 06 20 1719 138.240 -33.494 14.8 2.6 MW ADE
2003 06 23 0646 138.892 -33.521 10.8 2.7 MW ADE
2003 07 05 1709 139.204 -31.734 15.2 2.6 MW ADE
2003 07 07 2141 138.540 -31.085 24.2 3.0 MW ADE
2003 07 16 0321 139.173 -31.756 15.1 2.6 MW ADE
2003 08 13 1419 138.391 -33.193 16.2 2.9 MW ADE
2003 08 15 0159 138.428 -30.276 10.0 2.9 MW ISC
2003 08 23 1048 138.223 -32.024 11.6 2.7 MW ADE
2003 08 28 1754 138.504 -31.857 11.1 2.5 MW ADE
2003 08 29 0421 138.322 -32.808 18.4 3.0 MW ADE
2003 09 22 0849 138.390 -35.565 12.2 2.8 MW ADE
2003 10 05 2025 138.727 -31.328 19.6 2.8 MW ADE
2003 10 13 2249 138.976 -32.023 11.8 2.6 MW ADE
2003 10 20 0201 137.408 -29.385 17.2 3.2 MW ADE
2003 10 20 0726 139.362 -34.273 8.2 2.6 MW ADE
2003 10 21 0403 138.244 -32.875 18.7 2.6 MW ADE
2003 10 26 2027 138.639 -31.080 13.8 2.7 MW ADE
2003 11 04 1038 138.309 -33.060 15.3 2.6 MW ADE
2003 11 11 1919 138.614 -33.241 10.0 2.8 MW ADE
2003 11 22 1836 138.729 -31.645 15.8 3.7 MW ADE
2003 12 21 2006 138.544 -32.606 6.9 2.6 MW ADE
2003 12 25 1125 138.221 -32.749 9.0 2.5 MW ADE
2004 01 05 0055 138.418 -32.131 7.1 2.7 MW ADE
2004 01 08 1307 138.528 -32.595 15.3 2.7 MW ADE
2004 02 25 1123 138.802 -31.177 8.8 2.7 MW ADE
2004 03 09 2012 138.314 -31.085 15.8 2.6 MW ADE
2004 03 13 0443 138.399 -32.216 17.7 2.6 MW ADE
2004 03 29 2340 138.865 -31.296 9.6 2.5 MW ADE
2004 04 04 1150 138.151 -33.002 10.8 3.0 MW ADE
2004 04 04 1510 138.273 -32.126 16.4 3.0 MW ADE
2004 04 15 0554 138.756 -31.980 16.0 3.3 MW ADE
2004 04 18 0559 138.807 -30.127 10.0 2.6 MW ISC
2004 05 01 2115 139.028 -31.417 15.2 2.6 MW ADE
2004 05 07 1104 138.769 -33.576 11.3 2.5 MW ADE
2004 05 23 1835 139.174 -34.345 15.4 3.2 MW ADE
2004 05 26 2104 137.792 -29.562 14.2 2.6 MW ADE
2004 06 02 1327 138.266 -33.455 18.5 2.8 MW ADE
2004 06 11 0941 138.473 -32.665 55.0 2.8 MW ADE
2004 06 13 1015 138.257 -32.303 15.5 2.9 MW ADE
2004 06 21 1728 138.710 -31.319 10.9 2.6 MW ADE
2004 06 22 0639 138.659 -32.984 4.8 2.5 MW ADE
2004 07 07 0220 138.503 -31.534 9.9 2.8 MW ADE
2004 07 14 0406 139.207 -34.127 14.0 2.8 MW ADE
2004 07 16 2022 137.942 -32.714 12.0 2.6 MW ADE
2004 07 25 0224 138.150 -30.398 4.8 2.8 MW ADE
2004 07 30 2146 138.459 -31.122 8.3 3.1 MW ADE
2004 08 02 0825 138.594 -33.528 16.0 2.8 MW ADE
2004 08 16 1945 138.567 -31.109 20.4 3.1 MW ADE
2004 08 17 0906 137.978 -30.136 13.6 3.0 MW ADE
2004 10 05 0556 138.290 -32.931 12.5 2.7 MW ADE
2004 10 13 0037 139.174 -33.670 13.9 2.8 MW ADE
2004 10 16 1556 138.541 -31.015 8.0 2.8 MW ADE
2004 11 08 0732 138.933 -32.412 14.0 2.9 MW ADE
2004 11 23 1335 138.105 -32.396 16.7 3.2 MW ADE
2004 12 08 1706 138.320 -32.387 13.4 2.8 MW ADE
2004 12 13 1848 138.718 -32.361 9.4 3.2 MW ADE
2004 12 20 2307 138.480 -31.027 9.4 2.6 MW ADE
2005 01 01 0612 137.845 -29.764 10.0 2.7 MW ADE
2005 01 10 1305 138.590 -32.005 12.9 2.5 MW ADE
2005 01 12 2253 138.574 -33.097 7.4 2.9 MW ADE
2005 01 19 0529 138.332 -30.894 12.0 2.8 MW ADE
2005 02 05 0250 139.461 -34.154 9.7 2.7 MW ADE
2005 02 19 1858 138.828 -32.284 4.4 2.7 MW ADE
2005 02 26 2229 139.995 -32.913 8.3 2.7 MW ADE
2005 03 04 0038 139.712 -30.788 7.3 3.2 MW ADE
2005 03 29 1246 137.759 -35.452 10.1 2.8 MW ADE
2005 04 06 0609 138.149 -32.309 9.1 2.9 MW ADE
2005 04 20 0038 139.488 -33.905 8.3 2.5 MW ADE
2005 05 02 1942 138.883 -31.443 14.3 2.8 MW ADE
2005 05 14 1953 139.106 -30.987 19.7 4.1 MW ADE
2005 05 14 2139 138.846 -30.402 9.1 2.7 MW ADE
2005 05 14 2331 139.368 -30.971 10.0 2.5 MW ADE
2005 05 19 1204 138.235 -33.286 5.8 2.6 MW ADE
2005 05 28 0154 137.686 -35.076 13.3 2.8 MW ADE
2005 06 01 0459 138.174 -33.386 12.4 2.6 MW ADE
2005 06 07 1738 138.545 -30.995 13.1 2.5 MW ADE
2005 06 08 2100 139.993 -32.891 5.5 3.3 MW ADE
2005 06 23 0146 138.545 -30.784 16.1 2.6 MW ADE
2005 07 12 0757 138.578 -31.558 12.9 3.0 MW ADE
2005 07 22 0940 139.223 -30.645 19.9 2.7 MW ADE
2005 08 16 0733 139.371 -34.119 15.2 3.0 MW ADE
2005 08 24 0337 138.738 -32.322 8.4 3.2 MW ADE
2005 08 25 0244 138.818 -33.092 7.5 2.6 MW ADE
2005 08 30 0859 138.628 -31.413 8.9 2.7 MW ADE
2005 09 02 0844 138.919 -31.341 11.1 2.5 MW ADE
2005 09 03 1109 138.780 -34.647 11.7 2.5 MW ADE
2005 09 04 0311 137.511 -29.604 4.6 2.9 MW ADE
2005 09 18 1036 138.593 -32.739 10.3 3.1 MW ADE
2005 09 29 2150 138.746 -31.821 10.5 2.6 MW ADE
2005 10 01 0536 138.486 -33.358 7.0 2.5 MW ADE
2005 10 09 0325 138.846 -32.424 15.9 2.7 MW ADE
2005 10 14 0533 138.881 -33.700 12.5 3.0 MW ADE
2005 10 28 0105 139.067 -30.046 9.8 2.7 MW ADE
2005 11 14 1403 139.121 -30.493 9.4 2.6 MW ADE
2005 11 16 1949 138.214 -32.885 7.0 2.6 MW ADE
2005 11 23 0708 138.031 -32.563 8.7 2.6 MW ADE
2005 11 30 0746 138.334 -33.066 8.9 2.6 MW ADE
2005 12 25 1631 138.397 -32.605 9.3 2.6 MW ADE
2006 01 08 2202 139.164 -31.670 10.4 3.2 MW ADE
2006 02 09 0416 138.239 -32.856 13.2 3.6 MW ADE
2006 02 16 1524 138.325 -31.172 11.5 2.9 MW ADE
2006 02 18 1716 138.573 -32.804 16.5 2.9 MW ADE
2006 03 23 1614 138.648 -31.350 12.1 2.7 MW ADE
2006 03 23 2322 138.468 -33.357 10.5 2.5 MW ADE
2006 04 04 1006 138.754 -33.430 10.0 3.3 MW ADE
2006 04 09 1631 138.825 -31.317 14.3 2.6 MW ADE
2006 04 12 0316 138.870 -33.509 4.6 2.8 MW ADE
2006 05 03 1345 138.383 -30.708 3.4 3.0 MW ADE
2006 05 06 0307 138.716 -32.750 9.2 2.6 MW ADE
2006 05 14 0434 139.241 -33.565 14.0 3.0 MW ADE
2006 05 22 0324 138.701 -32.689 5.7 2.6 MW ADE
2006 05 28 2323 138.857 -32.226 7.4 2.6 MW ADE
2006 05 30 0346 138.176 -30.481 20.5 2.7 MW ADE
2006 06 15 0801 139.173 -32.121 11.0 3.6 MW ADE
2006 06 15 1745 138.370 -32.650 12.3 2.6 MW ADE
2006 07 07 2348 138.672 -31.391 20.2 3.8 MW ADE
2006 07 11 1616 138.508 -35.421 11.4 2.6 MW ADE
2006 07 15 1448 138.763 -32.988 4.3 2.9 MW ADE
2006 07 27 1038 139.231 -31.265 10.0 3.6 MW ADE
2006 07 28 0828 138.674 -30.070 13.5 2.7 MW ADE
2006 08 12 0220 138.061 -32.816 12.3 3.5 MW ADE
2006 08 23 2151 139.015 -33.729 14.0 2.5 MW ADE
2006 08 26 1201 139.144 -33.968 7.8 2.8 MW ADE
2006 08 30 0518 138.115 -32.717 9.2 2.6 MW ADE
2006 09 09 1031 139.115 -31.095 13.3 2.5 MW ADE
2006 09 10 1048 137.882 -29.889 10.7 2.8 MW ADE
2006 09 17 1246 138.019 -33.084 9.4 2.6 MW ADE
2006 10 31 0359 138.564 -31.248 13.1 2.8 MW ADE
2006 11 06 1255 138.700 -31.380 11.7 2.8 MW ADE
2006 12 14 1318 139.067 -34.063 11.7 2.5 MW ADE
2007 01 01 1418 138.587 -31.057 20.6 2.8 MW ADE
2007 01 17 0820 138.209 -32.743 6.6 2.8 MW ADE
2007 01 28 2031 138.628 -30.801 14.7 3.2 MW ADE
2007 02 04 0718 138.265 -32.419 17.4 2.6 MW ADE
2007 02 26 2016 138.903 -34.555 4.7 2.5 MW ADE
2007 03 26 0806 138.253 -32.070 13.7 2.5 MW ADE
2007 03 30 1521 138.665 -31.580 11.2 2.6 MW ADE
2007 04 08 1811 138.480 -33.348 11.7 2.5 MW ADE
2007 06 10 1027 138.363 -32.694 11.7 2.6 MW ADE
2007 07 06 1847 138.472 -35.297 10.8 2.8 MW ADE
2007 07 08 1817 138.105 -35.602 12.0 2.9 MW ADE
2007 07 08 2035 138.390 -33.071 15.1 3.1 MW ADE
2007 07 13 0757 139.367 -31.778 11.4 2.5 MW ADE
2007 07 24 0303 137.529 -29.909 9.4 2.6 MW ADE
2007 08 03 1537 139.057 -33.864 9.8 2.6 MW ADE
2007 09 02 1709 139.040 -31.550 7.5 2.6 MW ADE
2007 09 05 1845 138.758 -31.905 12.0 2.5 MW ADE
2007 09 16 2318 138.581 -31.367 34.0 4.0 MW ADE
2007 09 17 1959 138.659 -32.261 3.2 2.8 MW ADE
2007 09 19 0711 138.260 -32.800 13.7 3.0 MW ADE
2007 09 19 2044 138.269 -30.264 13.9 2.8 MW ADE
2007 10 21 1403 137.815 -30.092 9.9 2.9 MW ADE
2007 10 30 1226 138.471 -33.373 12.3 3.2 MW ADE
2007 11 15 0517 138.274 -32.718 17.3 2.6 MW ADE
2007 11 15 1405 138.622 -33.487 14.7 2.7 MW ADE
2007 12 19 1002 138.114 -32.363 1.6 2.6 MW ADE
2007 12 26 1536 138.363 -32.077 15.6 4.3 MW ADE
2007 12 30 0749 139.066 -31.547 7.8 2.8 MW ADE
2008 01 23 1936 138.672 -33.139 9.6 2.8 MW ADE
2008 01 26 2321 138.274 -33.085 14.4 2.6 MW ADE
2008 02 12 0012 138.332 -32.919 5.5 3.0 MW ADE
2008 02 16 2005 138.531 -33.421 11.3 2.8 MW ADE
2008 02 21 1609 138.259 -32.714 11.5 2.5 MW ADE
2008 03 07 0132 138.469 -33.340 14.6 2.8 MW ADE
2008 03 09 0703 138.724 -31.649 9.1 2.6 MW ADE
2008 03 23 2000 138.248 -33.468 16.1 3.3 MW ADE
2008 04 03 1118 138.362 -32.559 15.9 2.6 MW ADE
2008 04 08 1233 138.653 -31.437 13.5 2.8 MW ADE
2008 05 06 0551 138.953 -31.054 17.8 2.5 MW ADE
2008 05 12 1944 138.362 -32.866 12.6 3.2 MW ADE
2008 05 13 1901 138.880 -31.325 16.5 2.6 MW ADE
2008 05 17 1234 137.651 -29.425 26.5 2.6 MW ADE
2008 05 19 1530 139.438 -34.108 10.4 2.5 MW ADE
2008 05 29 0535 138.814 -31.814 11.8 3.0 MW ADE
2008 05 29 1005 138.520 -31.667 7.2 2.8 MW ADE
2008 06 25 2034 138.629 -31.604 12.8 2.8 MW ADE
2008 07 01 0650 138.691 -33.079 5.3 3.2 MW ADE
2008 07 07 0658 139.276 -33.216 6.1 2.6 MW ADE
2008 07 25 1126 138.110 -30.199 11.6 3.2 MW ADE
2008 07 27 0734 138.290 -32.701 16.7 3.1 MW ADE
2008 08 15 0030 138.124 -32.956 9.7 2.8 MW ADE
2008 08 30 0510 137.898 -30.097 10.3 2.8 MW ADE
2008 09 06 1053 138.713 -31.947 9.3 2.5 MW ADE
2008 09 14 2321 138.291 -32.798 3.3 2.5 MW ADE
2008 10 07 0838 138.316 -33.049 10.5 2.8 MW ADE
2008 10 07 1238 138.634 -32.078 11.2 3.1 MW ADE
2008 10 18 0202 138.781 -32.933 8.3 3.2 MW ADE
2008 10 18 1140 138.424 -33.232 11.8 2.5 MW ADE
2008 10 30 1149 139.141 -31.158 10.3 2.7 MW ADE
2008 11 16 0202 138.751 -31.478 16.6 3.9 MW ADE
2008 11 26 1353 138.763 -31.649 18.9 2.8 MW ADE
2008 12 04 1635 138.414 -33.401 11.4 3.2 MW ADE
2008 12 19 0751 138.624 -32.150 9.5 2.6 MW ADE
2008 12 25 1109 138.619 -31.486 17.5 3.0 MW ADE
2008 12 25 2250 139.177 -31.540 15.0 2.6 MW ADE
2008 12 28 1402 138.231 -32.696 11.9 3.1 MW ADE
2008 12 31 1139 138.495 -31.722 16.0 2.9 MW ADE
2009 01 02 1251 138.921 -33.030 5.7 3.2 MW ADE
2009 01 15 1015 138.399 -32.045 13.8 3.1 MW ADE
2009 01 17 0231 138.321 -32.872 16.2 2.8 MW ADE
2009 01 19 0435 138.933 -31.960 16.7 2.8 MW ADE
2009 01 20 0605 138.812 -32.025 11.6 2.6 MW ADE
2009 01 22 1008 138.857 -31.396 10.3 2.6 MW ADE
2009 01 26 0029 138.988 -32.763 8.3 3.9 MW ADE
2009 01 30 0817 138.983 -30.977 17.7 3.0 MW ADE
2009 02 18 0325 138.415 -32.163 21.0 3.2 MW ADE
2009 02 27 1713 138.009 -29.488 38.0 3.0 MW ADE
2009 03 04 2320 138.170 -32.672 20.4 3.3 MW ADE
2009 03 05 2013 138.604 -31.482 11.9 3.2 MW ADE
2009 03 15 0326 139.029 -33.052 4.9 2.5 MW ADE
2009 03 15 1025 138.704 -33.097 6.3 2.7 MW ADE
2009 04 02 2151 138.777 -34.291 6.3 2.6 MW ADE
2009 04 09 0603 138.132 -33.256 15.1 2.6 MW ADE
2009 04 12 1636 138.294 -33.047 12.4 2.6 MW ADE
2009 04 22 1710 138.448 -32.802 11.7 2.6 MW ADE
2009 04 23 1619 138.351 -33.329 13.2 2.5 MW ADE
2009 04 30 2346 138.515 -33.751 9.8 2.5 MW ADE
2009 05 29 1445 138.189 -31.070 9.9 3.5 MW ADE
2009 06 02 1938 138.143 -32.529 14.4 2.6 MW ADE
2009 07 09 1925 138.749 -32.772 1.9 2.6 MW ADE
2009 07 09 2216 138.564 -34.188 10.1 2.8 MW ADE
2009 07 10 1220 138.720 -31.652 22.2 2.8 MW ADE
2009 07 26 2013 138.270 -32.084 10.0 2.8 MW ADE
2009 08 15 1954 138.765 -31.774 19.9 3.3 MW ADE
2009 08 25 0947 138.174 -32.741 10.3 2.8 MW ADE
2009 09 22 0009 138.247 -31.901 22.4 2.6 MW ADE
2009 09 29 2241 138.758 -32.798 8.0 2.6 MW ADE
2009 10 13 0753 138.077 -32.294 15.9 2.6 MW ADE
2009 10 15 1204 138.056 -32.876 11.6 2.7 MW ADE
2009 10 26 2241 139.070 -32.719 1.8 3.5 MW ADE
2009 11 03 0604 138.278 -35.375 10.3 3.4 MW ADE
2009 11 12 2012 138.567 -33.651 16.7 2.5 MW ADE
2009 11 23 1858 138.445 -33.212 10.7 2.6 MW ADE
2009 11 26 1238 138.331 -33.571 9.7 3.2 MW ADE
2009 12 08 0302 138.670 -33.042 5.4 2.5 MW ADE
2009 12 19 1605 138.793 -34.238 10.4 2.9 MW ADE
2009 12 25 1355 138.604 -33.520 14.9 2.7 MW ADE
2009 12 29 1028 138.821 -31.831 10.4 2.6 MW ADE
2010 01 15 0446 138.645 -31.730 18.8 2.5 MW ADE
2010 02 03 1345 138.588 -33.544 0.0 2.6 MW ADE
2010 02 19 0914 138.845 -32.044 0.0 2.6 MW ADE
2010 05 27 1108 139.600 -34.005 10.0 2.9 MW AUST
2010 06 04 1858 138.365 -32.762 19.5 2.5 MW AUST
2010 07 15 1826 138.659 -31.609 10.0 3.5 MW AUST
2010 07 26 2057 138.804 -31.769 10.0 2.7 MW AUST
2010 07 28 0346 139.038 -31.291 0.0 2.9 MW AUST
2010 07 30 2129 138.141 -32.175 10.0 3.8 MW AUST
2010 08 01 1407 138.230 -32.057 10.0 2.6 MW AUST
